79.17982058 28.10826237 14.17980758 0.27081727 0.06457165 1.69668233 0.46272258
94.39392276 22.87022438 19.37723542 0.30575644 0.05191747 0.38696366 0.15539047
80.76812790 27.01184474 13.52251758 0.27000648 0.05023948 1.73025860 0.41406140
33.41330888 3.48626067 2.00899725 0.03419794 0.10029991 0.33533272 0.33533272
29.41347639 2.50630172 1.55901609 0.02429835 0.08530054 0.23533691 0.23533691
95.65152051 24.27513366 19.06173144 0.31272490 0.05079979 0.50499946 0.36002120
47.83241037 7.01894054 3.63114617 0.06988522 0.15437154 0.69581026 0.69581026
30.61517673 2.80071830 1.69420738 0.02727256 0.08980691 0.26537942 0.26537942
37.53406981 4.49584710 2.47258285 0.04439682 0.11575276 0.43835175 0.43835175
52.86334866 8.25152042 4.19712672 0.08233679 0.17323756 0.82158372 0.82158372
75.63011567 30.13756635 14.01907489 0.24539912 0.06433081 1.71365784 0.27235326
79.06160084 29.11971355 14.69378110 0.23738943 0.05388439 1.38442261 0.51645544
79.36347319 24.89172200 18.00784164 0.26696212 0.06034358 0.77773076 0.70800703
89.80759682 22.23639219 18.06352790 0.32749863 0.05488451 0.43800272 0.40588197
93.07708584 25.31329910 19.34762782 0.29756715 0.05431011 0.76922108 0.30396750
97.88022238 23.31027526 19.54745679 0.31142014 0.05724127 0.83503146 0.25283996
25.35207316 1.51125792 1.10210823 0.01424638 0.07007027 0.13380183 0.13380183
89.38149044 25.04746254 17.36577933 0.27917236 0.06814527 0.92587763 0.19547071
72.26293480 30.67854254 14.45080666 0.24804009 0.06471141 1.45347557 0.53740701
88.31876550 23.87136207 18.55461066 0.28044207 0.06532033 1.05522517 0.35721702
79.86045314 23.80151165 17.50287658 0.32995987 0.06360039 0.55807103 0.57849838
58.48743160 9.62942074 4.82983606 0.09625639 0.19432787 0.96218579 0.96218579
86.19519808 23.15068333 19.75317847 0.33123569 0.05145122 0.51588974 0.43704722
85.10686919 22.36059854 18.18381463 0.28446541 0.05494157 0.94752810 0.38312993
46.84741975 6.77761784 3.52033472 0.06744736 0.15067782 0.67118549 0.67118549
27.72685822 2.09308026 1.36927155 0.02012397 0.07897572 0.19317146 0.19317146
56.18708552 9.06583595 4.57104712 0.09056304 0.18570157 0.90467714 0.90467714
98.63756906 24.32336346 20.15609360 0.31408102 0.06521462 0.60680935 0.22787939
43.60388801 5.98295256 3.15543740 0.05941962 0.13851458 0.59009720 0.59009720
73.13932916 27.11123622 18.25064769 0.28077451 0.07664117 0.73445112 0.70154474
31.95677175 3.12940908 1.84513682 0.03059301 0.09483789 0.29891929 0.29891929
73.32929046 29.67091701 14.59410529 0.24230576 0.05151228 1.43499823 0.50053190
81.68589788 21.86679137 18.06076746 0.30277554 0.05995387 0.91004700 0.39261872
86.72768612 22.10616362 20.15201133 0.34185720 0.05807837 0.42635735 0.44586342
94.57497023 20.86741023 19.73290389 0.29629358 0.05365488 0.30302895 0.24797180
75.12695564 23.25574786 17.53816815 0.28451075 0.05543485 0.76076613 0.65443846
48.35884985 7.14791821 3.69037061 0.07118815 0.15634569 0.70897125 0.70897125
75.55303134 28.41038306 14.26021837 0.27138770 0.06221050 1.72133800 0.46541228
88.74043711 22.38674366 17.96393856 0.28820896 0.05642577 0.61335441 0.18655589
96.26316173 23.16752930 19.71379283 0.29953918 0.05996335 0.36373403 0.29685813
88.44385006 21.56661220 17.53828932 0.30432859 0.05348297 0.87078099 0.38163942
89.36210613 23.21484894 17.69183668 0.30517616 0.06470202 1.13063270 0.34532681
24.85982042 1.39065600 1.04672980 0.01302806 0.06822433 0.12149551 0.12149551
105.78852219 14.45730290 18.10384126 0.21993748 0.07019509 1.77456309 0.41258210
79.10126108 27.83194813 13.38167751 0.27887636 0.05321379 1.72000464 0.31869369
94.89524445 22.41536487 20.04608385 0.29194067 0.07180502 0.33651910 0.17443526
83.23501411 23.68167648 17.47817737 0.30042731 0.05748218 1.05430207 0.37075360
94.63485540 23.00826490 19.88647151 0.31556508 0.05717703 0.73030379 0.42801946
72.56468966 30.75324032 13.98200086 0.23905173 0.06127033 1.41409578 0.57490642
32.46643657 3.25427696 1.90247411 0.03185443 0.09674914 0.31166091 0.31166091
75.44354088 29.74843832 14.22004844 0.25795025 0.06029473 1.68350707 0.40645158
29.72755634 2.58325130 1.59435009 0.02507570 0.08647834 0.24318891 0.24318891
85.61021795 23.15083324 17.81077647 0.30144467 0.05945593 0.63555229 0.28215959
107.47968841 16.06318011 18.65397130 0.22577000 0.05382446 1.74226598 0.38847086
73.67790590 29.55329027 14.36467449 0.23851082 0.05120086 1.40975388 0.44779056
88.92251135 22.71003074 19.73227733 0.32616028 0.05855553 0.52221095 0.35979244
85.48185465 25.20776259 17.38614823 0.27832180 0.06096721 0.92847864 0.27218082
71.06106529 30.70259844 14.80024531 0.22473182 0.05014049 1.57066421 0.38530143
88.14083299 24.24815271 18.20211524 0.28143193 0.05926579 1.13768668 0.44053039
93.71242416 21.95681851 19.08473227 0.31169790 0.06622229 0.54286792 0.29787614
90.51902649 23.69328220 18.47547007 0.32897259 0.05593076 0.76910327 0.35558616
44.80976596 6.27839266 3.29109867 0.06240417 0.14303662 0.62024415 0.62024415
57.37416974 9.35667159 4.70459410 0.09350107 0.19015314 0.93435424 0.93435424
70.89525690 30.08123648 14.33992555 0.22953583 0.05804285 1.56318120 0.48629558
23.86189360 1.14616393 0.93446303 0.01055819 0.06448210 0.09654734 0.09654734
96.42001957 22.45492291 19.60541931 0.29999260 0.05934125 0.36980789 0.20390679
72.24985443 26.62781739 18.21506804 0.29162225 0.05540770 0.80305870 0.68821590
94.02836210 23.24790087 19.45504890 0.32289854 0.05220966 0.88429680 0.48959638
65.89011920 31.07971594 16.14620075 0.15559918 0.05675739 1.70046822 1.13215975
85.13575380 22.78469107 17.97023631 0.32800038 0.05227689 0.54282148 0.50908210
90.07032199 22.66580950 18.03471443 0.30167081 0.05311630 0.66101002 0.17670923
57.35584671 31.02062909 14.87814153 0.16959747 0.05262866 1.79128266 1.06022343
94.59221132 23.41530999 20.06400078 0.29458433 0.05586648 0.67123431 0.26342874
88.26289706 22.86873484 18.23027428 0.31785095 0.05078538 0.44020387 0.27765131
91.28391076 22.53772770 18.58868917 0.32600384 0.05242346 0.44766139 0.39747869
88.66676355 22.55073161 17.88494664 0.30625210 0.05638672 0.88143553 0.26877689
98.51875878 22.52405319 19.49745056 0.30052526 0.05388227 0.31532148 0.24583196
75.27142669 26.92922714 18.40470131 0.28446265 0.05868854 0.73530765 0.72100616
28.05880864 2.17440812 1.40661597 0.02094555 0.08022053 0.20147022 0.20147022
31.87742371 3.10996881 1.83621017 0.03039662 0.09454034 0.29693559 0.29693559
90.35947821 23.58676477 17.46598876 0.31462216 0.06258456 1.13611550 0.24435741
76.39532225 29.05490197 14.02462391 0.26542441 0.05712152 1.76031478 0.49119618
76.02093125 29.90982574 14.62269051 0.25213711 0.06370617 1.63553564 0.27666043
86.56449089 23.78593066 18.13439981 0.29017863 0.05440580 1.00900061 0.42259756
25.02613676 1.43140351 1.06544039 0.01343969 0.06884801 0.12565342 0.12565342
75.19730131 29.85192670 13.94452532 0.23839967 0.06561687 1.46965420 0.30978529
84.51279346 22.43211418 18.64837907 0.29080367 0.05882011 0.75859165 0.13730028
109.99549539 15.73553955 18.43214186 0.23138277 0.07317630 1.83715249 0.31190460
59.98793926 31.69613058 14.67249495 0.16646620 0.06781173 1.84457529 0.97110623
92.51824064 22.74019732 20.06564581 0.31982949 0.05953518 0.42928946 0.34971051
87.65524821 22.45324555 17.95366441 0.30728340 0.05371766 1.17838539 0.31721123
97.71094409 22.36450918 19.71231242 0.29418504 0.06847522 0.35715473 0.20989994
81.74204491 26.78798654 18.07207333 0.26113735 0.06906135 0.67384469 0.68710981
95.50365034 24.03529582 19.23405311 0.30273892 0.05765381 0.76135616 0.39503858
74.20431658 29.44534569 14.66614052 0.23676688 0.06152505 1.27078373 0.38557658
73.46195325 30.44963297 14.32427625 0.24223880 0.07143363 1.41051839 0.47345672
23.21096201 0.98668569 0.86123323 0.00894713 0.06204111 0.08027405 0.08027405
69.79740418 30.69892229 15.07107507 0.24051413 0.05390163 1.54731854 0.43204129
96.12609053 23.36228988 19.57502055 0.29688595 0.05464197 0.55971437 0.33102117
92.84225879 24.66161152 19.09988269 0.30672816 0.05726918 0.76317313 0.32460141
98.86071614 22.79828807 19.27756830 0.29110852 0.06390443 0.35863775 0.17552332
41.63697075 5.50105783 2.93415921 0.05455150 0.13113864 0.54092427 0.54092427
59.13955342 9.78919059 4.90319976 0.09787039 0.19677333 0.97848884 0.97848884
88.04750002 22.34778747 17.41552938 0.30342775 0.05637383 0.98361444 0.42687176
78.26765215 24.17398826 17.43137233 0.28686858 0.05521387 0.74377729 0.69567621
56.65882773 9.18141279 4.62411812 0.09173060 0.18747060 0.91647069 0.91647069
57.22683885 9.32057552 4.68801937 0.09313643 0.18960065 0.93067097 0.93067097
85.77222177 24.32716286 17.09721785 0.27177977 0.05852800 0.90457525 0.25879805
84.49114692 23.44928337 17.14847305 0.31493775 0.05950350 1.12590395 0.35726127
40.51439071 5.22602572 2.80786896 0.05177312 0.12692897 0.51285977 0.51285977
81.33272625 24.89313303 17.62621809 0.29194487 0.05675336 0.73256611 0.78105550
56.06641700 9.03627216 4.55747191 0.09026438 0.18524906 0.90166042 0.90166042
58.16780931 9.55111328 4.79387855 0.09546533 0.19312928 0.95419523 0.95419523
96.88486588 23.47553848 19.74257557 0.30939675 0.06243776 0.34306962 0.29665488
26.08269092 1.69025928 1.18430273 0.01605466 0.07281009 0.15206727 0.15206727
29.65658867 2.56586422 1.58636623 0.02490006 0.08621221 0.24141472 0.24141472
83.04837616 23.34992878 17.29172707 0.29777260 0.06046612 0.98814352 0.39649401
95.90922507 23.72196536 19.55170892 0.32424973 0.07116936 0.96750106 0.31533300
77.17346255 24.66150531 17.91078002 0.29128123 0.06413152 0.71675666 0.58679510
86.80889663 23.16513092 19.29517792 0.32223960 0.05177812 0.61624130 0.49686801
72.72482040 24.55925637 17.44868689 0.29504322 0.07456567 0.74981616 0.65468127
51.47181299 7.91059418 4.04057896 0.07889274 0.16801930 0.78679532 0.78679532
74.72820828 24.29674483 18.12372748 0.25841091 0.05910115 0.77393365 0.78731217
73.44957700 26.61519877 18.12339232 0.27018108 0.05161133 0.77869338 0.76937989
93.91534998 24.03400895 20.02724643 0.31415353 0.06191661 0.34401040 0.22750801
93.25677826 22.26046898 19.99600705 0.29902970 0.05783557 0.39486383 0.30988139
83.84296600 24.02290532 17.36817337 0.29534661 0.05201274 0.97970004 0.40456790
70.50105127 30.32504621 14.58988571 0.23182904 0.06914936 1.48615342 0.49693633
