110.55628268 15.59173009 15.34072237 0.16617355 0.05135869 0.63987878 0.55123356
58.54891150 9.64448332 4.83675254 0.09640856 0.19455842 0.96372279 0.96372279
90.95775951 21.14932509 11.68548849 0.18740334 0.06525732 0.91510477 0.51046806
64.62870606 29.48120040 13.32881700 0.07063998 0.05174802 1.20244705 1.06108673
97.12675897 18.27549527 11.70430306 0.18185924 0.05081079 1.08132223 0.21525037
71.61585673 25.02500619 13.71648223 0.09671875 0.05370940 1.37391581 1.17512716
58.87419503 9.72417778 4.87334694 0.09721363 0.19577823 0.97185488 0.97185488
130.17512334 14.71589657 16.19869860 0.17057968 0.05194276 0.62206104 0.57763320
72.84194747 26.16573733 13.33290730 0.08738191 0.05263978 1.37813791 1.25928768
42.67343685 5.75499203 3.05076165 0.05711676 0.13502539 0.56683592 0.56683592
70.92682614 28.68779403 13.07169966 0.09392927 0.06606812 1.45972692 1.12158770
43.54201415 5.96779347 3.14847659 0.05926649 0.13828255 0.58855035 0.58855035
21.98488552 0.68629695 0.72329962 0.00591259 0.05744332 0.04962214 0.04962214
79.53719086 26.81572854 11.39289115 0.09623612 0.06418567 1.45668228 1.11126202
115.98238307 15.36718171 15.14802401 0.15813437 0.06281559 0.78018825 0.44367803
116.36306125 16.77020689 15.57149332 0.14432808 0.05310740 0.63896180 0.38587881
70.99988793 25.50261840 13.18879126 0.10231362 0.06831452 1.47289137 1.06544245
55.77022819 8.96370591 4.52415067 0.08953131 0.18413836 0.89425570 0.89425570
66.29685203 29.54386635 12.90023962 0.08718522 0.06335374 1.44310125 0.99532403
122.43952510 14.65865033 15.66682766 0.16346830 0.06356295 0.79483821 0.45752658
38.10493625 4.63570938 2.53680533 0.04580972 0.11789351 0.45262341 0.45262341
73.00296206 25.88921072 13.34450462 0.08962597 0.06407974 1.46845317 1.19500471
41.88323554 5.56139271 2.96186400 0.05516101 0.13206213 0.54708089 0.54708089
64.81553619 30.08657967 13.25228745 0.08149867 0.05582402 1.27691044 1.05150271
116.55594213 14.43625523 15.14013414 0.15983670 0.06976963 0.17296339 0.34535410
111.31970275 16.60303386 12.45122093 0.18521284 0.05448880 0.30729701 0.29820676
130.61987364 15.26162611 15.95519641 0.14679619 0.05175636 0.51025185 0.42487367
58.91993508 9.73538409 4.87849270 0.09732684 0.19594976 0.97299838 0.97299838
43.81464318 6.03458758 3.17914736 0.05994124 0.13930491 0.59536608 0.59536608
118.35736152 14.54887586 15.89275186 0.16364960 0.06975513 0.61634380 0.24708640
57.94515155 9.49656213 4.76882955 0.09491425 0.19229432 0.94862879 0.94862879
91.73423381 21.59075795 11.17541924 0.18938345 0.06918079 0.73011880 0.51599808
84.06467109 26.22373232 12.02790310 0.12280539 0.05247421 1.36350355 1.12243708
24.79602028 1.37502497 1.03955228 0.01287015 0.06798508 0.11990051 0.11990051
28.62803369 2.31386825 1.47065379 0.02235438 0.08235513 0.21570084 0.21570084
51.95110024 8.02801956 4.09449878 0.08007897 0.16981663 0.79877751 0.79877751
70.41900890 28.99759534 12.96578803 0.10823261 0.05525201 1.24955646 1.03951545
82.68074603 26.11044179 12.08658652 0.12590302 0.05047678 1.35172720 1.16917583
53.26632205 8.35024890 4.24246123 0.08333415 0.17474871 0.83165805 0.83165805
121.47779832 14.55657882 14.74868387 0.16793361 0.05548139 0.69903023 0.44901365
93.38894499 18.89181782 12.54162974 0.20044984 0.06213443 0.90384104 0.50626161
97.65321918 19.75199360 11.35371015 0.17533825 0.05291198 1.12032422 0.06887208
113.10314591 13.50707111 16.16819375 0.16211036 0.05551481 0.76550168 0.37310816
115.72475065 14.86777460 16.34538836 0.15742932 0.05187702 0.62027320 0.38751534
43.53390881 5.96580766 3.14756474 0.05924642 0.13825216 0.58834772 0.58834772
91.25815419 18.68862030 11.85294038 0.18375594 0.05105976 1.15099040 0.15296139
102.12492206 15.03628130 14.03272195 0.17351436 0.05328971 0.33091298 0.49793144
96.31307451 19.30952405 12.76085300 0.18802977 0.06839143 0.96242516 0.67435286
97.26642359 20.04750683 12.52767978 0.18741679 0.05333928 0.82413302 0.39549145
111.31287674 15.47938015 13.72875931 0.16119010 0.05789404 0.23283436 0.33395091
20.92390974 0.42635789 0.60393985 0.00328668 0.05346466 0.02309774 0.02309774
102.66763474 15.66159582 14.52618493 0.17300494 0.05406212 0.32022540 0.50091211
112.64845897 18.33403739 12.06451122 0.18457739 0.05581335 1.34664283 0.15520512
50.67949182 7.71647550 3.95144283 0.07693174 0.16504809 0.76698730 0.76698730
48.04087624 7.07001468 3.65459858 0.07040117 0.15515329 0.70102191 0.70102191
118.83458608 15.99588687 15.41021746 0.16906200 0.05403070 0.64908872 0.52199713
95.27857430 19.65895171 12.19699021 0.17367921 0.05688704 0.78852513 0.52095045
121.56656217 14.04924415 15.16346438 0.15059369 0.05998219 0.71378842 0.27668155
27.55717458 2.05150777 1.35018214 0.01970401 0.07833940 0.18892936 0.18892936
36.97624348 4.35917965 2.40982739 0.04301620 0.11366091 0.42440609 0.42440609
98.53293977 19.88646654 11.99930801 0.18333135 0.05289626 0.81214554 0.45167610
39.67527993 5.02044358 2.71346899 0.04969632 0.12378230 0.49188200 0.49188200
107.80504832 19.40720142 11.88875061 0.17238706 0.05823460 1.44162958 0.27015162
114.94635530 14.25245681 15.94252140 0.15715401 0.07150214 0.74630417 0.51483496
118.68663400 14.90626149 16.30793357 0.16239526 0.05269090 0.55615123 0.48248272
97.19954253 19.45610406 12.26921343 0.18728728 0.05915725 0.97296813 0.72263971
89.66203989 21.65797063 11.35099013 0.19317690 0.06156066 0.87340979 0.65601701
95.84403373 20.17732156 12.05252169 0.17321624 0.05657809 1.08341607 0.68158632
23.61220207 1.08498951 0.90637273 0.00994020 0.06354576 0.09030505 0.09030505
54.64233061 8.68737100 4.39726219 0.08673977 0.17990874 0.86605827 0.86605827
120.35741643 14.07017721 15.74250992 0.16169134 0.05141466 0.51502419 0.36629113
89.30056137 19.20301495 12.02448778 0.18792416 0.05805843 1.24350869 0.16947172
39.49820739 4.97706081 2.69354833 0.04925806 0.12311828 0.48745518 0.48745518
120.15424631 16.10803548 15.40323747 0.16679993 0.05764254 0.65106872 0.50112264
24.79674850 1.37520338 1.03963421 0.01287195 0.06798781 0.11991871 0.11991871
114.71688361 13.69062351 15.78864012 0.15585075 0.05993856 0.74933152 0.50511374
115.69981892 15.48869572 15.34740968 0.15538957 0.05566886 0.69500922 0.52270691
35.94425066 4.10634141 2.29372820 0.04046202 0.10979094 0.39860627 0.39860627
123.34485720 13.94056562 15.10029717 0.15555705 0.05167706 0.79030853 0.27416990
53.73610122 8.46534480 4.29531139 0.08449685 0.17651038 0.84340253 0.84340253
67.99878111 29.19182923 13.11278423 0.09364812 0.05282432 1.16472788 1.02631493
91.42438987 21.96700682 11.11997333 0.19161641 0.05247367 0.81194940 0.58789402
63.67958857 29.24134262 12.84643130 0.09765015 0.06015632 1.25196066 0.95374315
25.50605425 1.54898329 1.11943110 0.01462748 0.07064770 0.13765136 0.13765136
117.91443108 13.08117521 15.99594103 0.14459350 0.07209587 0.84306492 0.51184480
113.59666150 15.15812655 14.88671391 0.14069916 0.07762833 0.15580704 0.29709326
23.76809514 1.12318331 0.92391070 0.01032604 0.06413036 0.09420238 0.09420238
118.28875758 14.37079982 14.67073136 0.19056059 0.06788602 0.71343803 0.37740224
43.27152118 5.90152269 3.11804613 0.05859701 0.13726820 0.58178803 0.58178803
93.61781399 19.44798626 12.02451923 0.18562945 0.06234225 1.17151337 0.21113249
83.23153334 25.80836542 11.86352095 0.12431362 0.05300910 1.35351386 1.18302754
110.40042181 13.15118885 14.33860646 0.20245593 0.05068625 0.35628806 0.29125544
104.14868386 19.61749038 11.67433664 0.17467352 0.06683555 1.39212166 0.28822943
34.63118825 3.78464112 2.14600868 0.03721219 0.10486696 0.36577971 0.36577971
117.89808707 15.37809657 15.09203132 0.16354681 0.05542501 0.76477470 0.40576751
122.13300066 15.02867994 15.95155206 0.17021942 0.05977612 0.78979074 0.39316302
56.60629335 9.16854187 4.61820800 0.09160058 0.18727360 0.91515733 0.91515733
102.62721334 18.32722692 12.02432263 0.19383059 0.06449841 1.12562821 0.12109666
116.53697630 14.73436952 15.54679551 0.15889113 0.05941351 0.73722914 0.58798851
94.45163016 19.09741465 12.28509967 0.17972069 0.07258785 0.84509421 0.48181448
35.41054116 3.97558258 2.23368588 0.03914109 0.10778953 0.38526353 0.38526353
123.94319145 14.63204432 15.10953581 0.15032254 0.06008202 0.63993758 0.24076806
89.97868429 19.27140223 12.00029012 0.18643021 0.05666769 0.97855706 0.64018071
38.90408437 4.83150067 2.62670949 0.04778761 0.12089032 0.47260211 0.47260211
46.39540302 6.66687374 3.46948284 0.06632862 0.14898276 0.65988508 0.65988508
96.72006886 19.66230797 11.81420192 0.18938308 0.06522746 1.16360271 0.18837419
112.82087994 15.56901888 13.88399243 0.16990244 0.05067632 0.34591564 0.22644939
83.99777194 26.09322405 11.75311864 0.11048108 0.05141678 1.33838060 1.10720593
42.54486175 5.72349113 3.03629695 0.05679853 0.13454323 0.56362154 0.56362154
96.46844240 19.00646075 12.62028385 0.19350563 0.06072463 0.90373217 0.46989128
71.05323706 24.71977028 13.58423506 0.10300067 0.05804295 1.36669830 1.02705598
38.55128041 4.74506370 2.58701905 0.04691442 0.11956730 0.46378201 0.46378201
47.38557469 6.90946580 3.58087715 0.06877930 0.15269591 0.68463937 0.68463937
24.79176566 1.37398259 1.03907364 0.01285962 0.06796912 0.11979414 0.11979414
28.95781887 2.39466562 1.50775462 0.02317060 0.08359182 0.22394547 0.22394547
32.74743314 3.32312112 1.93408623 0.03254990 0.09780287 0.31868583 0.31868583
20.63331989 0.35516337 0.57124849 0.00256747 0.05237495 0.01583300 0.01583300
116.97089686 15.13981701 15.98654714 0.16379308 0.07156460 0.58146256 0.20973280
116.07016233 14.16977929 15.85835814 0.16416697 0.05704544 0.82644997 0.28664572
93.51467986 21.36276793 11.43783539 0.18844379 0.06695336 0.83188598 0.55806304
108.30797015 14.87955532 15.12001915 0.14601436 0.07027144 0.23080607 0.35754586
115.30574112 16.45322083 15.68748196 0.14131390 0.07038826 0.69621674 0.51983892
96.68631958 19.51039147 11.69307430 0.18651394 0.06001949 1.21348689 0.19349654
31.62098468 3.04714125 1.80736078 0.02976194 0.09357869 0.29052462 0.29052462
121.33911213 15.77278820 15.48818580 0.16234864 0.05708773 0.80940341 0.50378352
114.92390214 14.10231005 15.77802215 0.15592144 0.05818031 0.62578618 0.53613289
67.22746567 26.94039719 13.95394230 0.09580451 0.05947044 1.59076973 1.30045214
29.91600581 2.62942142 1.61555065 0.02554211 0.08718502 0.24790015 0.24790015
