23.24683685 4.28778183 3.91853930 0.09158314 0.19740186 0.29418025 0.54649086
57.20375193 8.44044783 4.13636202 0.07493177 0.05907917 0.55489071 0.19569995
53.95796895 8.94239019 4.45094627 0.07762762 0.05528187 0.69254660 0.15848536
22.20278912 7.03657004 3.96442753 0.03417339 0.12154547 0.65678444 0.23174669
34.20212825 1.68501672 3.17269909 0.08720267 0.14133979 0.04420513 0.01702977
53.93096478 9.12167846 4.84668187 0.09137698 0.06588912 0.73267838 0.08357870
54.88332465 8.16007876 3.38462616 0.09246963 0.06239655 0.74909597 0.12337864
50.51258597 7.44511902 2.07602268 0.06793784 0.06446559 0.54171277 0.22878466
46.31661309 2.58347253 4.17621148 0.05057598 0.17942319 0.96507766 0.38403775
51.00660042 9.90197901 4.12862288 0.06088302 0.07546560 0.89251133 0.13646374
51.63079079 9.78285870 3.93990278 0.05403189 0.05256193 0.80561968 0.36163075
51.50554853 8.13456728 4.16834627 0.08285036 0.05009476 0.72780606 0.16807964
51.38454645 7.56501722 1.02491268 0.05178480 0.14531981 0.14069100 0.31795831
31.12972349 6.54373153 3.11965161 0.06855940 0.18909257 0.94447415 0.05295194
52.35928904 8.51500203 1.04341876 0.00142438 0.16472500 0.62776014 0.41542996
57.06550128 9.23712197 4.67279514 0.06589891 0.05007162 0.56105261 0.33624620
43.02828567 2.55745096 0.55992962 0.07781096 0.11915528 0.62231366 0.25073943
41.29136644 4.10312005 4.37142895 0.06579864 0.09635020 0.08225737 0.89545222
50.28060459 8.73419754 4.32021089 0.06723566 0.05003153 0.72343553 0.05445048
52.13886535 8.31380508 4.92643637 0.05790819 0.06073245 0.58605904 0.19057523
56.11086043 8.13737555 4.88471342 0.06054838 0.05416307 0.57036624 0.17509662
23.34151669 8.51268093 3.89645889 0.07216479 0.19579117 0.17471284 0.24352245
51.37034802 8.46971306 4.09775012 0.06298224 0.05671233 0.76352088 0.09631458
59.23295536 8.89085737 1.84035545 0.09096557 0.15279638 0.16790675 0.10252791
57.46130703 8.95949514 3.56032816 0.09143839 0.07058723 0.86750669 0.19717672
56.26254933 9.16145457 4.63966416 0.06217933 0.07222836 0.69442127 0.22186471
54.39175910 7.80105390 4.14761687 0.09999466 0.06432464 0.90043240 0.49178215
58.33246732 9.89264441 4.90153344 0.04713441 0.05980143 0.39172895 0.43037922
59.32730748 8.69136293 4.36147609 0.07302497 0.05787299 0.81470343 0.36040952
46.22535188 8.03664839 2.53691507 0.03743546 0.08364786 0.52695179 0.36107355
49.85015404 2.41893932 4.91800282 0.04965225 0.13138875 0.02068562 0.76908578
51.19848476 8.66735950 4.26773319 0.07824139 0.06684568 0.98249014 0.25288944
48.93970139 8.64081916 3.90358593 0.08858651 0.05429478 0.72507732 0.27572539
48.46450927 5.57346184 3.73483539 0.04805901 0.05417320 0.40693840 0.90182701
24.30511061 1.86656164 1.46540250 0.03294970 0.11225880 0.90341673 0.61936836
50.02759543 9.39014385 3.26455886 0.07591266 0.07251096 0.80832950 0.37732047
40.26368518 6.92912673 2.38768668 0.08895270 0.05960973 0.80391247 0.25272313
32.50008018 2.77090077 3.43914356 0.02302360 0.18754233 0.17143921 0.23445159
59.32339159 8.99385637 4.77031730 0.06986061 0.06051514 0.52359406 0.32333759
52.99611624 5.26235939 1.47714742 0.03468329 0.11546308 0.69093079 0.88145054
39.35624361 9.30655411 0.80651765 0.03536826 0.18760845 0.35842176 0.67480411
42.72949563 7.64447319 3.48193412 0.01193504 0.07718103 0.83941435 0.06181908
57.83750697 9.64824268 4.57055231 0.07210468 0.07693043 0.59750705 0.06265587
50.80272351 8.12759890 3.71812032 0.08755674 0.05734088 0.60901703 0.09365130
33.31479745 4.40085918 1.31759615 0.02319781 0.14271578 0.93144554 0.64998539
57.89057252 9.31930643 4.85290752 0.08227829 0.06559602 0.58245163 0.20245048
49.50954741 9.29215088 4.49735101 0.06999655 0.05179398 0.74320641 0.07178632
51.99885040 8.49916426 4.24289702 0.07942863 0.05908634 0.77068382 0.22437414
21.60806438 2.83697404 1.89675461 0.03462890 0.19978380 0.67416699 0.85056236
36.90136514 3.54173708 3.30619304 0.09104418 0.13141734 0.66561238 0.31315922
57.20432205 8.91385166 2.58252776 0.02557996 0.05059364 0.11325823 0.73281242
55.48353128 8.98009949 4.72260491 0.08726892 0.06594772 0.70817657 0.06605890
53.14678753 9.53083202 4.30356685 0.07728020 0.05514996 0.60987732 0.23419451
52.44256934 9.83094980 4.98348149 0.09191079 0.05395486 0.69094189 0.01552027
58.31373884 2.88621616 3.69794039 0.00168898 0.14987086 0.22964493 0.94755575
36.40210125 1.72948847 1.49329343 0.09385961 0.17687922 0.86670429 0.20604552
22.56384623 2.71659330 4.13388934 0.03768151 0.08027423 0.18536491 0.10015659
55.49942149 8.71868725 4.17805915 0.07353580 0.07420011 0.73267748 0.28255336
55.40196966 9.68544803 3.67334569 0.09426483 0.05913586 0.67421568 0.04929774
49.13642850 9.80312244 4.10457992 0.07861201 0.06250760 0.29085195 0.05171278
53.67066851 9.19280158 4.78987930 0.07560373 0.05349761 0.58938499 0.17610254
58.09603185 8.75548177 3.50165245 0.08944500 0.05549821 0.78000413 0.13359597
57.03237143 0.61216759 1.17281929 0.05624854 0.16207374 0.12903528 0.13163731
59.14394167 9.14646555 3.84946805 0.09324830 0.05727380 0.74280855 0.29929914
50.08414459 9.31523116 3.90238181 0.07741680 0.05923443 0.80413606 0.46436431
59.83695475 8.02247875 4.42651465 0.07236450 0.05386193 0.58499972 0.08787163
52.02884346 8.73985703 4.03865265 0.07234065 0.05639970 0.78040824 0.12732593
50.37399031 5.45201464 4.71518571 0.09268691 0.15125277 0.45944701 0.00361599
55.51704266 8.58679786 4.27270721 0.07757553 0.05680365 0.35570090 0.17393466
27.09317350 2.90092057 2.04079264 0.00862330 0.13430013 0.82193759 0.61998669
56.92345123 7.88789660 4.22983536 0.09168615 0.05882157 0.67637426 0.24111041
54.91883870 8.32666355 4.83840815 0.06820583 0.05562320 0.59460965 0.12032673
26.69907228 6.63388870 1.27879723 0.02517974 0.11256666 0.12914996 0.77736559
58.70203729 7.36604070 4.84887549 0.09699564 0.05038357 0.57716318 0.10868115
57.27773383 9.90115299 4.02751929 0.07593022 0.05953921 0.66669746 0.25485258
40.56001309 1.39879562 2.66735376 0.07531333 0.13583656 0.21795898 0.24604197
51.62994622 9.00909033 3.44360402 0.05941036 0.06031831 0.72271172 0.38034153
57.26934067 7.57044382 4.31488621 0.07696547 0.05794084 0.81456697 0.29771796
21.85085419 2.98130150 0.59388440 0.03184750 0.13459633 0.08286659 0.10506095
46.03210073 6.55496438 2.10409893 0.07537987 0.16805316 0.04436293 0.49456770
57.10025498 7.92603954 3.55719101 0.09185955 0.05184976 0.78953787 0.16285779
59.39061801 8.80327394 4.64157472 0.08944104 0.05997948 0.76908455 0.10748777
35.31081175 5.87153748 0.95371048 0.09384832 0.16683414 0.66122913 0.25845842
53.39091139 9.08469218 3.83649439 0.06951306 0.05384897 0.35991807 0.18194681
56.76165353 7.83128701 4.30796936 0.06335764 0.07347828 0.68949456 0.32575923
33.78512803 5.16930050 2.96967107 0.00178001 0.15203595 0.13988989 0.99154597
58.63412858 8.29352923 4.52391313 0.07858782 0.05683306 0.68126208 0.28027942
52.85478511 8.32374181 4.46709047 0.07599252 0.06200193 0.60527777 0.18753746
37.58757678 2.50726636 0.55753217 0.01207382 0.05539464 0.29654216 0.42876209
20.11589222 7.06859911 1.83503011 0.00229115 0.09926587 0.00288386 0.16114442
53.09849101 4.80900660 2.83117455 0.05548717 0.06404677 0.00928658 0.14603322
55.00578894 8.38941964 4.52037184 0.06835882 0.05462706 0.54312857 0.32313890
55.04655058 8.25327828 4.81414419 0.06006198 0.05885843 0.84345120 0.14612919
53.26302134 7.34896886 4.52937498 0.09367946 0.06369829 0.84143926 0.38359065
40.04192087 0.81878032 3.54229780 0.06615811 0.17686154 0.74258497 0.80149069
54.59095131 8.68091304 4.78870541 0.06478165 0.06283333 0.70796616 0.18194896
21.48510948 1.96864879 2.61535001 0.08037001 0.13660930 0.36973005 0.74392597
55.10529527 9.15084477 4.74180168 0.05715809 0.05577351 0.88837393 0.32365881
29.95752102 3.70438799 3.08585678 0.07660313 0.19521522 0.97846264 0.28306283
58.42259772 7.92548006 3.61126637 0.09290267 0.05310493 0.65182261 0.06355396
52.48108883 8.54411314 3.82237315 0.09247204 0.05489459 0.70520560 0.25843738
53.69086179 9.35350909 4.08732839 0.06030209 0.05257097 0.80237661 0.29622953
51.82728770 1.35227499 4.68562044 0.02331241 0.16660121 0.10055074 0.15863733
22.52716087 3.27353293 3.56548664 0.04809047 0.17011667 0.26754324 0.49327112
57.59285926 9.10793106 4.57983858 0.08478834 0.06082287 0.84851691 0.34750396
29.02112285 4.73369440 0.61801396 0.05029678 0.19814476 0.76260886 0.41593188
51.57362097 9.70690037 4.54415779 0.07443406 0.06130625 0.59574979 0.10398412
56.68455465 8.83174885 4.05646631 0.07281735 0.07058088 0.60264627 0.23360197
21.35281761 4.16703775 0.79486516 0.01064820 0.17168011 0.81456973 0.25341760
57.61281221 8.10805993 4.87145085 0.09431832 0.05960136 0.59816670 0.07376106
51.68659253 8.44100187 2.20188386 0.01054668 0.17749511 0.85182761 0.82935288
55.32865006 8.53166759 4.14982542 0.07721460 0.07087552 0.72779162 0.28358066
54.44368065 8.77073252 4.57331003 0.05304673 0.07016679 0.56920656 0.11207582
53.48281151 8.76088435 4.75459180 0.05350841 0.06114590 0.71563299 0.08336077
25.94959391 3.63384609 2.51107247 0.04194450 0.08882067 0.63447076 0.30118969
58.56818750 8.78421814 4.16245951 0.09147388 0.05301533 0.79509123 0.26812984
54.65878711 8.73758486 4.00466838 0.06987052 0.05806967 0.87026734 0.30660536
49.70118826 9.74434229 4.84539115 0.08581407 0.05262333 0.64948848 0.11065506
56.94814242 8.55173855 4.73219260 0.08642692 0.07070752 0.67498967 0.07643250
53.34669869 8.07559605 4.12434221 0.08049807 0.05787815 0.31437651 0.07481403
45.63516434 9.65259136 4.62114272 0.07666388 0.07063928 0.52431358 0.19139624
50.68429232 6.34567665 3.30459010 0.05597178 0.07503165 0.76074413 0.94885070
54.50204534 7.95746142 4.27025362 0.06921560 0.05189575 0.41996822 0.21246894
51.88090357 8.62238969 4.84137239 0.06625015 0.06110243 0.71998139 0.09805100
54.97753329 8.05803403 4.46616776 0.06924640 0.07538618 0.75609991 0.29607059
39.87863835 7.72196540 2.87593041 0.08206993 0.10978213 0.70184270 0.82049464
28.24552174 6.16118021 3.64838523 0.00952822 0.07962921 0.38222787 0.04159375
55.10834571 8.99456011 4.35512990 0.07255373 0.06684714 0.56484495 0.23311270
