115.98659672 18.31062427 19.15695426 0.23337141 0.06516953 1.54563871 0.22057820
37.67095763 4.52938462 2.48798273 0.04473562 0.11626609 0.44177394 0.44177394
117.22587740 17.63928743 17.77397328 0.21420358 0.05383121 1.20753168 0.08939128
113.43955192 15.86055520 17.62914441 0.23320161 0.05322077 2.02164264 0.04513445
38.09896941 4.63424751 2.53613406 0.04579495 0.11787114 0.45247424 0.45247424
27.19985071 1.96396342 1.30998321 0.01881963 0.07699944 0.17999627 0.17999627
57.03572431 33.46354556 14.03632676 0.17030516 0.06717680 1.56834973 1.30121582
40.48647161 5.21918554 2.80472806 0.05170402 0.12682427 0.51216179 0.51216179
32.55198549 3.27523645 1.91209837 0.03206616 0.09706995 0.31379964 0.31379964
79.29935846 26.81696429 13.08507210 0.26688733 0.06049368 1.26517229 0.42005203
68.76224068 31.99023059 13.27896555 0.15726027 0.06734682 1.78130235 1.17904177
24.15351528 1.21761124 0.96727047 0.01127995 0.06557568 0.10383788 0.10383788
106.20101413 21.53260653 16.80396082 0.26311927 0.06928328 1.12944706 0.47908136
57.38165256 9.35850488 4.70543591 0.09351959 0.19018120 0.93454131 0.93454131
39.08028645 4.87467018 2.64653223 0.04822371 0.12155107 0.47700716 0.47700716
75.44876858 23.99500946 17.06908475 0.21027988 0.05587640 0.56699936 0.59878938
114.13522719 19.41578357 18.89883271 0.21871062 0.06261300 1.26991504 0.14688198
86.70065103 22.66426513 16.70752742 0.26166025 0.05759471 1.02130439 0.49943191
48.41477196 7.16161913 3.69666184 0.07132656 0.15655539 0.71036930 0.71036930
87.07920722 22.07040759 16.23944013 0.26055046 0.06105772 0.85873015 0.49780167
107.66706231 20.74415005 16.30901542 0.26369177 0.06503386 1.16339448 0.46253811
30.89620205 2.86956950 1.72582273 0.02796810 0.09086076 0.27240505 0.27240505
80.01237884 23.63099387 17.13917248 0.20714603 0.05863213 0.47043505 0.40365801
45.21097418 6.37668867 3.33623459 0.06339716 0.14454115 0.63027435 0.63027435
83.60627269 24.35975681 17.43205621 0.20410300 0.05730457 0.66417274 0.37324899
78.05902709 26.97128577 13.36905157 0.24596036 0.05070638 1.39870235 0.30532762
94.17502502 23.92264057 17.99475994 0.27620916 0.07610941 0.82298452 0.43166537
108.92432396 17.67898595 17.46702211 0.22831606 0.06114585 1.99806160 0.19128906
69.38829115 31.72681882 13.81109759 0.15088675 0.05463889 1.66770804 1.18607035
114.83481505 18.58029346 18.81044082 0.23156126 0.07027600 1.34878144 0.10586363
79.63300175 23.81107695 17.16720441 0.20669000 0.05703669 0.77767250 0.44355243
83.34207388 21.73989851 17.79691175 0.27074027 0.06269506 1.14518138 0.48064837
85.94653005 24.28197261 17.22451044 0.20785649 0.05790394 0.59464571 0.32349545
87.76931556 23.40951983 16.84535306 0.25861307 0.06291603 0.77635822 0.48176080
82.63657989 20.59043715 17.13216201 0.26495690 0.05351131 1.04845905 0.46430889
81.61099197 22.53091287 15.97445463 0.27838281 0.06369179 0.87691985 0.42912955
84.62656069 23.94060350 17.15562797 0.20893030 0.05459725 0.65780495 0.45021885
45.90042044 6.54560301 3.41379730 0.06510354 0.14712658 0.64751051 0.64751051
102.47963976 17.27810802 17.20369891 0.19945273 0.06112568 1.43522311 0.05998733
45.39607238 6.42203773 3.35705814 0.06385528 0.14523527 0.63490181 0.63490181
59.12465707 32.73815892 14.48866633 0.16367908 0.07556440 1.81176064 1.24692422
101.92285856 17.29404597 18.42284338 0.20727055 0.05046800 1.65643477 0.33666958
81.54957956 25.21520100 16.89395079 0.20314212 0.05581492 0.61027452 0.44890002
99.00828970 23.20435551 17.23684383 0.26951207 0.06209612 0.79984516 0.45010841
110.58272118 16.99564888 18.38105863 0.21830398 0.05955157 1.23657464 0.00304857
33.63342274 3.54018857 2.03376006 0.03474272 0.10112534 0.34083557 0.34083557
31.72682071 3.07307107 1.81926733 0.03002388 0.09397558 0.29317052 0.29317052
28.32075707 2.23858548 1.43608517 0.02159387 0.08120284 0.20801893 0.20801893
60.77708067 31.97367554 14.37398403 0.16150630 0.05291293 1.79648667 1.12802479
116.14234550 18.06154556 19.29299144 0.22105973 0.07225748 1.58813851 0.18346459
73.10724011 25.18420966 16.96900681 0.19321602 0.05496975 0.53466621 0.63864030
75.67767689 25.39996370 16.36678086 0.22160583 0.05144671 0.51347688 0.47362433
60.37916572 32.71030812 14.08358461 0.16504239 0.05375046 1.78114845 1.20266459
76.70037775 24.79216845 17.11488984 0.19172024 0.06043931 0.58638726 0.61556299
99.54223979 17.24886369 18.14390686 0.18531492 0.05301868 1.49371190 0.13896652
20.19214141 0.24707465 0.52161591 0.00147555 0.05072053 0.00480354 0.00480354
77.01930091 27.33077239 13.65660955 0.24448808 0.06054155 1.30707419 0.41730720
78.51456982 26.22952201 13.34912731 0.25665895 0.05965596 1.44301760 0.48353656
57.01849554 9.26953141 4.66458075 0.09262078 0.18881936 0.92546239 0.92546239
114.13842522 16.76112699 18.33618045 0.21398622 0.05366979 1.25899069 0.11008356
27.03467306 1.92349490 1.29140072 0.01841082 0.07638002 0.17586683 0.17586683
89.42990903 23.12294705 17.27617944 0.30517177 0.05786485 0.73958905 0.40418400
71.80190856 32.52880952 13.58634843 0.14791106 0.05454697 1.69365449 1.17188931
106.54032646 16.87102897 17.87851962 0.21953705 0.05261973 1.79896888 0.37533177
95.99550174 23.73199940 17.62547250 0.26065790 0.05738982 0.84502642 0.56028012
93.83630489 16.21674997 18.04173001 0.17957739 0.05425323 1.60420866 0.19190956
89.83266691 23.54743477 16.70236892 0.27195567 0.06717401 0.72796730 0.43407804
22.80834738 0.88804511 0.81593908 0.00795066 0.06053130 0.07020868 0.07020868
63.17153130 31.33973881 13.94738083 0.16582039 0.05330848 1.59648263 1.24624243
24.35222594 1.26629535 0.98962542 0.01177176 0.06632085 0.10880565 0.10880565
113.27941104 18.36047062 19.32113853 0.23462644 0.06313380 1.59209768 0.20022875
91.65729999 23.10854482 17.44619578 0.29540680 0.05063552 0.83667556 0.56156258
85.79506958 24.52951246 17.35356629 0.21528207 0.05335498 0.59887035 0.37172785
109.18595011 16.46007554 18.35490240 0.18946690 0.05889307 1.60077244 0.04368428
62.99837022 33.92017299 14.32958742 0.17353277 0.05528210 1.59056155 1.28845392
102.71459108 16.33186435 17.32337773 0.19826046 0.05685859 1.70335464 0.37129841
91.34245415 21.82808332 17.03416403 0.25254875 0.05191818 0.82130767 0.44972394
44.76465438 6.26734032 3.28602362 0.06229252 0.14286745 0.61911636 0.61911636
86.35998053 25.42459610 17.47704331 0.19527739 0.05328715 0.50011124 0.32071407
90.27384950 22.81722677 17.27819118 0.28267989 0.06445469 0.70263941 0.47130441
101.29204515 16.37734997 17.71897353 0.17993982 0.05557232 1.48041769 0.12846690
30.33330462 2.73165963 1.66249677 0.02657493 0.08874989 0.25833262 0.25833262
99.07961813 23.11276759 17.80446811 0.27405338 0.05351674 0.73829879 0.45439217
60.27841359 31.25919530 14.03531979 0.16963244 0.05612909 1.74638772 1.19345031
115.73487406 18.24619914 19.26743199 0.22700779 0.06696351 1.49008947 0.15775364
88.91634623 22.92560987 16.90045244 0.26993769 0.05788860 0.83530814 0.36158021
76.17014643 22.39864762 16.59090467 0.28351015 0.05347863 0.66671310 0.43470390
31.23214670 2.95187594 1.76361650 0.02879956 0.09212055 0.28080367 0.28080367
74.78016160 22.63255291 16.49650271 0.28041858 0.06515008 0.80399381 0.48380438
102.59640286 17.89729876 18.29644147 0.21272128 0.05329007 1.64725288 0.30292319
113.80827256 18.52643683 18.05613270 0.22810984 0.06853475 1.33327682 0.11157268
84.78711838 23.66905894 17.21162982 0.20401515 0.05580420 0.55515148 0.34654473
73.15575660 32.89082636 14.06957464 0.14655225 0.06025039 1.70080098 1.08940089
97.54879303 16.25750628 18.01110722 0.17399609 0.05488243 1.42634700 0.34191108
115.56589492 19.41853304 19.05262929 0.21757005 0.06284068 1.29095352 0.15505013
81.14426446 25.16455156 16.68575156 0.19958360 0.05820572 0.80243047 0.38214057
104.32927037 17.08325825 18.24667302 0.20680643 0.05181555 1.61791340 0.25051384
81.90008758 23.15160387 17.55689504 0.20327513 0.06033988 0.55104425 0.40939750
88.79192877 22.41671405 16.95785068 0.27362198 0.05250493 0.69766346 0.38060443
112.02719025 16.81965463 17.81063449 0.23477785 0.07064417 1.96029401 0.08290810
32.29549400 3.21239603 1.88324308 0.03143135 0.09610810 0.30738735 0.30738735
39.04547179 4.86614059 2.64261558 0.04813754 0.12142052 0.47613679 0.47613679
38.63375533 4.76527006 2.59629747 0.04711854 0.11987658 0.46584388 0.46584388
80.12548701 26.52774658 13.13491007 0.25072175 0.06260431 1.39803135 0.29226452
94.61019614 24.43746356 18.20190238 0.27505187 0.06573405 0.77123249 0.40658158
70.24858962 31.92126086 13.92993655 0.14040737 0.05034534 1.65719843 1.03330377
48.16913358 7.10143773 3.66902753 0.07071861 0.15563425 0.70422834 0.70422834
57.60680927 9.41366827 4.73076604 0.09407685 0.19102553 0.94017023 0.94017023
92.16967607 24.28056012 16.98347956 0.27028947 0.05804869 0.79553439 0.47044523
46.70567231 6.74288972 3.50438814 0.06709654 0.15014627 0.66764181 0.66764181
100.61352089 16.23331143 17.71423100 0.17390141 0.05097736 1.61324192 0.11904188
77.05395592 26.22496597 13.36479960 0.25873524 0.06650790 1.30673255 0.47888622
73.71698540 24.70380710 16.14059442 0.21247899 0.05630484 0.42082860 0.47611464
60.97069154 31.77476202 14.76883635 0.16767329 0.05207528 1.78548685 1.10741944
117.41432015 17.39340428 18.89423475 0.23383453 0.05991066 1.54610608 0.28177216
67.87516391 32.59786921 12.94055887 0.16254140 0.05182156 2.00990551 1.27746678
103.02216175 23.11717258 17.65474422 0.26528764 0.05171409 0.79393065 0.58062151
98.07772406 16.64378911 17.89555312 0.18281957 0.05199659 1.47303941 0.33863312
57.58069457 32.13522079 14.60682132 0.15762857 0.06499256 1.80004459 1.15866059
80.90447232 24.80418852 17.48643236 0.19480970 0.06347035 0.68018586 0.46786460
26.39067449 1.76571525 1.21895088 0.01681692 0.07396503 0.15976686 0.15976686
86.65647489 23.32308312 16.78047471 0.25890369 0.05640217 0.85161032 0.45590757
49.45625503 7.41678248 3.81382869 0.07390423 0.16046096 0.73640638 0.73640638
80.51821151 24.32085061 17.34325853 0.20008233 0.06535477 0.47028754 0.40403526
92.38080939 22.48293332 17.31690041 0.28039632 0.07288616 0.75345283 0.39932584
23.61828571 1.08648000 0.90705714 0.00995526 0.06356857 0.09045714 0.09045714
101.74040584 16.95665059 18.32484792 0.20195511 0.05745946 1.64362773 0.18868251
76.51111213 26.03887533 16.51453246 0.21409991 0.05301056 0.46658394 0.47218165
