56.66639538 9.23680409 4.44226184 0.07178952 0.05486781 0.34923993 0.30374198
53.63670100 8.74188235 4.03221170 0.06026058 0.05476556 0.36713208 0.24406656
43.83626861 7.85932752 4.05338074 0.04619175 0.14864772 0.40743410 0.30849235
52.08260586 3.69570179 2.86016088 0.07476087 0.08607766 0.66177535 0.18310586
40.09960616 3.95799984 3.95924901 0.03807860 0.05810720 0.66948544 0.51604425
55.30540504 9.62001621 4.67692094 0.08456130 0.05532391 0.43418332 0.40750301
55.89867696 9.36385144 4.47241272 0.07038108 0.06297785 0.16092365 0.57452607
55.33860151 8.76426782 4.66665423 0.04101423 0.06364572 0.64987556 0.46615746
23.79196314 0.72803019 4.68204403 0.07302851 0.19007799 0.76747219 0.57848722
52.51952977 8.67777724 4.99304239 0.09076560 0.06170116 0.17254874 0.39867053
56.18758027 6.66667534 4.90210416 0.09552285 0.05535321 0.25943971 0.30909331
56.97772062 9.52116309 4.06622285 0.05789661 0.05067963 0.76250112 0.42993310
22.68564686 7.71002617 3.13673086 0.06217061 0.05239442 0.75073987 0.46065759
59.59075519 8.60371224 0.52152530 0.04237038 0.13058923 0.81202951 0.16640956
51.90575903 7.11350160 4.91632924 0.05342186 0.11392828 0.12929026 0.90456484
59.65248345 9.35115937 3.86865895 0.07825328 0.05498626 0.22263066 0.59764561
23.26549881 9.27158000 0.74672174 0.04287856 0.08684359 0.05840089 0.42718807
57.70748929 8.29087922 4.84333220 0.08439013 0.05657223 0.22401620 0.09796035
42.48578997 4.23200407 1.17901803 0.03901660 0.15103256 0.00319850 0.80187293
54.62841033 8.03547214 3.76736528 0.09297232 0.05435087 0.35527643 0.21897193
55.65544278 8.30908706 4.61053529 0.07653033 0.05455182 0.16754506 0.62360272
55.89333934 8.55628515 4.19408829 0.07724408 0.06895689 0.36001465 0.28713811
50.32474668 9.23594894 4.26123830 0.09150009 0.07249046 0.16774360 0.43027165
56.70088288 9.33281314 4.10246957 0.07721006 0.05821447 0.28006651 0.59035330
56.89837625 9.49816778 4.31978236 0.07391416 0.06295045 0.37856879 0.57674037
57.66037441 8.78385323 4.06395108 0.06191374 0.05083631 0.40132805 0.25622040
55.48866167 9.92472899 4.36113401 0.05514453 0.05686833 0.48842231 0.38837208
52.56485887 8.80322073 4.21858505 0.08726994 0.07040498 0.42611386 0.55306941
25.01048696 2.89737805 0.82591405 0.00355023 0.18013554 0.27027025 0.87208898
53.36372822 7.91858586 4.08453878 0.09178967 0.06796380 0.50653901 0.10706563
58.12933957 8.98410657 4.78022325 0.08201276 0.06026984 0.34805726 0.06322247
34.42875233 6.42858955 4.76881093 0.05675522 0.18418372 0.39740161 0.23163268
35.47997321 6.97211662 2.30262724 0.04663527 0.10304748 0.82536641 0.71864078
57.05514830 8.57070667 4.06892145 0.07440088 0.06549999 0.75619435 0.48368683
54.92204515 9.48175305 3.90686179 0.06831830 0.05638527 0.38819525 0.67535345
30.54393556 5.21571593 1.81487329 0.07652306 0.12332393 0.27077815 0.13688519
24.31722554 5.99487795 2.19821619 0.09039792 0.08329210 0.70444818 0.51879206
58.98892135 8.83318807 4.96328666 0.06201374 0.05650685 0.61972712 0.62801416
59.01862798 9.02268578 4.28431103 0.07976420 0.06420369 0.54821547 0.46472168
34.44647883 0.44662841 2.72380291 0.05915321 0.19946312 0.21158503 0.45099256
59.38699046 9.13996210 4.39524657 0.05293844 0.06182395 0.54851074 0.48501188
58.65674916 8.88873657 4.63048700 0.06067068 0.05668097 0.56027400 0.55184253
53.78369840 8.58080727 4.23077962 0.07634351 0.07327301 0.56457546 0.45670508
36.29263597 3.42078013 2.35923163 0.03213870 0.11506020 0.66002901 0.73232675
49.97855452 9.85226192 4.96389315 0.07112717 0.05851814 0.21226374 0.19449472
57.56374916 8.50250918 4.79454228 0.06283573 0.05771782 0.82887766 0.61905439
51.26790066 9.60993962 3.81960863 0.07138973 0.06056098 0.10786306 0.56972932
53.15324776 9.60579453 4.25498214 0.08971353 0.07522394 0.60133792 0.67531757
50.67225687 8.63277775 4.25133062 0.05589743 0.06134796 0.50803603 0.37219367
46.38354896 8.30007495 2.51961787 0.01761955 0.10709335 0.47250196 0.48637670
59.89848234 9.60210396 4.41129899 0.07639844 0.06158115 0.36245760 0.58364945
55.75106443 8.13258071 4.67360852 0.08102938 0.06035366 0.31040861 0.37982009
54.78439476 8.61348006 4.68595275 0.07882384 0.05079263 0.65850804 0.50190522
27.39191558 5.21269175 0.77422660 0.07406666 0.13740182 0.83304803 0.79519507
52.33370746 7.42486452 4.41053997 0.07814789 0.06209336 0.31128845 0.12497123
31.08461840 0.29715634 1.70632984 0.02740293 0.08902670 0.83123261 0.23145997
38.51769655 0.81487183 1.53367067 0.09793052 0.06147455 0.96885881 0.51351966
21.41101854 6.28962479 3.60153754 0.01478728 0.15619338 0.92174270 0.67264374
58.01089757 7.70006949 4.50459857 0.07892696 0.05380932 0.18999824 0.56705394
54.19827633 9.53460916 3.65741057 0.05111221 0.07078937 0.57000267 0.44791890
50.91963422 9.56731710 4.31408216 0.08071111 0.05541407 0.25697967 0.37917708
53.79063481 9.32756625 2.76335990 0.05473332 0.13251290 0.00672766 0.97292458
55.65543596 9.61965633 4.01150281 0.07545357 0.06276760 0.27639690 0.60567771
58.87073792 8.82695140 4.12709932 0.06572737 0.05329555 0.58501709 0.50754356
56.83311693 7.87683116 4.70288159 0.05630502 0.06121911 0.88105297 0.57023170
52.59041087 8.67324087 4.63555257 0.08893452 0.05381362 0.38309426 0.10724480
56.32671474 9.03102601 4.57307540 0.07599622 0.05285276 0.40682830 0.18024841
54.58578751 9.46094301 4.69012440 0.07262517 0.06202185 0.32199597 0.12241477
24.18781967 0.52385311 3.47270683 0.04065103 0.05382931 0.72270513 0.84091973
51.20072568 8.72329978 4.26001799 0.06580406 0.05650158 0.50395154 0.39361513
30.65669031 5.97600500 4.55855283 0.05961710 0.08187474 0.49633501 0.90341621
51.34191348 9.65875732 4.62129797 0.08689393 0.05925358 0.63378858 0.61400956
38.17181730 6.37263899 0.77655897 0.05488487 0.11064733 0.89144162 0.55940765
54.99781637 9.28642999 4.99415739 0.05950736 0.05427587 0.19684579 0.16926365
56.62737540 8.14650747 4.12931045 0.07091925 0.06089611 0.72766045 0.51754231
42.88421601 0.82974829 3.99923898 0.09213725 0.15997522 0.34064666 0.02019427
25.81839401 9.86185603 1.70573380 0.04104420 0.16136881 0.41120281 0.33724989
33.15209752 5.45202266 1.28185863 0.01218841 0.09699854 0.73649728 0.10486793
44.03196535 1.62509408 2.15082538 0.04460785 0.15981800 0.48543628 0.36036752
27.76366764 1.83390750 3.67499389 0.05965021 0.07209889 0.29237030 0.24337297
56.61609391 9.66652656 4.58933456 0.06586810 0.06253071 0.54041773 0.59329519
53.98653871 9.28288539 4.08543598 0.08306210 0.06004030 0.45528922 0.29552421
58.27140162 8.65751670 3.91099633 0.07086544 0.06417599 0.73104935 0.53553397
58.10441860 9.35036937 4.73139379 0.08475111 0.06162014 0.44657785 0.14955224
32.87932478 2.64344554 0.90639346 0.01159633 0.09976577 0.80673399 0.72119178
55.36393598 7.77376927 4.38040963 0.08924712 0.05971711 0.42824399 0.19886143
27.02560653 7.70781580 3.88768899 0.00892575 0.19511791 0.30288802 0.83397608
52.64312018 9.38413897 3.72039226 0.05078464 0.06367588 0.52615677 0.32688854
32.37564858 9.64734043 3.72232825 0.05727293 0.08230634 0.21261271 0.42101649
23.35278381 3.06857909 4.74761091 0.00798891 0.14415425 0.46094560 0.55463786
58.13744334 9.23373146 4.21225358 0.07230129 0.06728432 0.30448831 0.18587943
32.60015493 2.13040442 4.98199199 0.06884151 0.12138688 0.29880907 0.49696630
39.53961430 1.11627355 0.98189207 0.00702883 0.11016762 0.36625816 0.74599712
45.78691556 2.76386083 1.48292183 0.08098652 0.17430753 0.11106582 0.22057720
34.80187499 0.69473915 1.39666227 0.01198390 0.16602766 0.21174148 0.61797248
52.74158949 8.87499598 4.51058325 0.06469197 0.05280410 0.41823777 0.39980025
57.43729060 9.57693059 3.77846431 0.07589626 0.07779146 0.42451562 0.13778955
50.94470691 9.33072869 4.66295486 0.07659004 0.06598054 0.20942478 0.34431401
59.87598248 8.93602596 4.09890539 0.03544739 0.06880190 0.21378165 0.50546708
56.46808033 3.45656432 2.23706984 0.05617190 0.11402328 0.56716259 0.59025755
37.34513559 9.68082704 1.37862161 0.09425259 0.09427186 0.80770357 0.71966422
51.49061099 7.88192349 4.16044799 0.08200160 0.06427518 0.26806646 0.50124414
51.83706500 8.32776789 0.85720560 0.03783948 0.12720868 0.93531488 0.11978156
56.06310882 9.40348219 4.43796273 0.05385098 0.05136655 0.56758054 0.59431168
52.59137946 9.86884613 4.60484456 0.05969775 0.05212997 0.54250396 0.48065004
40.19040779 2.90957333 1.41849146 0.02906970 0.11711008 0.46270339 0.67561774
53.92568627 8.81695186 4.79397900 0.04799399 0.05140574 0.77476846 0.48055039
45.42173683 9.78629570 4.74109275 0.07796360 0.06392232 0.40964259 0.08076549
24.34245304 5.58702929 4.86542386 0.03749059 0.10726685 0.46899547 0.38208672
51.90980883 9.49819875 3.58116664 0.06111568 0.06040804 0.60502627 0.37757206
56.01130946 9.06840139 4.19745922 0.07995541 0.06248858 0.09871691 0.64060782
22.50840126 1.92374525 3.55426973 0.07666568 0.07613055 0.57740775 0.78166458
56.96578911 8.97386047 3.67116895 0.08580282 0.06200560 0.46774348 0.13951901
46.74920241 2.48804531 3.77022684 0.09590033 0.14275106 0.15149616 0.93794167
58.25099653 8.63695303 4.85560476 0.07570696 0.06330392 0.21658312 0.18782165
59.92579492 9.70870360 4.26975992 0.06134229 0.06647351 0.71779501 0.41697438
56.51778678 3.99506553 1.35313939 0.09564334 0.14215770 0.03982022 0.12933533
56.75123421 8.75474830 4.67514280 0.05649040 0.15495590 0.77737565 0.63784324
58.11837457 8.41173411 3.65274000 0.09293729 0.05456114 0.30077468 0.45559046
52.04868246 9.35100523 4.29773783 0.05668542 0.05596229 0.14981725 0.63033709
44.56912016 0.28459453 1.65945651 0.09840242 0.08214612 0.38420843 0.86877039
55.39840975 7.82254298 3.82867510 0.07700278 0.07212768 0.26311971 0.11555695
54.85917340 8.57051483 4.22060229 0.06824392 0.05398857 0.27072447 0.66437392
53.84337554 8.51110273 4.06026991 0.06790726 0.06400246 0.71305396 0.60623524
45.43282391 3.04292432 2.30320705 0.02260180 0.15853077 0.67670383 0.75811998
53.49863163 8.70047399 4.10037023 0.06997688 0.06781543 0.72159133 0.49660696
46.04879721 0.25215593 1.48401831 0.05947921 0.19584371 0.34769429 0.80108382
43.01097767 3.64278042 1.74445037 0.06520405 0.11863172 0.78686100 0.91845360
