57.77073536 11.19117416 5.56111909 0.10735138 0.06497637 1.03634581 0.86781092
48.09902157 7.08426029 3.66113993 0.07054508 0.15537133 0.70247554 0.70247554
65.15128059 12.22381018 4.72541794 0.01288327 0.08880831 0.94576037 1.02595390
61.67724851 13.00439258 4.50550774 0.00246410 0.06290929 0.86182802 1.00316072
31.54912184 3.02953485 1.79927621 0.02958408 0.09330921 0.28872805 0.28872805
58.79257536 12.43472040 5.81596860 0.01378507 0.06141042 1.14552612 0.99867556
68.09254084 12.64559289 5.94702488 0.01448510 0.05850469 1.32186174 0.99233977
64.58565185 7.46673648 5.56534962 0.10761960 0.06396997 1.02989066 0.88286662
61.23351013 11.56705941 6.43035867 0.01990838 0.05629358 1.25929254 1.02211470
48.08828301 7.08162934 3.65993184 0.07051850 0.15533106 0.70220708 0.70220708
58.32013179 11.30925338 6.25028968 0.02139021 0.05129927 1.18218325 0.91616785
41.95696809 5.57945718 2.97015891 0.05534350 0.13233863 0.54892420 0.54892420
72.00015316 9.57779198 5.98195356 0.11365249 0.08190106 0.85277825 0.94036998
62.70892728 11.81783634 4.59841664 0.03852326 0.05112763 0.83426040 1.01743823
63.43737875 11.19903895 4.85148682 0.11567636 0.07006042 0.83828813 0.88682776
60.55792696 11.91033045 5.69192134 0.02158620 0.06480890 1.09071663 0.94203112
57.56257102 11.90085327 5.52742121 0.03511954 0.05847753 0.85405995 1.04450442
59.16469638 9.35754013 6.48206802 0.02040848 0.06181464 1.11745365 0.98527549
37.30295028 4.43922282 2.44658191 0.04382480 0.11488606 0.43257376 0.43257376
56.74051186 10.91149969 4.94862039 0.13370669 0.06256545 0.82182502 1.01331601
61.38106084 13.43238019 6.03780920 0.01903325 0.05312105 1.27924883 1.07853348
56.19739466 12.52803489 5.62425453 0.01581372 0.06932977 1.21969940 0.95598549
35.75952239 4.06108298 2.27294627 0.04000482 0.10909821 0.39398806 0.39398806
63.93228294 11.96034196 4.64495707 0.10881383 0.05145973 1.07601322 0.88450894
62.56997996 10.57234870 5.78987810 0.02701035 0.05119335 1.12059719 0.91770116
65.60004720 12.61545737 5.54298402 0.11417415 0.06971408 0.84629552 0.92469324
63.05962861 10.22675985 6.20433858 0.01798808 0.05051098 1.19658747 0.97388001
26.01799456 1.67440867 1.17702439 0.01589454 0.07256748 0.15044986 0.15044986
66.50121419 12.14218184 5.18343835 0.01183010 0.06651742 0.71365246 0.90415582
63.86804100 11.72767253 5.78535565 0.01543804 0.05805328 1.19400530 1.00901405
63.77122095 10.27497979 4.80507719 0.03556578 0.05960098 1.08807972 0.87955298
43.20026022 5.88406375 3.11002927 0.05842064 0.13700098 0.58000651 0.58000651
63.90041181 13.29654017 6.44116663 0.02116497 0.05763824 1.26743855 1.03977928
64.68526791 10.45267529 5.45715545 0.01738240 0.06220335 1.10920127 1.13621026
69.12485259 11.53860107 5.19290484 0.11409578 0.07212088 0.77455895 0.79716638
34.10272272 3.65516707 2.08655631 0.03590424 0.10288521 0.35256807 0.35256807
62.92002297 10.81838619 5.33335827 0.01865686 0.05453789 0.99677954 1.07284270
63.32049174 11.83831728 5.62074501 0.01549145 0.06139486 1.19069858 1.03187561
62.33002563 11.53010381 5.00025179 0.02169074 0.05293865 1.04087149 0.85080153
30.66757659 2.81355627 1.70010237 0.02740225 0.09000341 0.26668941 0.26668941
61.28400743 11.42855855 6.20597873 0.02403115 0.05455420 1.11581789 0.85350462
37.37140432 4.45599406 2.45428299 0.04399423 0.11514277 0.43428511 0.43428511
64.76430001 12.79052525 6.45253587 0.01741424 0.06318983 1.20437456 0.98513014
62.26637816 13.06834554 5.80217280 0.02177125 0.06587099 1.15916998 1.00764299
64.60854960 11.73697643 6.35347347 0.00818659 0.05065299 1.03580351 1.06973350
62.10846173 12.05370419 5.97092726 0.01917612 0.06631797 1.26161114 1.07523082
59.93260674 12.25949588 5.80724933 0.10790315 0.05813101 1.02445044 1.11881653
56.86428674 9.23175025 4.64723226 0.09223911 0.18824108 0.92160717 0.92160717
62.94374442 11.76193226 6.62854633 0.02162542 0.05581385 1.16303725 0.87013592
56.45659951 9.13186688 4.60136744 0.09123008 0.18671225 0.91141499 0.91141499
58.84585731 9.71723504 4.87015895 0.09714350 0.19567196 0.97114643 0.97114643
54.30399924 12.39024404 5.65891661 0.00890147 0.05564864 0.76876736 0.97481021
65.02073488 10.42404677 5.31891501 0.11801189 0.05250547 0.92388522 0.82764559
65.07156874 9.49306043 5.64047681 0.13098516 0.06122401 1.14132892 1.01236291
57.26325061 11.58181034 4.78117446 0.11988738 0.06443265 0.84438842 0.91890282
62.18461861 11.72137775 5.74769784 0.01050837 0.05151990 0.84333971 0.97591193
52.83120134 8.24364433 4.19351015 0.08225722 0.17311701 0.82078003 0.82078003
59.57928604 13.26223896 5.57898946 0.09916235 0.05798157 0.96034531 1.01270088
72.03267762 9.91840447 5.55355528 0.10307588 0.07269750 0.85574734 0.99645442
63.01746701 11.58765770 5.62842920 0.01063969 0.05426891 1.26871610 0.98297177
65.32425103 11.80563466 4.84318137 0.11237915 0.05264709 1.10513001 0.83907040
25.85937630 1.63554719 1.15917983 0.01550196 0.07197266 0.14648441 0.14648441
66.93699335 13.87793712 6.10018311 0.01377466 0.05274539 0.77249474 0.93509611
68.28253913 11.70250862 5.61798808 0.11461200 0.06514084 0.74173418 0.97373858
68.08467188 9.98034180 4.86632003 0.12797807 0.05445384 0.78098293 0.93885919
50.20775133 7.60089907 3.89837202 0.07576418 0.16327907 0.75519378 0.75519378
60.81710440 11.42128080 6.72738722 0.00249145 0.05861048 1.08860407 0.96885247
58.00940489 12.09769020 5.53948333 0.10472592 0.05483660 1.03275110 1.01988473
69.64520582 10.83514233 5.11433799 0.11796349 0.05206583 0.90870098 0.94528390
66.41087916 9.51834886 6.16800518 0.02363708 0.05500340 1.17495471 1.01554616
58.85312025 12.20452760 5.84539813 0.10917280 0.05312398 1.03697588 0.89612088
65.85506324 8.28910721 5.87494382 0.11446566 0.05578082 0.93987930 1.01966221
21.10922853 0.47176099 0.62478821 0.00374534 0.05415961 0.02773071 0.02773071
62.95865062 11.89979782 5.94726181 0.03084050 0.05953335 1.25995872 1.00574491
45.94195423 6.55577879 3.41846985 0.06520634 0.14728233 0.64854886 0.64854886
58.10487500 12.04182950 5.02931701 0.13266234 0.06676496 0.89439917 1.05949942
56.66041971 9.18180283 4.62429722 0.09173454 0.18747657 0.91651049 0.91651049
42.76264017 5.77684684 3.06079702 0.05733753 0.13535990 0.56906600 0.56906600
48.38281518 7.15378972 3.69306671 0.07124747 0.15643556 0.70957038 0.70957038
66.48452001 12.28521117 5.11545037 0.02446246 0.06636349 0.92071637 1.02930594
43.45042932 5.94535518 3.13817330 0.05903981 0.13793911 0.58626073 0.58626073
61.48333799 9.36288829 4.70859875 0.13252745 0.06183197 0.70588159 0.91833887
50.46789984 7.66463546 3.92763873 0.07640805 0.16425462 0.76169750 0.76169750
37.32380535 4.44433231 2.44892810 0.04387642 0.11496427 0.43309513 0.43309513
64.87797944 10.67863116 4.88070575 0.02648183 0.05869491 0.98635261 1.06418090
56.91457870 12.70220053 5.07998875 0.03192500 0.05220484 1.26876974 1.05159385
70.38196594 9.40939587 4.49165647 0.10780412 0.06509947 0.86311910 0.79551947
64.57021769 11.92197049 5.31440931 0.01499984 0.05649735 0.84767309 1.09284236
66.00228839 11.05483878 5.80764606 0.02166666 0.05614543 1.15819195 0.99024705
65.53264676 11.51792752 5.89281461 0.02126851 0.05582297 1.22723396 0.91380999
20.38666608 0.29473319 0.54349993 0.00195700 0.05145000 0.00966665 0.00966665
41.37662502 5.43727313 2.90487032 0.05390715 0.13016234 0.53441563 0.53441563
38.88271567 4.82626534 2.62430551 0.04773472 0.12081018 0.47206789 0.47206789
61.23832298 11.93534386 6.38504597 0.02693166 0.06009635 1.13474437 0.90187601
71.19209684 9.77350574 5.20586028 0.12369710 0.07781882 0.80355009 0.87711785
36.44687052 4.22948328 2.35027293 0.04170600 0.11167576 0.41117176 0.41117176
61.52136565 10.53284160 5.36916982 0.10392379 0.05761426 1.11517289 1.14378580
61.24520977 12.98541720 5.83553579 0.09972581 0.05888129 1.03238864 0.95173790
59.98578258 9.99651673 4.99840054 0.09996481 0.19994668 0.99964456 0.99964456
60.92751028 10.50349669 5.27295814 0.01798298 0.06602084 1.02780754 0.99467463
53.00655777 8.28660665 4.21323775 0.08269123 0.17377459 0.82516394 0.82516394
58.96280648 10.86675482 5.15626390 0.12423733 0.08466251 0.87965930 0.95229754
60.42180696 9.52376626 6.07942676 0.02577939 0.05021318 1.13671861 0.91585131
58.72950160 12.55984571 6.29425708 0.02156735 0.05054135 1.09554289 0.80317869
25.98259013 1.66573458 1.17304139 0.01580691 0.07243471 0.14956475 0.14956475
72.19323434 10.00468209 5.10660362 0.11350541 0.05936944 0.86963687 1.00209738
47.39150473 6.91091866 3.58154428 0.06879397 0.15271814 0.68478762 0.68478762
62.47140896 11.31277473 5.65770422 0.02509980 0.05554230 1.00842926 1.09826128
67.41953989 8.62306792 4.62800828 0.11488655 0.06668252 0.81808821 0.79133783
61.86842442 9.89688121 4.91000388 0.02806799 0.05205501 1.05382145 0.87327378
73.96855734 10.89429469 5.33337058 0.11799237 0.07789384 0.83964108 0.93178539
20.14998569 0.23674649 0.51687339 0.00137121 0.05056245 0.00374964 0.00374964
40.89702356 5.31977077 2.85091515 0.05272013 0.12836384 0.52242559 0.52242559
56.74242687 10.61086367 4.84050884 0.12292616 0.06815720 0.92731067 1.03383409
52.10775224 11.83154709 5.92737083 0.01826893 0.06366815 1.10131565 0.87484735
43.95639364 6.06931644 3.19509428 0.06029207 0.13983648 0.59890984 0.59890984
66.34478620 12.12136242 5.32713633 0.00979744 0.05418032 0.74959170 0.87630559
62.69659619 11.99144004 5.52917560 0.01354556 0.05789500 0.86523659 0.94950832
63.37730205 11.68754836 5.89206484 0.10134441 0.06729689 1.14185557 0.88501819
65.96202742 9.97679982 5.71763439 0.10419126 0.05239831 1.10461172 0.87216999
65.05659201 9.45829917 4.82472608 0.12540818 0.05304055 0.83457656 0.71569262
69.69859710 8.99916707 4.93974062 0.13073329 0.05396923 0.92233047 0.88690201
54.23734202 8.58814879 4.35170098 0.08573742 0.17839003 0.85593355 0.85593355
45.48994326 6.44503610 3.36761862 0.06408761 0.14558729 0.63724858 0.63724858
65.60049541 8.38828776 5.88459843 0.13353219 0.05477507 1.12121563 1.01896269
72.44017481 9.81170862 5.75701786 0.11511459 0.07086138 0.89592295 1.03721987
39.16242519 4.89479417 2.65577283 0.04842700 0.12185909 0.47906063 0.47906063
64.19022551 11.02184428 6.77264297 0.02180819 0.06191990 1.14064890 1.06402904
