38.75661926 2.15694498 2.13752554 0.05279406 0.07619102 0.05837812 0.83354749
47.48470476 8.59111545 1.88759366 0.01865185 0.06498573 0.12249345 0.37224583
56.26196507 4.25169801 1.33855719 0.03469887 0.16456571 0.26490109 0.45678421
57.14620340 1.81089301 0.76300090 0.08996796 0.15423669 0.42785394 0.73210998
56.81980068 9.54933631 4.05028817 0.04783885 0.06512911 0.03824658 0.63326507
58.22296908 8.63467555 4.28319084 0.09353391 0.05562254 0.10230413 0.67041929
57.78224766 7.74687891 3.86574939 0.09425883 0.07044054 0.11546870 0.53857914
55.52318034 9.57052820 4.71227265 0.08933636 0.06620010 0.13492599 0.71746305
49.13289273 8.32353829 3.78353667 0.04871507 0.05092399 0.25180036 0.45379740
58.62438329 8.21607451 4.33524917 0.08743971 0.05991024 0.12125983 0.59157491
46.81429764 8.99963565 4.68084999 0.04424240 0.05694501 0.30773296 0.07956213
33.98465849 5.50787293 2.12809541 0.03525938 0.07126845 0.80719332 0.98431984
21.46089150 6.20036601 4.90850251 0.06805868 0.05809370 0.60136709 0.00260195
55.75402351 9.45324897 4.14877682 0.09595019 0.05943754 0.27583336 0.52297471
53.39034716 1.71492790 0.58437160 0.07729792 0.06093551 0.19139849 0.36924569
49.70048626 9.36231165 4.30275073 0.03718210 0.05191258 0.32750837 0.07200210
59.95552336 9.89046425 4.60598167 0.03800094 0.06770733 0.18854576 0.08188174
56.29377494 8.69216365 3.87285694 0.09202904 0.06139091 0.03267383 0.47911000
24.53891285 0.36401162 3.45908068 0.01403059 0.12751020 0.44568100 0.86331704
55.51220276 9.72834693 4.07849188 0.06132079 0.06583832 0.31752697 0.62468937
58.57220705 7.95980715 3.65056706 0.09195949 0.07759657 0.19070266 0.41352176
55.57662699 7.29278792 4.32323275 0.09672040 0.06438128 0.03959869 0.62631661
57.08669819 9.36311119 3.94090729 0.09176846 0.05738334 0.40737556 0.44981417
36.37105979 5.20575025 4.67770114 0.03299990 0.06911145 0.24407142 0.21865811
52.84931135 6.86578533 4.00268585 0.08377362 0.05009478 0.13629437 0.83325033
33.30230113 6.82732141 2.46782213 0.00349028 0.12016043 0.02060622 0.06016398
58.78445107 3.07229326 1.40520411 0.00521165 0.17924848 0.10759823 0.28313917
59.72550857 8.87772351 4.53273199 0.08553188 0.06452892 0.13094183 0.83299214
57.64121323 9.04163753 3.88077477 0.08458428 0.06267934 0.01698441 0.57317577
58.89225448 9.32179491 3.50008920 0.02462496 0.05346070 0.39489949 0.19574108
53.91128116 8.88541861 3.72554626 0.03401273 0.05377675 0.15148051 0.73742991
26.93666842 4.85032713 0.83495568 0.08580365 0.18592934 0.34700377 0.61184068
44.64621878 9.61512210 4.42029045 0.07122387 0.05727675 0.38936725 0.11750852
57.53654143 8.32537174 3.78403746 0.09636414 0.05071139 0.50839745 0.64076277
30.30287245 0.72705723 1.67014124 0.04186121 0.12769617 0.99675491 0.59029263
53.68910126 8.85937930 3.65703922 0.05490987 0.05509915 0.40985552 0.50328891
53.07152819 9.37122366 4.36059619 0.09431603 0.07245016 0.23693967 0.74827246
42.24211232 9.58605093 4.20485313 0.06742148 0.05287753 0.39115606 0.09282629
26.56381656 8.34694104 2.85775615 0.08900400 0.12763175 0.73261523 0.81775874
28.61798729 5.01325131 4.47153929 0.09534978 0.07560324 0.79832766 0.29026914
26.29009254 9.29467820 3.42809120 0.02956882 0.13067772 0.91360806 0.07426676
45.94358802 9.42679441 3.84316681 0.05767563 0.06343076 0.30746789 0.14565952
51.98772079 2.53964529 3.26599924 0.03505321 0.16705759 0.35373494 0.21664105
22.82375178 3.09582562 3.04319086 0.06087994 0.17784744 0.12797845 0.32530949
57.29976707 1.43845966 2.74481929 0.07914661 0.05572409 0.46604331 0.94592626
55.13812301 9.76734148 3.90384900 0.09205044 0.06010318 0.21696238 0.59952340
44.61119615 9.71260348 0.60560027 0.06085386 0.05175104 0.11922546 0.26655678
59.44154713 7.56211848 1.66207371 0.04100166 0.11609062 0.86515844 0.79700926
58.32337127 6.12966904 3.39371433 0.07643140 0.06505007 0.24820369 0.49978141
53.99921495 3.87999667 0.83539777 0.02302040 0.09720188 0.19110269 0.75248586
48.20672671 7.05621771 3.89869082 0.04971597 0.15943738 0.66317097 0.05619474
58.88786508 9.12276341 4.85023910 0.09329711 0.08004202 0.18230293 0.83368807
53.74917275 7.90095835 4.20089950 0.09758571 0.05903401 0.31852470 0.58064106
57.21399142 8.94505624 4.31518938 0.08994972 0.05384774 0.08811723 0.59942237
25.88588229 7.25480207 2.93445000 0.01554252 0.06505783 0.91617154 0.71127518
49.11735528 8.86746846 4.67157909 0.04485970 0.06514972 0.18934605 0.75441023
33.52513135 2.64115477 4.94791849 0.09513909 0.12877814 0.09049914 0.58718995
51.81693931 9.59545349 3.79812310 0.03425070 0.06151270 0.33582870 0.20929759
25.86720050 2.99705241 2.17106867 0.06246742 0.13246551 0.92500977 0.38606402
37.13949456 6.29956650 0.82696684 0.09168019 0.08827622 0.11479917 0.31192933
54.79315138 9.30814912 4.25965017 0.05824160 0.06322389 0.22941299 0.57559834
45.83825676 0.72671946 2.67324372 0.05638442 0.12042405 0.82434771 0.70112965
54.19223871 9.55538398 3.75573505 0.02791528 0.07240635 0.32785478 0.06788792
53.01175227 4.34793866 3.57547728 0.07455449 0.10272368 0.45781842 0.74735411
58.74685585 9.03688961 3.99261088 0.08115158 0.06138891 0.30616812 0.67822566
41.27787512 1.42090125 4.26026566 0.00632013 0.08196544 0.50467161 0.87418359
45.60125692 9.90210773 4.08889050 0.05209224 0.05799117 0.22695330 0.06943954
47.97321034 9.06302435 3.90418887 0.06243503 0.05249955 0.37423983 0.00555084
53.17509201 9.59726582 1.44968123 0.01530275 0.11019697 0.34178000 0.58417172
57.25669343 8.94792613 3.61396202 0.09521061 0.05313371 0.44592451 0.48538444
47.56747755 8.95342970 4.02844628 0.06383402 0.05744547 0.27005401 0.24584135
32.25712823 8.13973987 3.06015876 0.06617765 0.06215682 0.50845636 0.70725098
22.74307364 4.14410615 3.61860860 0.07986655 0.09149411 0.77472222 0.52430104
54.44175464 9.01990410 4.05696999 0.09365951 0.05565346 0.36734854 0.49429968
26.78031909 0.47131604 4.12296989 0.08585506 0.16486357 0.19990283 0.95989298
31.56359102 2.14792068 3.60807711 0.09930986 0.05762163 0.77716163 0.01321449
21.64412417 6.31793919 1.26491179 0.07028926 0.16572078 0.75639713 0.52233121
58.87080155 7.86074683 3.86275113 0.08972734 0.05890317 0.00599395 0.86719636
59.39937035 9.59116803 4.27679058 0.03585797 0.05610864 0.19721343 0.02848928
53.55289567 0.84524580 0.73026549 0.08435625 0.18717226 0.10966667 0.77076797
47.82197040 9.20431661 4.77970518 0.00900857 0.11041078 0.71685317 0.41832180
41.98478695 0.55061691 2.12709988 0.01458149 0.05276540 0.62999860 0.87341516
52.16745118 8.11726953 4.15764875 0.04582413 0.06360052 0.09792491 0.72043459
56.94471247 8.75234429 4.23468122 0.09360233 0.06974904 0.19389630 0.71431259
53.84771281 9.37938981 3.14302197 0.04192885 0.05094326 0.84554186 0.21086417
54.40746177 7.88418730 4.03914970 0.08275109 0.05261418 0.04923922 0.76741000
59.98105520 7.78407502 4.42253740 0.08037086 0.06005816 0.13852680 0.42034649
58.72547243 8.02280938 4.43095659 0.09647635 0.06534231 0.22936466 0.65654328
36.82671527 3.95259774 1.59356892 0.02033198 0.06395216 0.43581788 0.64722788
59.81985575 8.88333879 4.78371380 0.03547661 0.05611048 0.16774641 0.18779471
56.82291429 9.44823445 3.34904173 0.05134280 0.05277759 0.27860119 0.07960046
42.60710415 0.44661983 3.39127075 0.05586407 0.17845239 0.21325970 0.03489835
43.66596711 2.90612364 3.06306497 0.06099596 0.16134654 0.81659206 0.34216630
59.27425473 9.70244258 3.77409861 0.06018558 0.06980206 0.24030432 0.52561844
23.97341155 8.63161258 1.02081787 0.00611982 0.16136519 0.46271471 0.76615077
54.23637515 8.47149006 4.60818419 0.05167499 0.06166182 0.30976124 0.63361848
54.91559502 7.68672528 4.27506931 0.08222366 0.06179541 0.18521572 0.55625572
57.16697961 9.24281557 3.82023129 0.03529720 0.06065125 0.10026072 0.67569512
39.74955512 6.65396882 1.13286110 0.02179224 0.15624861 0.47694300 0.07274773
55.58581612 8.35604938 4.55267396 0.09751048 0.05084171 0.35962920 0.66198309
56.58176978 9.70930041 3.71240512 0.08390753 0.06681229 0.32434863 0.85874465
34.19457218 4.74901492 3.55394809 0.00913616 0.11756050 0.64364576 0.38811717
30.93181034 8.76533824 3.15335070 0.05585999 0.06848402 0.18240145 0.08866866
53.44078506 9.31446134 3.68387092 0.04623348 0.06605181 0.10338968 0.72755135
52.51522246 9.04746611 4.64060414 0.09940051 0.07732832 0.24985909 0.73199285
54.62653082 9.92808157 4.16347671 0.03719533 0.05824553 0.14989038 0.72905092
22.12341949 9.04895864 4.32182168 0.00993208 0.14607411 0.88485661 0.77086518
52.29168432 9.75654849 4.93556112 0.04840283 0.13934894 0.50817508 0.39388226
54.27503773 0.22086128 0.61113161 0.03208423 0.05499261 0.85012416 0.03872106
51.89085455 8.91316168 3.29734616 0.05391079 0.06044573 0.84782605 0.16938888
58.89157903 6.32938522 3.64407867 0.09169408 0.05127460 0.03271115 0.95310733
38.55721366 3.58352646 2.53890645 0.06897182 0.15736272 0.36458801 0.64092532
55.11203056 9.02902493 3.74103113 0.09114956 0.05860475 0.53092148 0.56189063
25.51182787 6.18038174 3.01269893 0.02073557 0.08348572 0.44904388 0.47490780
20.37804371 4.69410941 1.21475293 0.04771029 0.12293074 0.29778687 0.04542929
55.29730743 9.86433688 4.40065357 0.03859812 0.05417668 0.30002267 0.04056075
54.43698093 9.74625023 4.23076470 0.04599970 0.05781428 0.10024214 0.72214460
56.03572712 8.27698530 4.18209263 0.04710724 0.06017299 0.36687634 0.59595444
59.79141608 8.95630109 3.58189235 0.08197921 0.06779109 0.25160467 0.54780105
57.68747675 8.16519945 3.76350671 0.03153056 0.06804984 0.15539829 0.54881747
38.96324438 8.41436553 4.73480711 0.01632380 0.14923067 0.58307864 0.08532536
40.16236424 7.70680364 2.47970721 0.08685492 0.10298936 0.38328696 0.27926331
57.27890729 7.82517174 3.54984995 0.08861243 0.05683721 0.23610910 0.71898354
30.69125264 4.31185162 4.32751451 0.03084477 0.13065219 0.12763413 0.82557110
25.65215919 2.51278137 4.83582429 0.06413074 0.07534823 0.59258846 0.70810598
57.29484833 8.28357003 2.68243230 0.02018771 0.19407531 0.87661777 0.62427803
56.50902910 8.22133426 3.37956061 0.08660488 0.06492143 0.10289868 0.51026123
20.38357123 4.76957410 3.51692712 0.04773835 0.19272297 0.82335564 0.67735887
