115.02611719 15.78344360 17.16197212 0.16882418 0.05971877 0.45527442 0.57532507
122.48666770 15.85975541 16.63111102 0.15784017 0.05360253 0.56461535 0.28442003
26.39440245 1.76662860 1.21937028 0.01682615 0.07397901 0.15986006 0.15986006
30.07507980 2.66839455 1.63344648 0.02593582 0.08778155 0.25187700 0.25187700
88.00529803 25.85808027 13.89570252 0.12750220 0.06169803 1.26585179 1.28936208
93.02763193 22.08465751 12.25179969 0.19811780 0.05406505 1.12817522 0.55003136
58.24155778 9.56918166 4.80217525 0.09564786 0.19340584 0.95603894 0.95603894
85.16088269 21.92989559 12.38520291 0.20751668 0.05289423 1.11772102 0.52067503
91.50774932 20.74325378 12.26774603 0.20298125 0.05193356 1.15564610 0.52422082
86.53517219 28.49727102 13.76692318 0.13102396 0.06099377 1.23146362 1.19492616
48.15012616 7.09678091 3.66688919 0.07067156 0.15556297 0.70375315 0.70375315
86.27539890 26.66663611 13.71077335 0.14002563 0.06670033 1.21117222 1.27701123
118.65278061 12.49026218 15.60506148 0.14467611 0.06337889 0.96600222 0.22337317
114.08175592 17.63327844 16.89581048 0.15206211 0.06843661 0.53138140 0.19821244
48.47335402 7.17597173 3.70325233 0.07147155 0.15677508 0.71183385 0.71183385
81.89986997 22.47408247 12.38839614 0.19995733 0.05633640 1.14514051 0.50703111
74.33035790 28.51743734 12.29016115 0.10307233 0.05120505 1.08097140 1.02920822
67.21634325 30.13943896 13.08481896 0.10583642 0.05589119 1.03356026 1.16473791
74.73303179 27.78719973 12.98483751 0.10718721 0.06577211 1.18543375 1.05030685
31.52959189 3.02475001 1.79707909 0.02953574 0.09323597 0.28823980 0.28823980
102.66877913 20.02134961 13.01085296 0.17364064 0.05802973 0.86202285 0.72152484
35.30253848 3.94912193 2.22153558 0.03887378 0.10738452 0.38256346 0.38256346
113.08658749 18.02245384 15.95038879 0.16349823 0.05464323 0.57402335 0.34330197
69.46901862 30.39094800 12.97582408 0.08701724 0.05656178 1.37854977 1.11209475
54.15226143 8.56730405 4.34212941 0.08552685 0.17807098 0.85380654 0.85380654
70.28225186 29.80509896 14.04650307 0.07053257 0.05001176 1.39353943 1.25123313
71.69659142 30.05875393 13.09135185 0.11613073 0.05720395 1.02847587 1.15782812
82.08882235 25.75318291 12.81748231 0.14833968 0.05592554 1.29251287 1.15653518
118.14067763 15.06456432 17.24335583 0.17660364 0.05177733 0.51318545 0.63986425
49.37025659 7.39571286 3.80415387 0.07369139 0.16013846 0.73425641 0.73425641
117.93101672 13.28083745 15.90423431 0.14441089 0.06571269 1.02368115 0.16839900
98.90555870 20.34626648 14.10878601 0.22387884 0.05780120 0.77443491 0.70176801
70.86537160 30.71117469 12.60943876 0.08226457 0.05311973 1.38566255 1.16019914
44.00102009 6.08024992 3.20011476 0.06040252 0.14000383 0.60002550 0.60002550
68.02874849 29.75972730 13.14199286 0.09582279 0.05632955 1.49477516 1.09662956
24.57699334 1.32136337 1.01491175 0.01232806 0.06716373 0.11442483 0.11442483
74.60313246 29.56606480 12.55127628 0.10677353 0.06361355 1.05788838 1.05299754
84.98049605 27.37136788 12.90272389 0.14872369 0.05532476 1.13574382 1.23030340
84.77658820 26.87958866 14.03724166 0.14315698 0.05845126 1.24976407 1.20862244
25.65404664 1.58524143 1.13608025 0.01499377 0.07120267 0.14135117 0.14135117
114.14934207 17.20467459 15.77716574 0.18416568 0.05149994 0.79057147 0.46877252
81.99746806 21.85007313 12.28283910 0.19773587 0.05156067 1.17639924 0.70434413
81.61655516 21.34653608 12.51720328 0.20300781 0.05640756 1.11101953 0.72143044
42.61359971 5.74033193 3.04402997 0.05696866 0.13480100 0.56533999 0.56533999
114.52067283 18.18995995 16.71006494 0.16918272 0.05260486 0.39713199 0.56509553
118.61726722 17.28385251 15.47403895 0.17404662 0.06307003 0.83961398 0.31505500
56.93950512 9.25017875 4.65569433 0.09242528 0.18852314 0.92348763 0.92348763
116.74985973 18.18580280 16.08472711 0.15236238 0.05456190 0.44479552 0.20494262
95.08744027 18.53586983 13.69411607 0.16873242 0.05314972 1.08913555 0.97351921
48.67756580 7.22600362 3.72622615 0.07197698 0.15754087 0.71693914 0.71693914
82.86346440 21.25862308 12.36299951 0.20456003 0.05908912 1.23300102 0.75874083
60.52974411 33.19064592 12.98195488 0.07424821 0.06066505 1.45625033 1.07731748
53.04602261 8.29627554 4.21767754 0.08278891 0.17392258 0.82615057 0.82615057
33.18357124 3.42997495 1.98315176 0.03362934 0.09943839 0.32958928 0.32958928
120.46059996 16.17114647 15.47801951 0.16185323 0.06579533 0.68687791 0.38456553
37.84080293 4.57099672 2.50709033 0.04515599 0.11690301 0.44602007 0.44602007
25.39371889 1.52146113 1.10679337 0.01434945 0.07022645 0.13484297 0.13484297
65.81854049 33.71402272 13.24311974 0.03221494 0.06019351 1.42029591 0.95011243
62.48980640 32.02709095 13.46150490 0.08540222 0.05821716 1.59519509 1.18106993
104.31317122 20.93416044 13.19900827 0.17970889 0.05584315 0.83206219 0.71373882
115.82228064 17.56283137 16.97648274 0.16169074 0.05093859 0.43255028 0.51582667
84.73738657 21.70874367 12.12503123 0.20768394 0.07165027 1.14064555 0.61706417
36.46398921 4.23367736 2.35219879 0.04174837 0.11173996 0.41159973 0.41159973
103.24400370 19.82151388 13.10460271 0.18478023 0.06116894 0.84977580 0.63098459
34.23432572 3.68740980 2.10136164 0.03622996 0.10337872 0.35585814 0.35585814
52.31326813 8.11675069 4.13524266 0.08097534 0.17117476 0.80783170 0.80783170
111.45094470 16.28528040 16.94020794 0.16828910 0.05591466 0.60806640 0.63104098
49.96026630 7.54026524 3.87052996 0.07515166 0.16235100 0.74900666 0.74900666
51.37516338 7.88691503 4.02970588 0.07865353 0.16765686 0.78437908 0.78437908
62.35051942 33.94594566 12.96421422 0.02862738 0.05682788 1.37589142 0.96369407
106.44415692 18.80194795 13.03673305 0.17846407 0.05317238 1.13870901 0.19120103
101.49991618 19.17378987 13.17504077 0.17632587 0.05618804 0.95559346 0.33291818
84.71949526 29.71929295 13.03379332 0.11114606 0.05359074 1.45333013 1.11625789
29.48548004 2.52394261 1.56711650 0.02447656 0.08557055 0.23713700 0.23713700
130.68963471 15.10061428 15.92761662 0.18522643 0.05687831 0.48678119 0.24638692
124.40179148 16.32850856 15.48301106 0.16963711 0.05686838 0.81730393 0.36748236
90.83019242 22.26243365 12.81358262 0.20213249 0.05297092 1.12728600 0.42228483
130.48779331 15.75511021 15.88336250 0.18676490 0.06310506 0.44054402 0.15889977
56.71293885 9.19467002 4.63020562 0.09186452 0.18767352 0.91782347 0.91782347
48.27316838 7.12692625 3.68073144 0.07097609 0.15602438 0.70682921 0.70682921
129.19457436 19.37391309 16.73276163 0.15128191 0.05294046 0.73589927 0.23845954
90.27280912 27.10348665 13.83878736 0.14077785 0.05126512 1.19210630 1.27366642
59.95363253 9.98863997 4.99478366 0.09988524 0.19982612 0.99884081 0.99884081
43.69655641 6.00565632 3.16586260 0.05964898 0.13886209 0.59241391 0.59241391
96.20897458 19.61836675 14.35127655 0.22283753 0.05731519 0.85387395 0.79461827
88.99847970 26.87034639 13.82975457 0.13035260 0.05497182 1.23588169 1.38033772
26.33942331 1.75315871 1.21318512 0.01669007 0.07377284 0.15848558 0.15848558
115.31121247 19.04262436 16.16149571 0.14202035 0.05328488 0.29924408 0.16092838
91.34112999 22.00990596 12.56345987 0.21652391 0.05679507 1.30851122 0.40387143
116.39662694 18.26557639 16.46103079 0.16264328 0.06536140 0.43685714 0.21761176
131.12424399 15.61107586 15.99322925 0.18283966 0.05047045 0.54415791 0.23678255
36.09851867 4.14413707 2.31108335 0.04084383 0.11036945 0.40246297 0.40246297
21.39454534 0.54166361 0.65688635 0.00445150 0.05522955 0.03486363 0.03486363
84.96186392 22.14962848 12.32680649 0.19856006 0.05616864 1.29942841 0.75000047
115.51529467 18.15973294 16.03069035 0.15930673 0.05829566 0.51112570 0.40937895
111.06352735 18.59052274 15.68147388 0.14683312 0.05847011 0.50348932 0.10830047
27.90440361 2.13657888 1.38924541 0.02056340 0.07964151 0.19761009 0.19761009
39.97730823 5.09444052 2.74744718 0.05044384 0.12491491 0.49943271 0.49943271
79.84574143 21.12566448 12.62500552 0.19835637 0.05390683 1.08700098 0.53812389
70.69326680 30.26185198 12.77497676 0.07878650 0.06574160 1.23734536 1.12989282
86.36149400 27.79426957 13.51650335 0.13572576 0.06478562 1.32580608 1.33938407
99.20840490 19.88912675 13.97091152 0.20912635 0.05148022 0.78599455 0.87991206
119.31684833 15.27959170 16.42129060 0.15897327 0.05614652 0.50204702 0.32177871
81.29066828 27.73754554 12.83158896 0.11330749 0.06355229 1.45075091 1.10255757
91.83436001 21.27679732 12.81154358 0.21130484 0.05008388 0.90818841 0.54208054
100.46905864 18.71604984 13.08087536 0.18413075 0.05673115 1.09261498 0.74562422
56.25988621 9.08367212 4.57923720 0.09074322 0.18597457 0.90649716 0.90649716
115.50848178 17.03245243 15.97793598 0.15649391 0.05001055 0.31513638 0.22194184
115.61072569 12.81748755 15.64954457 0.14963082 0.05616016 1.01581351 0.07003118
84.09325850 22.06037320 11.80299283 0.21261678 0.06005762 1.22156781 0.79379043
113.12283917 18.33136530 16.20561402 0.14430239 0.07105521 0.40733300 0.22292002
112.88992440 15.84546270 16.94979571 0.16166916 0.06504979 0.43841335 0.61847406
25.10067453 1.44966526 1.07382588 0.01362417 0.06912753 0.12751686 0.12751686
76.19141582 28.41889874 12.19056657 0.10495101 0.05268046 1.21732397 1.07000078
49.79828691 7.50058029 3.85230728 0.07475076 0.16174358 0.74495717 0.74495717
93.41747069 21.99076941 12.72693157 0.19205003 0.07687249 1.20163965 0.50058562
115.40918553 15.73340441 15.65678142 0.18347482 0.05443820 0.91599914 0.41495928
95.37357670 22.47582288 12.48252701 0.19976298 0.05523710 1.16918725 0.47922552
25.23597215 1.48281318 1.08904687 0.01395903 0.06963490 0.13089930 0.13089930
128.43408276 14.64157427 16.14107054 0.18042330 0.05002109 0.56922499 0.23275107
91.31134734 21.76789926 12.58278423 0.20296391 0.06195252 1.20702554 0.52002280
83.45958411 21.65069781 12.68831748 0.20864886 0.05326081 1.06936085 0.74704088
120.56616970 15.71858125 16.26435447 0.16270580 0.06240913 0.64778148 0.23440245
113.67879987 16.52732424 16.22561047 0.15424001 0.05006930 0.44025985 0.12772478
57.73317559 9.44462802 4.74498225 0.09438961 0.19149941 0.94332939 0.94332939
38.71268567 4.78460799 2.60517714 0.04731390 0.12017257 0.46781714 0.46781714
118.12172318 17.78442697 16.35209598 0.15777750 0.05274184 0.56643061 0.42476974
118.22854114 17.08352957 15.27600826 0.16814606 0.06421901 0.72407595 0.45846473
