44.37544936 6.17198509 3.24223805 0.06132924 0.14140794 0.60938623 0.60938623
58.44735564 14.69076127 5.39240073 0.04312599 0.05872116 1.17638546 0.83407653
61.03900574 14.11221403 7.07450144 0.02959651 0.07166693 1.35131805 1.04663326
61.81251310 14.11590546 6.06753422 0.02687687 0.06273882 1.08664902 0.54845729
75.77635332 7.94938645 7.14898302 0.14602596 0.07280814 1.10607240 1.03834795
65.45415837 13.34092460 5.31313510 0.04151513 0.05973825 1.23812933 0.65745763
57.79190279 9.45901618 4.75158906 0.09453496 0.19171964 0.94479757 0.94479757
57.71076961 16.27507858 6.80880875 0.03492742 0.06647945 1.44416937 1.20719512
64.18441560 15.24047376 7.16774941 0.00604218 0.06781076 1.28365367 1.22802236
75.85626259 11.27102969 6.58880570 0.10028148 0.06087766 0.52493294 0.95845300
58.85398122 14.31415977 6.98501522 0.02777570 0.05386394 1.26088375 0.99322757
63.63903170 14.17045609 4.93088875 0.11522671 0.05159111 0.79328524 0.67103367
22.40892865 0.79018752 0.77100447 0.00696210 0.05903348 0.06022322 0.06022322
21.75068787 0.62891853 0.69695238 0.00533295 0.05656508 0.04376720 0.04376720
59.93708786 14.83363555 5.96118874 0.11557821 0.06629000 0.79308738 0.75264231
59.04449599 14.95930076 6.57207282 0.03202795 0.05969417 1.24994210 0.98194066
72.02057406 16.13140690 7.30296989 0.01031502 0.06444562 1.46070160 1.15448313
65.59392501 11.25283281 6.14809167 0.11420422 0.05655496 1.10519683 0.71351479
39.66302264 5.01744055 2.71209005 0.04966598 0.12373633 0.49157557 0.49157557
66.28709539 14.35179972 5.20893558 0.11561365 0.08266944 0.81295007 0.71834349
59.47405682 16.31764297 6.88065548 0.02212119 0.05246315 1.49492554 1.20134583
42.09862062 5.61416205 2.98609482 0.05569409 0.13286983 0.55246552 0.55246552
59.44499166 13.93561573 7.38105740 0.03137200 0.06097181 1.08350943 1.05140737
36.67440907 4.28523022 2.37587102 0.04226916 0.11252903 0.41686023 0.41686023
61.26841975 11.34993906 6.25807231 0.11554828 0.05414870 1.01949257 0.68389502
71.12663364 14.52612921 6.85243211 0.02396942 0.05038170 1.39948794 1.16658098
73.20032455 10.86253201 6.07667750 0.12783751 0.05208923 0.77810584 0.76548550
60.84357878 12.89404817 5.33477835 0.04875544 0.05507954 1.16787721 0.71592044
65.87407972 15.28222001 7.65369291 0.02058218 0.07155318 1.27451719 1.08465061
62.08768574 14.88270546 5.24000973 0.04225253 0.05716148 1.18044325 0.69379717
63.85296320 13.80049476 7.11721892 0.02784625 0.06023107 1.09000198 0.85984199
62.02239049 13.78224484 7.40145846 0.01487712 0.05511804 1.04492759 1.01818976
63.11992577 14.38186098 5.61474433 0.12194048 0.06422257 0.78506209 0.69322182
68.19494218 11.25622819 6.16743932 0.13208912 0.05532938 0.83339284 0.97064078
69.22544825 15.08196585 6.99963147 0.03282748 0.06133577 1.28540796 1.04302413
63.39053356 15.15806162 7.19699352 0.03302311 0.05177611 1.04621937 0.94423741
53.41378030 8.38637617 4.25905028 0.08369911 0.17530168 0.83534451 0.83534451
61.56896342 12.39539760 5.90642312 0.13082331 0.05504708 1.15360909 0.70286247
53.97689772 8.52433994 4.32240099 0.08509282 0.17741337 0.84942244 0.84942244
66.23286802 12.44685952 6.03288316 0.13317636 0.05366355 1.09374674 1.00566622
61.33814384 14.69890260 5.41949925 0.11932540 0.05283871 0.83348255 0.70915596
75.47663419 10.49174397 6.04332515 0.13854588 0.05982732 0.89472898 1.02084369
68.41076369 10.96410390 6.27689355 0.12777720 0.07641317 0.83202580 0.95332933
64.91976032 12.33907781 6.01888149 0.11748098 0.05863662 1.10748596 0.71618973
73.75840770 16.19321290 7.36103805 0.00467459 0.07609083 1.46397959 1.20183316
55.54201950 17.10360411 6.99418299 0.02355472 0.05364741 1.48325150 1.04056863
36.29675311 4.19270451 2.33338473 0.04133446 0.11111282 0.40741883 0.40741883
55.78953805 15.93626710 6.53550557 0.03084044 0.06118768 1.26161010 0.94823679
61.90222432 13.40149477 5.72853584 0.10394078 0.05106845 1.06964986 1.01080835
48.27693011 7.12784788 3.68115464 0.07098540 0.15603849 0.70692325 0.70692325
45.71416545 6.49997054 3.39284361 0.06464256 0.14642812 0.64285414 0.64285414
64.57553177 12.72818612 6.21561412 0.13287554 0.05164803 0.98017781 1.11122978
55.77165638 8.96405581 4.52431134 0.08953485 0.18414371 0.89429141 0.89429141
65.09376468 15.51370144 4.84888364 0.12727029 0.06040947 0.83203328 0.92550361
58.48371034 9.62850903 4.82941741 0.09624718 0.19431391 0.96209276 0.96209276
71.17998143 14.83563641 6.17467048 0.04896802 0.05088159 1.05750316 0.86577814
61.86299884 14.32041923 6.05439765 0.12828403 0.05879790 0.73831097 0.80184217
69.38078038 16.34017176 7.80959383 0.01590483 0.05826908 1.63916235 1.28895616
73.20596712 11.41795812 6.67998366 0.09693851 0.05779978 0.49701627 0.95568088
64.42197919 14.32415409 6.85339069 0.02505397 0.06040483 1.39324662 0.97601769
57.05521881 14.22241943 7.45252159 0.03198397 0.06320058 1.15744409 0.94960533
61.48469154 13.79782136 7.32545694 0.02193309 0.05400454 1.18973553 1.03552629
64.07677322 12.61101107 5.92083682 0.07330055 0.07412842 1.18512094 0.79892521
61.27059834 14.92064688 5.55989415 0.04381847 0.05639427 1.24413871 0.85261838
60.06462693 16.20187734 6.97668348 0.03193082 0.05902226 1.36631703 1.13735076
39.08888547 4.87677694 2.64749962 0.04824499 0.12158332 0.47722214 0.47722214
72.77686406 10.74657164 6.00372949 0.12663197 0.06143204 0.86742634 0.75168861
63.02912943 12.70431968 5.45185302 0.03794876 0.07073248 1.15236574 0.62166807
74.99213650 10.28092712 6.67202915 0.12641388 0.05750125 0.74983774 0.97080120
22.46069066 0.80286921 0.77682770 0.00709021 0.05922759 0.06151727 0.06151727
33.37504536 3.47688611 2.00469260 0.03410324 0.10015642 0.33437613 0.33437613
71.94995525 13.92827073 6.91605429 0.02695434 0.05783331 1.43761733 0.80102770
62.83376494 15.21111623 7.29857861 0.02936743 0.06116993 1.08372222 1.00286637
69.23231359 13.87951920 6.70596003 0.02706457 0.05335794 1.32830918 1.07825739
73.51406636 12.54357449 7.37108723 0.11953108 0.05940433 0.87192379 0.95731615
58.16728650 15.55153683 6.58881560 0.02415068 0.05974521 1.21122190 0.89726372
55.72396653 14.25939871 7.22186153 0.03640243 0.07576119 1.29236143 0.98384360
70.27438185 8.62132709 6.28633617 0.15918324 0.05910329 1.20739710 0.84518427
45.65168652 6.48466320 3.38581473 0.06448792 0.14619382 0.64129216 0.64129216
55.34549627 16.40899671 6.59325069 0.01185041 0.05926511 1.38848332 1.09582872
60.62973769 13.63571463 5.68485394 0.13295663 0.05425628 0.88165648 0.89476412
69.15445746 10.17296187 5.80752821 0.11027687 0.08962368 0.89290124 0.91834588
69.07873778 10.66184934 5.69329561 0.12647598 0.07545675 1.00258149 0.90538909
65.65118899 12.01193523 6.37936010 0.11104340 0.05874432 1.10072159 0.75711422
76.69836248 10.48553165 6.30229746 0.12616513 0.06201844 0.69697608 0.99608467
69.47233841 14.38267702 6.97114557 0.03169882 0.06832709 1.29982984 0.98788666
60.25547303 14.80054793 6.53394040 0.02028804 0.05691038 1.11341367 0.93394398
73.41890375 16.33897474 7.14257725 0.01670525 0.06019838 1.49730490 1.17551752
61.13767420 16.76705518 6.50035614 0.03102888 0.06128408 1.41373786 1.12369886
65.51220817 10.20542236 6.57357917 0.16723561 0.05680240 1.05982340 0.72074382
68.94045155 11.86823287 6.05300141 0.14001628 0.06459180 1.08930199 1.12664367
65.47447202 14.86062085 7.34944923 0.02714786 0.05652045 1.25677428 1.10055687
65.94688793 14.12153973 4.79804199 0.11870966 0.06556349 0.75454416 0.68299848
52.04405547 17.58557303 5.32636436 0.02796311 0.06709970 1.29964960 1.23558689
37.89803882 4.58501951 2.51352937 0.04529765 0.11711765 0.44745097 0.44745097
65.57820073 15.22865530 7.18293318 0.01156465 0.05847871 1.30817765 1.22469216
78.40728130 10.56563246 6.52437837 0.12679099 0.06128561 0.80758056 1.06148585
32.78028557 3.33116997 1.93778213 0.03263121 0.09792607 0.31950714 0.31950714
36.15680941 4.15841831 2.31764106 0.04098810 0.11058804 0.40392024 0.40392024
60.12116056 14.70617182 7.30380899 0.02765260 0.06814647 1.20080106 1.00463773
63.80149425 12.11396360 6.16297708 0.12068490 0.05572371 1.17726010 0.85113467
68.40319607 14.41910392 6.35252488 0.02486568 0.06570134 1.40925108 1.01427039
64.97013714 11.48821444 6.09966580 0.07011254 0.06932787 1.25573296 0.85927130
42.44108694 5.69806630 3.02462228 0.05654169 0.13415408 0.56102717 0.56102717
61.61951634 14.66534939 5.99998552 0.04339234 0.05746466 1.21318322 0.93326310
73.90738127 14.73239910 6.35178811 0.00138635 0.06415293 1.31977041 1.09285884
62.41782414 14.56190116 6.48067004 0.02073066 0.05949344 1.27714514 1.08761278
70.24061669 8.46770761 6.21357591 0.16044314 0.05657930 0.98724591 0.97657544
40.01220934 5.10299129 2.75137355 0.05053022 0.12504579 0.50030523 0.50030523
66.98104945 15.15692105 6.61740347 0.02417825 0.07103018 1.28245294 1.11406661
58.92717794 15.49121387 6.30740735 0.02626722 0.05795623 1.33315731 0.92402695
80.40054479 11.56263208 6.33832297 0.13607413 0.06638119 0.72597922 1.01020469
65.41022804 12.77690119 5.27563376 0.12330121 0.06590640 0.65509546 0.77048894
51.03054574 7.80248371 3.99093640 0.07780060 0.16636455 0.77576364 0.77576364
60.45092814 15.12527519 5.56227371 0.11404464 0.07466660 0.77962768 0.92043527
48.69560807 7.23042398 3.72825591 0.07202163 0.15760853 0.71739020 0.71739020
72.16727231 11.88870696 6.57531194 0.12849075 0.05863618 0.83870168 0.87869877
73.70268642 10.42460530 5.61570023 0.09123890 0.05481318 1.03852338 0.59038920
59.90331086 16.83320000 7.03146676 0.02319376 0.06337504 1.48628136 1.02451932
61.13047211 13.77142811 5.73350332 0.05707872 0.05594626 1.11532797 0.88026136
68.34432010 8.90096295 6.36236657 0.15227043 0.05416017 1.30212552 0.86254265
67.53193432 12.06580431 5.38991812 0.12220835 0.05551213 0.94272527 0.99471743
24.15472371 1.21790731 0.96740642 0.01128294 0.06558021 0.10386809 0.10386809
72.22433315 11.36949984 5.87426865 0.12463733 0.05400233 0.95962895 0.89779270
67.67661837 15.19071040 7.20205091 0.03590898 0.06383411 1.25361538 1.10415731
66.83726930 12.89145631 6.36210675 0.07101979 0.06256516 1.26272619 0.88525576
71.67839323 11.17121427 6.04644757 0.12536986 0.08915563 0.96396878 0.87155486
72.51254897 11.24169466 6.01257459 0.10864386 0.07315611 0.95995184 1.00813761
