22.99656098 0.93415744 0.83711311 0.00841649 0.06123710 0.07491402 0.07491402
87.80212522 18.82328796 20.13620028 0.32688110 0.05633904 0.88498978 0.23021696
34.48938823 3.74990012 2.13005618 0.03686124 0.10433521 0.36223471 0.36223471
54.14794297 8.56624603 4.34164358 0.08551616 0.17805479 0.85369857 0.85369857
67.09987683 30.00542037 16.18629096 0.24473554 0.07143232 1.28442189 0.05904071
81.13725462 24.16779053 16.87215997 0.31939365 0.05083207 0.85791737 0.26721887
82.41300927 30.32992967 15.46920873 0.26243767 0.05591659 1.72244690 0.19614718
90.16695734 20.42164857 19.63574472 0.32945698 0.05212160 0.76471001 0.27083990
88.43000034 23.67394251 17.44426726 0.30419566 0.05181656 1.02150629 0.23876672
71.32781787 29.27800956 15.68444165 0.24542121 0.05206097 1.50503478 0.13329253
69.52850064 29.70093962 16.68231908 0.23996405 0.05117269 1.35203339 0.03947719
93.19232819 22.48135721 18.24856139 0.32982612 0.05448905 0.91461620 0.15628696
75.55445595 29.33058668 15.45245157 0.23442459 0.05775514 1.43484384 0.19844520
67.00968335 28.53882132 15.11845846 0.23700764 0.05738865 1.37063664 0.17659074
25.93525035 1.65413634 1.16771566 0.01568974 0.07225719 0.14838126 0.14838126
86.52342741 25.24011998 18.60247141 0.31912902 0.05891205 0.99788149 0.06305435
74.52877106 29.76157850 15.19817676 0.24400880 0.06394833 1.45453112 0.19426515
83.65923323 29.41148992 15.75072723 0.26317174 0.06643140 1.74984328 0.15425233
72.99588849 29.49986469 15.65325160 0.23432172 0.05021560 1.40865992 0.14784587
62.33310292 32.58638200 14.16742829 0.24555708 0.05216343 1.72937324 0.40792934
79.09400325 23.62465383 16.67778452 0.32642557 0.05967210 0.88022861 0.20252919
70.81816466 29.32055539 15.57455517 0.23998611 0.06583387 1.46922919 0.04490321
85.72022698 24.22002182 17.11982061 0.30731934 0.05278444 1.05203417 0.15944779
92.09926643 21.64381960 19.37651143 0.32620318 0.05527958 1.04615195 0.12470332
84.55475118 25.35299858 16.80170134 0.21298441 0.06226745 1.19109871 0.51561115
56.62506104 9.17313996 4.62031937 0.09164703 0.18734398 0.91562653 0.91562653
65.34610805 30.27625352 16.59238672 0.25411400 0.06694199 1.44770693 0.01141291
98.10601012 23.31713444 18.06413148 0.33411073 0.05410550 0.99705703 0.12231814
83.84984842 26.37611747 16.66435942 0.20351277 0.06057326 1.34147047 0.46773325
86.79235922 24.21385098 17.45982245 0.31782675 0.05561549 1.00185820 0.19989626
65.62241414 31.23480666 14.39170347 0.23679563 0.05335896 1.77069223 0.31028161
97.16089204 21.26774564 20.79210104 0.32339474 0.06878331 0.82711116 0.19598429
28.08265997 2.18025169 1.40929925 0.02100458 0.08030997 0.20206650 0.20206650
98.05346493 21.37077923 17.79925004 0.34765730 0.05295886 0.88206791 0.13586224
85.46411768 23.76078202 17.48825679 0.31355733 0.06156578 0.98882679 0.26824501
85.40373063 23.15532825 19.71763587 0.31226502 0.05873657 0.98653140 0.22302607
78.38438178 31.59754307 15.54412024 0.25491424 0.05379194 1.90164583 0.28734715
83.28837480 26.21036519 18.72092691 0.33364958 0.06499832 0.88450245 0.13218241
40.10374076 5.12541649 2.76167084 0.05075676 0.12538903 0.50259352 0.50259352
94.44999613 22.35977880 18.15386687 0.33401135 0.05983496 0.91494642 0.08402483
77.48869898 31.04795011 15.06562327 0.26374573 0.05408870 1.82511430 0.23270174
89.79661065 22.81766209 20.18605826 0.32690979 0.05080471 0.90899950 0.33863653
68.31253754 30.18063100 16.24633644 0.23855268 0.06957797 1.43676054 0.04614765
94.95758879 21.10050173 19.42719084 0.29356929 0.05661142 1.45752237 0.21448740
82.04059622 23.50135248 16.99785005 0.30858038 0.05797838 0.81003651 0.33489108
70.37454995 29.49695047 15.85583955 0.23701523 0.05738294 1.44348477 0.18369601
24.72872264 1.35853705 1.03198130 0.01270359 0.06773271 0.11821807 0.11821807
83.58064901 24.18045245 16.91284210 0.30862336 0.05344540 0.88979283 0.31260506
86.24757594 22.98501500 17.63078353 0.32194853 0.06846337 0.97536188 0.47999002
69.04630371 29.33181478 15.93709030 0.24461226 0.05308448 1.37586393 0.17470381
86.46755885 24.05746299 17.57680552 0.31077953 0.06237559 0.82249507 0.15136355
89.19163287 22.41495587 19.18615873 0.31682927 0.07457827 1.30848206 0.19481310
32.42071751 3.24307579 1.89733072 0.03174128 0.09657769 0.31051794 0.31051794
24.38082463 1.27330204 0.99284277 0.01184254 0.06642809 0.10952062 0.10952062
97.75559978 21.38739802 20.59054093 0.33042050 0.05047065 0.82123883 0.22424252
94.86573394 21.29246653 19.37920181 0.32755755 0.05846373 0.98826543 0.09180019
52.87346161 8.25399810 4.19826443 0.08236182 0.17327548 0.82183654 0.82183654
86.44232750 24.26648605 18.63415649 0.30620415 0.06600473 0.95932257 0.09296879
91.02426475 18.77694732 19.93101102 0.32897327 0.05686928 0.94838294 0.20703040
28.47594638 2.27660686 1.45354397 0.02197797 0.08178480 0.21189866 0.21189866
69.68747673 29.32624502 15.98243854 0.23251320 0.06473665 1.41752707 0.21991013
74.14803893 30.09521328 15.48339603 0.25396877 0.05683314 1.88509062 0.19457799
74.64170602 30.04113428 15.61570827 0.25440681 0.05967888 1.85540354 0.00589418
51.23674437 7.85300237 4.01413374 0.07831094 0.16713779 0.78091861 0.78091861
63.92336976 32.52880703 14.14002319 0.24328351 0.05837754 1.70059162 0.32730665
95.26731724 22.36235795 19.47902662 0.31728730 0.05239295 1.32067844 0.16247826
83.91190609 25.58302236 18.66677979 0.31731800 0.06057086 0.72061803 0.01102729
87.70982446 23.83423163 17.14531688 0.33650280 0.05851088 1.45363595 0.15524790
62.96789996 29.57533474 16.04944773 0.24266818 0.06215859 1.61492225 0.10765003
53.26345128 8.34954556 4.24213827 0.08332704 0.17473794 0.83158628 0.83158628
104.41421267 20.62585099 19.03467872 0.30047581 0.05486011 1.20249283 0.17740205
88.91300879 24.84142102 18.70902921 0.31256278 0.05312738 0.97470266 0.15501676
90.29936932 23.09608150 19.45062072 0.32062662 0.05103100 0.97401357 0.31994321
59.41382978 9.85638830 4.93405585 0.09854923 0.19780186 0.98534574 0.98534574
102.97436367 22.35348416 19.44359229 0.32773574 0.06066256 0.92504663 0.25028766
74.13586249 30.28672247 15.64381444 0.26209164 0.05206866 1.76236684 0.03149535
61.19615460 32.97293835 13.91698859 0.24427920 0.05398490 1.61313724 0.35364204
86.70319553 25.55709596 16.76507525 0.21846272 0.05193679 1.31313657 0.45263111
111.94567635 23.06795540 19.10039215 0.30930883 0.05119826 1.26236001 0.28094051
51.95991690 8.03017964 4.09549065 0.08010079 0.16984969 0.79899792 0.79899792
95.25508393 20.71963115 19.56543957 0.31846625 0.07014641 1.26351129 0.17079134
89.66297934 24.69346981 19.81710988 0.30983981 0.05592444 0.95134036 0.32449582
80.55073317 25.10721786 18.84753182 0.32252712 0.05836692 0.92807036 0.19709197
93.21941851 22.07862932 17.91479232 0.33556598 0.05240174 0.92422264 0.13566779
66.78240123 29.63996417 16.82483651 0.23832759 0.05953173 1.35775137 0.06196666
83.54337068 24.04636828 17.29646805 0.30396999 0.05819699 0.82904231 0.41436384
102.18100974 20.86335371 19.66187996 0.30702984 0.05262510 1.35425584 0.14149690
86.41936035 23.47959319 17.99901803 0.30665969 0.05791269 1.14314031 0.20777424
61.44298448 29.95536520 15.58954397 0.24520587 0.05229001 1.68135171 0.21845345
89.06661398 24.91501064 18.81937411 0.31855035 0.05636966 0.86442015 0.22612955
62.66249130 29.83621428 16.12272775 0.24231209 0.05617075 1.71691406 0.26115438
51.69392468 7.96501155 4.06556653 0.07944246 0.16885222 0.79234812 0.79234812
25.72868274 1.60352727 1.14447681 0.01517849 0.07148256 0.14321707 0.14321707
96.09663978 21.76499836 19.71579566 0.28612717 0.06064351 1.39721903 0.32672629
96.10008352 22.12942589 18.05914709 0.33974195 0.05483289 0.97974648 0.10439874
96.67991693 21.34305000 19.63883444 0.32030190 0.05612359 1.31716418 0.21102393
90.03278610 21.73333142 19.47441519 0.32209025 0.05471693 1.11352893 0.06201606
80.55566761 25.21066222 16.68413623 0.20651550 0.05164823 1.40559110 0.55221183
88.98605185 25.04306817 18.94885975 0.31922305 0.05609117 0.99761607 0.13079251
21.11874639 0.47409287 0.62585897 0.00376890 0.05419530 0.02796866 0.02796866
25.91603625 1.64942888 1.16555408 0.01564219 0.07218514 0.14790091 0.14790091
91.76308249 22.64982879 19.42991464 0.31760877 0.05935787 1.47694419 0.20926905
93.33128191 22.38474128 18.98531588 0.30851321 0.05245393 1.00987649 0.25251305
84.20925035 23.92243320 17.56538726 0.31265561 0.05876193 0.81990756 0.27212241
92.66207585 23.34845748 17.61587723 0.32876012 0.05599078 0.90308088 0.02413749
47.29361419 6.88693548 3.57053160 0.06855170 0.15235105 0.68234035 0.68234035
85.32620992 26.48653197 18.54036261 0.32931488 0.05452489 1.03471303 0.09673421
79.72875035 23.83614657 17.00686154 0.30375754 0.06658107 0.73323331 0.35894373
72.29704452 29.23262346 15.05415183 0.24191111 0.05557025 1.84824830 0.02242471
84.70089176 23.77232443 17.09020802 0.31579782 0.06818955 1.02265803 0.40529103
94.05963123 20.95986154 19.61102590 0.32917066 0.06257986 0.99983613 0.11048969
48.27997007 7.12859267 3.68149663 0.07099293 0.15604989 0.70699925 0.70699925
85.59058677 25.17206408 18.80154680 0.31755898 0.05443331 0.93104544 0.19196195
91.25400333 22.65793970 19.18422329 0.30903903 0.05387967 0.91976910 0.39530598
89.56299192 24.04209545 17.49376821 0.33794359 0.05311233 1.41894426 0.13317417
82.63092052 23.73526151 17.28678420 0.30752514 0.06415140 0.92255264 0.44860146
111.18317309 22.80864676 19.66366061 0.30887716 0.05870738 1.32443952 0.18716184
80.59748700 24.45705347 17.22838447 0.30301960 0.05132008 0.87070704 0.44405625
80.85548616 26.26048733 17.03290091 0.21615154 0.05435030 1.22239935 0.51830445
93.92896321 22.28328081 17.70064554 0.33317032 0.05048139 0.93626922 0.05095934
38.36020958 4.69825135 2.56552358 0.04644152 0.11885079 0.45900524 0.45900524
76.07921661 29.56100826 15.54783380 0.24684555 0.06302573 1.96108398 0.02408431
27.81900135 2.11565533 1.37963765 0.02035203 0.07932126 0.19547503 0.19547503
81.00445054 26.45351776 16.70946374 0.21013895 0.05305654 1.18354722 0.56939890
62.30730668 32.58109221 13.83465028 0.23251511 0.06137612 1.57041346 0.34613424
79.47130116 22.61308444 16.63637326 0.32791103 0.05313912 0.83425540 0.36447485
35.22105621 3.92915877 2.21236882 0.03867211 0.10707896 0.38052641 0.38052641
63.56249241 32.09753477 14.22583363 0.25094912 0.05459657 1.73320218 0.32352870
