98.74845308 16.95525596 11.45795078 0.18037781 0.07061724 0.92265003 0.51886077
97.77986590 16.04264544 12.82153055 0.19257203 0.06146961 0.15453463 0.73499367
103.12205296 17.68662046 10.85626720 0.19541172 0.05830880 0.94473916 0.58206039
89.88952426 20.27136207 10.65735965 0.18469663 0.06512367 1.10331573 0.67580080
87.92185819 21.34419167 10.03276730 0.14079786 0.05028629 1.70474064 1.32304862
101.45832810 17.27526540 11.72291873 0.18533804 0.06881319 0.91129796 0.43432341
91.68787474 18.06713795 11.94906507 0.18052833 0.05941765 0.89399391 0.66335534
94.96204620 17.86777482 11.81338157 0.19329841 0.05562378 1.05820984 0.61023796
102.60302756 14.35930739 14.09780957 0.17385494 0.05397229 0.21317787 0.57071162
45.84112106 6.53107466 3.40712612 0.06495677 0.14690420 0.64602803 0.64602803
64.54336053 25.70274773 11.75795290 0.08634657 0.05461874 1.57433011 1.47512325
107.69556871 13.99858343 13.52892053 0.15989563 0.06528846 0.41842179 0.39058343
67.87406665 25.12227247 12.71228914 0.10511649 0.05376796 1.43859282 1.33034234
48.68300820 7.22733701 3.72683842 0.07199045 0.15756128 0.71707520 0.71707520
90.10194242 20.08910683 10.23854226 0.17379031 0.05981562 1.16576174 0.63824174
94.81987556 17.66940894 11.67073911 0.17899387 0.05817361 0.97006615 0.56421005
91.94414909 17.55254070 11.33557795 0.17673963 0.05652089 0.99106505 0.44210104
102.54152311 14.47856422 13.99312464 0.16482569 0.05676055 0.58453201 0.97852181
28.09363594 2.18294081 1.41053404 0.02103175 0.08035113 0.20234090 0.20234090
28.32616033 2.23990928 1.43669304 0.02160725 0.08122310 0.20815401 0.20815401
113.26500719 14.00071591 13.70043142 0.16959323 0.05235722 0.59693302 0.43900319
86.94323152 19.18330139 10.23827175 0.16966850 0.05745348 1.19695470 0.55986850
109.68176548 15.01324099 13.33664370 0.17727240 0.05220185 0.51805578 0.53343824
111.66623402 14.19916854 14.00715873 0.16678717 0.05000081 0.47833276 0.49949476
42.67566846 5.75553877 3.05101270 0.05712228 0.13503376 0.56689171 0.56689171
44.33290847 6.16156258 3.23745220 0.06122395 0.14124841 0.60832271 0.60832271
106.47630904 13.69565288 14.08655497 0.18495320 0.05534638 0.17844182 0.54092751
45.54002396 6.45730587 3.37325270 0.06421156 0.14577509 0.63850060 0.63850060
54.80409043 8.72700215 4.41546017 0.08714012 0.18051534 0.87010226 0.87010226
91.65692913 17.35493845 11.86721532 0.19966970 0.06596625 1.08163968 0.55024340
57.27827498 9.33317737 4.69380594 0.09326373 0.18979353 0.93195687 0.93195687
109.42298590 13.94358827 13.27141903 0.17019967 0.05051302 0.45733187 0.48519776
22.72767562 0.86828053 0.80686351 0.00775100 0.06022878 0.06819189 0.06819189
93.13597099 16.66328392 12.03439682 0.18191113 0.06338774 1.02919026 0.58147504
110.91832733 13.60744586 13.31241050 0.15441738 0.05017513 0.29165539 0.67390304
109.00802101 14.62697302 14.03249817 0.15929818 0.06000799 0.50040744 0.46806351
51.21616352 7.84796006 4.01181840 0.07826000 0.16706061 0.78040409 0.78040409
91.02933715 18.85245571 10.34030860 0.17852424 0.05927936 1.07933641 0.69687155
36.35195675 4.20622940 2.33959513 0.04147109 0.11131984 0.40879892 0.40879892
85.57931510 20.31161728 10.42021617 0.18797920 0.06550213 1.17044034 0.81687471
68.70493850 26.83044994 11.51670747 0.09075253 0.05906338 1.57647786 1.03301156
79.07804475 25.04007328 11.32817618 0.11022358 0.05078816 1.50010378 0.74686602
116.83505491 15.20465785 13.38590395 0.19351421 0.06760219 0.53308665 0.65669739
95.69903671 19.57126581 10.47899495 0.17269572 0.06342000 1.08650079 0.64382506
26.90644883 1.89207996 1.27697549 0.01809346 0.07589918 0.17266122 0.17266122
66.20508254 26.82005485 11.69761924 0.08706582 0.06238150 1.50938107 1.18517127
25.75294300 1.60947103 1.14720609 0.01523853 0.07157354 0.14382357 0.14382357
73.14078073 26.65370926 12.49156776 0.08384366 0.05614682 1.57160022 1.31491398
98.15922172 16.21858527 12.84230978 0.17875246 0.05152523 0.09802599 0.54058626
103.40191222 13.83339660 13.94110720 0.19231417 0.05613085 0.08860313 1.05149915
97.28629371 17.80050531 11.61850908 0.18565391 0.06377084 1.03722895 0.40897217
88.90845487 19.61308728 10.57472183 0.17603939 0.07081424 1.26413382 0.52313857
91.18654206 17.55646407 11.94819412 0.18328240 0.06547300 0.92007890 0.61900115
67.46754350 25.71476316 12.40030346 0.08767824 0.05663513 1.58435187 1.21805789
110.48901932 14.51261376 13.13302298 0.16464420 0.05037466 0.18877455 0.93861214
53.61584977 8.43588319 4.28178310 0.08419923 0.17605944 0.84039624 0.84039624
95.92921861 18.06975758 11.69878025 0.18649116 0.05234262 0.90941058 0.51694483
69.27103590 25.57742315 12.11517088 0.09207380 0.05909748 1.49258626 1.44488363
25.69393961 1.59501521 1.14056821 0.01509250 0.07135227 0.14234849 0.14234849
108.68473028 15.03133156 14.11675474 0.16973027 0.06101562 0.57822806 0.59075330
34.88473907 3.84676107 2.17453315 0.03783973 0.10581777 0.37211848 0.37211848
84.37241624 24.25257587 11.76721801 0.10398161 0.05404973 1.55958216 0.73592735
72.05451921 28.07707890 11.74847807 0.08205571 0.06051778 1.47947308 1.18630456
89.50908579 18.99681268 10.97553802 0.14199825 0.07330095 1.82264117 1.19147024
68.00768652 25.88284933 11.61709757 0.08969728 0.05294904 1.43253318 1.21579168
44.38293817 6.17381985 3.24308054 0.06134777 0.14143602 0.60957345 0.60957345
107.61205178 16.07235856 12.61605879 0.16804618 0.05501288 0.32288230 0.90923154
43.09806220 5.85902524 3.09853200 0.05816770 0.13661773 0.57745155 0.57745155
28.70584768 2.33293268 1.47940786 0.02254697 0.08264693 0.21764619 0.21764619
83.89476883 23.91025005 11.33099436 0.10804070 0.05206618 1.36656253 0.96455850
47.70719190 6.98826202 3.61705909 0.06957530 0.15390197 0.69267980 0.69267980
86.18311722 20.15798355 10.61727491 0.13237731 0.06888537 1.74881795 1.21675320
42.43227708 5.69590788 3.02363117 0.05651989 0.13412104 0.56080693 0.56080693
108.09676272 15.44687826 13.45962102 0.15813386 0.05249893 0.25025114 1.02369996
115.32734575 14.05030342 13.83693590 0.14655952 0.05864459 0.50612138 0.58291756
107.19267428 15.12304789 13.90160204 0.16312115 0.05954143 0.44814599 0.62591705
104.41901782 15.31032479 12.99402331 0.16867067 0.06088217 0.38244253 0.88954544
107.41523066 12.77102316 14.43735334 0.17996904 0.06096038 0.26765638 0.66824181
89.82531180 20.31181043 11.27442650 0.12561103 0.07616639 1.68235713 1.17780860
89.55971834 19.88425476 10.75978192 0.13848617 0.05896983 1.73942559 1.13223964
79.29880279 20.17262754 11.02287524 0.13656538 0.05850468 1.68703202 1.09521048
79.92314117 20.30135275 10.54028636 0.15506557 0.06135506 1.61032256 1.34566368
66.87013708 26.97523033 11.55892869 0.09146417 0.06858465 1.44574949 1.23673397
104.84634293 17.50410742 10.81073413 0.18544096 0.05224058 1.03440562 0.55279327
66.43805517 26.01446751 11.38215458 0.11076375 0.05977280 1.51073618 1.25779047
41.18134583 5.38942973 2.88290141 0.05342383 0.12943005 0.52953365 0.52953365
95.83600558 17.39563623 10.97770916 0.20129302 0.05289226 0.88447367 0.35767199
114.60359037 14.92113181 13.32285894 0.19343002 0.06658884 0.54517088 0.71325458
90.71702819 21.25407492 10.41755604 0.15519693 0.05085486 1.71362639 1.47538737
66.89109843 26.60892880 11.94744235 0.08645203 0.06128080 1.45429323 1.30924355
101.66040533 12.44754875 14.39738287 0.18704421 0.05169440 0.22282554 0.66106371
89.77438042 20.05453864 10.62670606 0.13395695 0.07919663 1.79125630 1.16317563
41.90964680 5.56786347 2.96483527 0.05522638 0.13216118 0.54774117 0.54774117
29.09860143 2.42915735 1.52359266 0.02351904 0.08411976 0.22746504 0.22746504
106.30040017 12.89830064 14.53492505 0.18366585 0.06121867 0.22908620 0.63984455
90.19492256 19.83670908 10.82183622 0.12051895 0.05750833 1.62285219 1.15088257
39.68345943 5.02244756 2.71438919 0.04971656 0.12381297 0.49208649 0.49208649
68.14183539 26.48550107 11.33836380 0.10570740 0.05262657 1.50316892 1.15226981
91.98536797 18.78905088 12.03140687 0.20065820 0.05638287 1.10503158 0.64541824
109.66890448 14.46395867 14.06841651 0.16681289 0.05798390 0.56843365 0.58807128
71.12826221 26.01484509 11.16947728 0.09240163 0.06946036 1.53161492 1.18671140
94.61105511 16.54634852 11.20782354 0.18120800 0.07078042 0.90985319 0.54300398
114.69356809 14.40776067 13.44727738 0.18528668 0.05805876 0.53526763 0.62884847
98.71358212 15.80472047 13.03785575 0.18024136 0.07173184 0.18742650 0.63473115
109.61883541 15.48151626 13.91903262 0.16557464 0.07326635 0.17146881 0.96138534
96.34569571 17.35662950 11.34543379 0.18574686 0.06650978 1.03515768 0.47218652
67.45738765 25.38048887 11.59876872 0.10025255 0.05361221 1.60509447 1.19441331
99.84722237 15.79691192 13.28033371 0.18289237 0.05958399 0.21063800 0.66874391
99.29007859 15.90451098 13.46574316 0.16280203 0.05953927 0.48334799 0.94923176
32.62337987 3.29272807 1.92013024 0.03224287 0.09733767 0.31558450 0.31558450
87.28913682 21.61392900 10.40524868 0.15248227 0.06751902 1.77547441 1.35442877
68.47377925 26.28883333 12.08782581 0.08269564 0.05665644 1.71654531 1.17789610
34.18286941 3.67480301 2.09557281 0.03610260 0.10318576 0.35457174 0.35457174
58.37554629 9.60200884 4.81724896 0.09597948 0.19390830 0.95938866 0.95938866
53.17433600 8.32771232 4.23211280 0.08310648 0.17440376 0.82935840 0.82935840
65.59182857 25.72533142 12.22967173 0.08941427 0.05547868 1.55081753 1.21313541
94.11585642 18.97079064 12.06043639 0.20281643 0.06779866 1.11570428 0.55125811
35.86912933 4.08793669 2.28527705 0.04027610 0.10950924 0.39672823 0.39672823
66.78324075 29.26752811 11.15261758 0.09391470 0.05810795 1.48278899 1.22115609
70.06525936 26.57738669 11.82887744 0.08398284 0.05331846 1.49560011 1.08464037
55.51583720 8.90138011 4.49553169 0.08890170 0.18318439 0.88789593 0.88789593
20.54744347 0.33412365 0.56158739 0.00235492 0.05205291 0.01368609 0.01368609
27.50414400 2.03851528 1.34421620 0.01957276 0.07814054 0.18760360 0.18760360
95.86672910 17.49658161 12.03998562 0.19538875 0.05813450 1.05139103 0.57428856
68.82591102 26.91326226 11.27151067 0.08450732 0.06180288 1.69339445 1.23086012
86.19929062 20.33447144 11.01765238 0.13090468 0.06356373 1.76607915 1.19900645
107.45455779 14.79384215 13.62927056 0.17337749 0.06871389 0.64377855 0.60298475
92.70354160 16.61864296 11.73638180 0.17769735 0.06022314 0.98141239 0.51524116
