105.40493003 12.51380484 19.16562714 0.17299242 0.06799335 0.88379082 0.40388637
71.69924095 31.47034154 14.15422509 0.13160807 0.05734923 1.15319810 1.17286318
26.39921316 1.76780723 1.21991148 0.01683805 0.07399705 0.15998033 0.15998033
69.54768007 31.34496193 13.82436743 0.12000231 0.05187203 1.09579447 1.09746910
88.95486012 22.65182082 17.30662210 0.25025004 0.06298201 0.80158275 0.80922068
68.65967973 31.19013829 13.94384282 0.13390812 0.06873892 1.10900011 1.03892201
95.37835022 20.23976733 16.38420387 0.25605996 0.05698583 0.72217891 0.73738049
103.34112638 19.98647550 16.72832180 0.26647758 0.05606458 0.79785575 0.92061591
54.30180347 32.49061483 13.46967281 0.12738650 0.05890193 1.09708178 1.33456233
33.38066435 3.47826277 2.00532474 0.03411714 0.10017749 0.33451661 0.33451661
42.02178326 5.59533690 2.97745062 0.05550391 0.13258169 0.55054458 0.55054458
124.56452791 14.01384389 15.77633367 0.19530979 0.06990764 0.82388600 0.15402694
87.20603580 24.36707850 12.50325682 0.22957498 0.05758452 1.57134164 0.48892967
38.75855256 4.79584538 2.61033716 0.04742742 0.12034457 0.46896381 0.46896381
123.12666148 14.91980562 17.26536065 0.20313183 0.05181763 1.02303819 0.21909638
71.59699286 29.21508443 13.86668776 0.11026901 0.06014303 1.71063549 1.08343315
75.45493677 34.18378909 13.86221224 0.10891562 0.05811680 1.33446697 0.98054531
108.34688955 13.03547127 19.43266259 0.17047008 0.05550192 0.95463056 0.43212046
102.86911860 21.15147277 16.53737513 0.25776262 0.05591678 0.68017448 0.72945447
97.91849153 22.12216723 16.32100331 0.25781406 0.05265985 0.58055398 0.87073036
128.17235456 14.58525829 15.90469099 0.19555243 0.06672112 1.00012647 0.01807436
96.89408076 19.57496700 16.62172880 0.26131186 0.05269852 0.51310901 0.70307864
80.67377360 25.47564759 12.82954182 0.25714221 0.05662404 1.42138386 0.43803942
37.49392773 4.48601229 2.46806687 0.04429747 0.11560223 0.43734819 0.43734819
21.80581750 0.64242529 0.70315447 0.00546940 0.05677182 0.04514544 0.04514544
70.49729648 29.03697822 14.09066182 0.11495290 0.06049861 1.78554351 1.22321512
76.32323258 30.37562661 13.14314833 0.12523750 0.05916517 1.73617963 1.17041523
72.94210897 28.39009500 13.48027911 0.11787105 0.05444530 1.71653839 1.19971066
97.21468655 23.11363780 16.24663752 0.24645304 0.05866527 0.88500343 0.91478322
34.78218766 3.82163598 2.16299611 0.03758591 0.10543320 0.36955469 0.36955469
90.17035762 22.04728935 16.68402742 0.24096867 0.05753130 0.50800663 1.13236916
93.54750905 21.37030371 16.89563414 0.24289046 0.06023610 0.39838459 1.17262101
45.18612203 6.37059990 3.33343873 0.06333565 0.14444796 0.62965305 0.62965305
53.83390706 8.48930723 4.30631454 0.08473892 0.17687715 0.84584768 0.84584768
52.68625996 8.20813369 4.17720425 0.08189849 0.17257347 0.81715650 0.81715650
134.18175991 13.92770246 18.61964250 0.17193451 0.05510464 0.34461645 0.23988402
76.27084005 28.45184705 13.57957648 0.11945765 0.05428931 1.70382415 1.16893122
93.29281295 23.15450175 16.30430812 0.24226178 0.06286135 0.86202657 0.92112067
34.23218593 3.68688555 2.10112092 0.03622466 0.10337070 0.35580465 0.35580465
29.42216486 2.50843039 1.55999355 0.02431986 0.08533312 0.23555412 0.23555412
47.53641567 6.94642184 3.59784676 0.06915263 0.15326156 0.68841039 0.68841039
51.97800558 8.03461137 4.09752563 0.08014556 0.16991752 0.79945014 0.79945014
72.74695987 31.59503046 13.47228636 0.13009676 0.05058705 1.34860602 1.07715464
71.26935341 31.43989861 14.45810786 0.12191652 0.06045981 1.09357712 1.17324834
95.39740684 22.11698392 16.37573476 0.24536463 0.05490446 0.52190824 1.22521457
81.31330912 28.25723731 13.13366601 0.12211018 0.05194947 1.61156780 1.17799370
22.65481652 0.85043005 0.79866686 0.00757067 0.05995556 0.06637041 0.06637041
75.51013845 29.47943550 13.82749129 0.11413542 0.07179652 1.74474992 1.32116014
95.99849884 19.11756453 16.07963835 0.26533507 0.05760660 0.66968277 0.87147598
84.56239482 23.31912329 12.27523715 0.23841996 0.05828336 1.43845249 0.50465122
104.14087709 20.52367776 15.96867507 0.25712550 0.06332205 0.65658287 0.79678084
49.53014414 7.43488532 3.82214122 0.07408711 0.16073804 0.73825360 0.73825360
70.86578151 29.36166648 13.86929835 0.11355852 0.06128640 1.74373781 1.22481678
81.93507956 31.20596236 14.16577783 0.12398148 0.06129869 1.62040107 1.22979062
123.47467669 14.17440197 17.24426163 0.19872846 0.05204013 0.97512753 0.31290437
96.17663696 20.78066199 16.38843743 0.24876995 0.05230947 0.66633757 0.84151294
37.01134144 4.36777865 2.41377591 0.04310307 0.11379253 0.42528354 0.42528354
43.94193903 6.06577506 3.19346814 0.06025630 0.13978227 0.59854848 0.59854848
127.24102531 13.62170855 17.04095378 0.19227782 0.05387852 0.81356191 0.00941482
34.84996555 3.83824156 2.17062112 0.03775366 0.10568737 0.37124914 0.37124914
123.23842389 13.59059493 16.77562976 0.20063789 0.06464527 0.97574138 0.36529162
126.39343553 14.26270773 15.67872488 0.19716648 0.07120650 0.95515902 0.03781143
40.23252988 5.15696982 2.77615961 0.05107551 0.12587199 0.50581325 0.50581325
90.22508117 21.47186114 16.53431953 0.23961577 0.06181714 0.54607680 1.22851638
72.79057546 32.58515691 13.43360226 0.11580358 0.06252540 1.11822257 1.02023364
94.42461784 22.99147082 16.90311077 0.25436856 0.06390418 0.71531030 0.74796835
59.07369410 9.77305505 4.89579059 0.09770739 0.19652635 0.97684235 0.97684235
67.73127567 30.41940797 12.83833386 0.13833781 0.05005394 1.70178949 1.28229015
120.79833619 14.84869064 16.94995329 0.19994966 0.05095720 1.09461184 0.32717451
82.46675478 29.61279730 13.97447277 0.11813515 0.06719347 1.69043850 1.18831316
53.64676610 8.44345769 4.28526119 0.08427575 0.17617537 0.84116915 0.84116915
104.15960210 21.49833595 16.54097572 0.18808227 0.06478793 0.73199418 0.28044516
128.61419504 13.01261219 17.19714233 0.19142931 0.05378963 0.73308723 0.05702930
34.26381478 3.69463462 2.10467916 0.03630294 0.10348931 0.35659537 0.35659537
106.13719133 20.21394319 15.99329895 0.26069537 0.05283599 0.75219235 0.71578135
102.82692724 19.10706181 16.43892870 0.25836370 0.05992121 0.68863848 0.76297270
74.71587024 31.24677297 13.69139834 0.11063265 0.05494535 1.51036265 1.12165400
69.63031225 32.29957010 13.61546256 0.13051153 0.06061610 1.22396283 1.00830567
48.29425003 7.13209126 3.68310313 0.07102827 0.15610344 0.70735625 0.70735625
62.21927160 33.24934865 13.87746057 0.13224188 0.05387857 1.03920967 1.32415982
45.98673312 6.56674961 3.42350748 0.06531716 0.14745025 0.64966833 0.64966833
22.60757955 0.83885699 0.79335270 0.00745376 0.05977842 0.06518949 0.06518949
125.19946734 14.64842416 16.96655761 0.20157471 0.05849002 0.99518802 0.34798197
69.16045125 30.75633344 13.14799292 0.12248315 0.06166220 1.35585318 1.21816047
94.00308019 22.93241086 16.46850195 0.26774468 0.05670884 0.71006802 0.80299323
34.12904393 3.66161576 2.08951744 0.03596938 0.10298391 0.35322610 0.35322610
56.11535571 9.04826215 4.56297752 0.09038551 0.18543258 0.90288389 0.90288389
98.01180294 24.85316470 16.07834417 0.23715278 0.06625140 0.97171960 0.94598411
112.05947807 12.98830835 16.99336925 0.16496363 0.07066218 1.14968568 0.19840424
58.72420491 32.20707788 14.21407124 0.13198038 0.05432459 0.98695871 1.32503702
97.84806529 21.51744854 17.15444761 0.25033537 0.05995911 0.66589712 0.99600086
90.52569628 24.55198057 11.97359733 0.21892227 0.05667964 1.31275471 0.37397333
92.92657971 20.29176540 16.41089088 0.24735703 0.05585053 0.78781126 0.86043995
93.80098727 22.71748733 16.44019050 0.25068395 0.05957911 0.54631439 0.91136264
62.93893036 30.94491200 13.17180025 0.13566148 0.06525920 1.71803179 1.30925533
96.74802759 24.34094754 16.36646427 0.25519867 0.05355950 0.80665078 0.95762854
126.36502474 14.82115126 16.79845325 0.19443964 0.05291265 1.17493963 0.27327759
44.60418986 6.22802652 3.26797136 0.06189537 0.14226571 0.61510475 0.61510475
93.21385680 23.12781275 17.28200565 0.24234682 0.06532640 0.88455580 0.89019552
58.89718050 9.72980922 4.87593281 0.09727052 0.19586443 0.97242951 0.97242951
69.83359442 30.67549051 13.27194019 0.14773602 0.05844739 1.79139604 1.18238173
103.49551045 20.32882795 16.53159778 0.25840958 0.05610934 0.55920291 0.80378492
95.62265664 23.98396031 15.89128574 0.23286157 0.06784752 0.77566991 0.98617929
78.69376567 31.63214126 13.88939897 0.11130292 0.05845511 1.51785446 1.14309205
59.15731711 9.79354269 4.90519817 0.09791436 0.19683994 0.97893293 0.97893293
87.03838982 25.14887472 12.32200471 0.22753143 0.05255343 1.47067485 0.46061475
95.14758802 19.99836477 16.14918338 0.23111436 0.06678692 0.67000304 0.05762228
73.29509581 30.29220607 13.43820572 0.12504461 0.05380928 1.77489777 1.17463971
44.23521728 6.13762823 3.22646194 0.06098216 0.14088206 0.60588043 0.60588043
43.05668610 5.84888809 3.09387719 0.05806530 0.13646257 0.57641715 0.57641715
53.20869052 8.33612918 4.23597768 0.08319151 0.17453259 0.83021726 0.83021726
56.19122318 9.06684968 4.57151261 0.09057328 0.18571709 0.90478058 0.90478058
84.59722310 23.77515759 12.02466911 0.23307917 0.05497647 1.41797890 0.60742445
35.47605424 3.99163329 2.24105610 0.03930323 0.10803520 0.38690136 0.38690136
50.10897378 7.57669858 3.88725955 0.07551971 0.16290865 0.75272434 0.75272434
26.87174600 1.88357777 1.27307143 0.01800757 0.07576905 0.17179365 0.17179365
34.09340335 3.65288382 2.08550788 0.03588117 0.10285026 0.35233508 0.35233508
42.15275725 5.62742553 2.99218519 0.05582807 0.13307284 0.55381893 0.55381893
81.11677510 32.16198084 13.38405913 0.11450400 0.05945851 1.55904970 1.22683266
81.44008303 23.13244154 13.13995139 0.21850308 0.07305988 1.64668819 0.45901850
107.10957918 11.64239528 19.31635165 0.15058602 0.05188555 0.89535717 0.34033698
102.30192958 19.77752011 16.24657879 0.25361056 0.06103574 0.69339844 0.84670693
107.48363205 19.24894552 15.89328638 0.24483922 0.05316573 0.77166766 0.03495272
79.89891570 30.08279191 13.84261924 0.11026446 0.05002370 1.60839959 1.06286015
27.76985437 2.10361432 1.37410862 0.02023039 0.07913695 0.19424636 0.19424636
104.24090013 21.24946688 15.88184383 0.19370137 0.05381582 0.72392386 0.27133392
117.79417483 15.31373653 16.91362888 0.19418071 0.05684505 1.12367398 0.24617473
118.45662671 12.65760676 17.11586308 0.16904620 0.06793018 1.11769347 0.21052064
