34.56791560 9.82558334 2.17010747 0.06465726 0.11463045 0.80763883 0.42141280
33.00130353 0.22285993 3.04541264 0.03327765 0.15595626 0.01629056 0.85005787
52.83434379 8.67681325 4.32331647 0.09115727 0.06156488 0.75601892 0.21166604
41.80332011 1.36762471 4.43733929 0.04035833 0.05093229 0.89435188 0.91513312
46.18674417 7.83565236 2.14224733 0.02472224 0.15788473 0.29176881 0.19836983
53.03852615 9.65713930 4.46929091 0.07920190 0.06747727 0.36494799 0.14456337
34.19520376 3.19089987 2.28149795 0.05777384 0.06904404 0.37168491 0.63313481
36.69639700 6.56358783 4.14670904 0.03284200 0.08666962 0.11740572 0.37881683
57.64010574 8.47997437 4.34617194 0.08359423 0.06452287 0.37551647 0.06703276
56.41751979 9.56276135 4.35945753 0.07631851 0.05191780 0.74510230 0.23979800
58.75665540 7.97404682 4.12790891 0.08332821 0.05558436 0.50879020 0.06631367
25.02607300 2.22090604 2.48040419 0.01353699 0.09207494 0.85566737 0.88831564
53.32224310 9.74188039 4.41093717 0.09868794 0.05014984 0.81353813 0.24109339
50.46360988 9.33624310 4.08312961 0.09789653 0.06378354 0.89903080 0.01639512
54.59386330 8.83704281 4.24283400 0.08169849 0.06479121 0.41077487 0.01523293
59.31898692 4.57096236 0.79795690 0.06993160 0.19758722 0.15813341 0.59081441
51.13260120 9.91582222 3.86884026 0.07266879 0.05383619 0.76213533 0.52678612
49.35092607 9.91991418 4.69800567 0.09673490 0.06707611 0.51133024 0.05948360
51.09475921 9.25871424 4.59645468 0.08685720 0.05460111 0.58357554 0.11276532
40.54481024 5.89568297 4.17017633 0.04140404 0.15131643 0.41287444 0.11064647
52.13384146 9.39301554 4.67678284 0.07204788 0.05289531 0.72670236 0.02771000
26.18853204 4.39043475 2.40522281 0.08469326 0.17426733 0.64284914 0.34335009
53.15414822 8.88860705 4.45806278 0.07549137 0.06498713 0.69639237 0.51719053
52.07964840 9.27730799 4.71818470 0.06071476 0.05911046 0.55131142 0.54970144
56.04585553 7.87383719 4.41069193 0.06524562 0.06217181 0.63683725 0.48329527
52.60499678 9.13609177 4.31122007 0.08100826 0.05795625 0.70624578 0.25428531
50.19274015 8.96207398 4.83268892 0.08249148 0.06170199 0.58011275 0.24766134
51.77714424 9.27593955 4.86230584 0.07750569 0.05381640 0.66985917 0.21325757
50.04474200 9.58625194 4.25451232 0.09685336 0.06269250 0.57293309 0.66635393
39.79534880 6.57901305 2.19885066 0.09981854 0.11929200 0.05774446 0.42597957
50.87456847 8.95505469 4.46677578 0.08208504 0.05967820 0.48439678 0.04600263
55.17939843 8.18752344 4.44127373 0.09121228 0.05830690 0.81901905 0.21339393
55.00743292 8.71486081 4.54387393 0.05585458 0.06521902 0.45660743 0.49238231
36.60391297 9.63728276 3.41926192 0.03042719 0.06897673 0.82025717 0.39943466
28.34271121 6.70980620 2.40561543 0.03599411 0.11994002 0.27034397 0.70940039
50.03207523 9.81005481 4.54929518 0.08882477 0.05385834 0.73608329 0.38241658
20.68118219 8.11903386 3.06016318 0.07207322 0.15202341 0.76741067 0.26278646
48.68659802 6.27304587 4.06565133 0.07846871 0.08201520 0.43091396 0.45081671
49.84860879 8.79306797 4.01656146 0.07428095 0.06857960 0.69224729 0.38814834
50.71438527 8.51608048 3.85814177 0.07379769 0.06779826 0.41994299 0.19143857
57.83621453 9.68513318 4.42698265 0.09596346 0.06000991 0.98320907 0.12683100
55.80118643 9.93509977 4.36489063 0.05377355 0.06317536 0.57762741 0.55087402
56.43514275 8.87598779 4.46586906 0.07139479 0.05938790 0.30441597 0.05096334
56.38316687 8.46483417 4.44180870 0.06616053 0.05050933 0.74420380 0.52501564
23.39302672 0.69590559 1.81900823 0.06391994 0.19077859 0.50942583 0.89933618
55.42010672 7.70357967 4.45954024 0.06604477 0.05475097 0.74475400 0.49799227
39.91204829 5.39878519 0.61674605 0.00292227 0.07438562 0.81639240 0.49115251
20.34660648 5.16208608 1.20988479 0.01496419 0.13586654 0.97967449 0.27579008
37.55492208 4.17335904 2.51434679 0.08263960 0.09555700 0.99866360 0.92987735
32.01121168 8.85600524 2.31945212 0.06562171 0.14166651 0.26118214 0.13439797
51.43975494 5.82905318 1.96088662 0.08080419 0.13669883 0.20400860 0.27029816
51.38942245 9.45298710 4.30422129 0.08572492 0.06900312 0.74928754 0.26694984
21.45049934 6.62610517 2.54775976 0.08565148 0.16943881 0.45149489 0.48866869
53.67352901 9.37565675 4.11256396 0.07294791 0.09058638 0.74684347 0.56432273
31.47107814 7.92918534 2.92604666 0.05693813 0.10747566 0.13161853 0.57179384
54.77862280 9.46194176 4.22432457 0.07374752 0.05757265 0.84987708 0.12864859
55.68610346 9.54339418 4.09643286 0.09048873 0.06374302 0.74768256 0.12676094
24.85339117 8.97769028 1.43675877 0.02007363 0.13929215 0.71885640 0.86388784
55.49045011 9.36211016 4.19522522 0.08270836 0.05490093 0.41061539 0.16286908
37.82939537 3.02164396 2.95346163 0.02149235 0.16723966 0.67144452 0.53810042
54.19727720 9.73176648 4.02457613 0.08206729 0.05353274 0.59744167 0.63729323
51.69633143 8.73587981 4.14490590 0.07642453 0.07666197 0.66534954 0.49994219
53.85604084 8.83032348 4.93442235 0.07130635 0.06694572 0.45461668 0.45281773
56.90216551 8.37236909 4.82380909 0.06059310 0.05815463 0.45064752 0.45310006
30.28037431 6.59331247 3.18148642 0.08606817 0.09452210 0.40315547 0.48236830
48.34588272 9.91414036 4.28876273 0.07466672 0.07499455 0.64501906 0.14519429
24.02769289 4.67727884 2.44961151 0.06716200 0.07652214 0.44682701 0.49847693
55.53481029 9.22769639 4.20213650 0.05624113 0.05487120 0.59520557 0.44890207
48.63661977 9.82948900 4.71376689 0.08467587 0.05832688 0.52325777 0.09432585
53.24504323 9.53093391 3.65861328 0.06074238 0.05795907 0.41228606 0.35349489
48.72894232 9.07768208 4.55483290 0.07937237 0.06210836 0.57731216 0.27184047
51.04462753 9.90701608 4.53174280 0.07690375 0.05001529 0.73323230 0.15149351
52.67308209 9.42903971 4.71352677 0.06229826 0.06232309 0.48101508 0.47030894
41.44532104 6.95903824 1.91781119 0.08803695 0.08361988 0.33645701 0.42477254
39.10022655 2.03864691 1.21409402 0.02010417 0.14865665 0.65447954 0.48266632
56.27797665 8.89938252 4.39521161 0.07802980 0.05462208 0.74529772 0.28466363
54.25131657 8.55007274 3.67273866 0.07617444 0.06370643 0.70512461 0.54444197
47.67785445 6.96939711 1.65781615 0.07906268 0.18312719 0.29564140 0.71891635
54.12706615 9.29648131 4.66424679 0.08214848 0.06595320 0.41837746 0.34241753
55.25112149 9.54018083 3.90834865 0.08867998 0.05891405 0.52608301 0.66387670
38.03898598 1.78115322 4.22717709 0.04317467 0.10888806 0.35522172 0.96541191
59.00029962 8.66239668 1.27618639 0.06898462 0.15360999 0.50695433 0.09426363
26.72008269 7.30086025 1.49299626 0.05221001 0.18944681 0.71626800 0.60704914
51.46887289 9.10820906 4.58983250 0.08638833 0.06264832 0.43100937 0.09264724
42.36732416 3.32923934 1.20055740 0.03214903 0.15991575 0.56077177 0.58189352
55.79357121 9.84857780 3.68148326 0.09020010 0.06254490 0.58734255 0.63477436
55.01368302 7.96481144 4.45616297 0.07063555 0.05698575 0.69264068 0.59291845
55.87453605 8.38382972 4.25846315 0.08403532 0.05818423 0.72482321 0.13832978
54.21511925 8.35080176 4.03205481 0.07016704 0.06058616 0.40394567 0.19669227
57.79053453 8.39947623 3.88165665 0.09501240 0.06385540 0.57883319 0.02347999
56.19275674 8.49252745 4.56630494 0.09915467 0.06803650 0.86389573 0.35869673
57.51021557 8.32128179 4.25041337 0.07871662 0.05362876 0.74832743 0.49991173
57.52530470 9.83049156 3.88744226 0.09173871 0.06264969 0.87613040 0.15269545
41.70325839 0.76328566 4.25346613 0.01557982 0.13642995 0.15875232 0.91124413
46.13384489 9.36612603 4.28853255 0.08789587 0.05921409 0.50756602 0.13251204
48.09282805 7.10486195 2.88072717 0.01823282 0.15744826 0.01990151 0.04504035
53.32289938 9.53388394 4.18971387 0.07883913 0.06635691 0.62317654 0.11975887
26.95883435 4.08812573 3.66195268 0.09865125 0.11629188 0.41999089 0.57922758
31.92054160 3.54702354 2.89157629 0.03814867 0.09174114 0.55528086 0.25974105
57.31958359 8.19715775 3.90307784 0.08875372 0.05382486 0.59005626 0.13928615
52.07807483 8.86149627 3.78772024 0.04316860 0.05400523 0.35198557 0.27407917
56.16098014 8.61493094 4.11251660 0.06682023 0.07862716 0.46750075 0.04825932
59.52979241 8.14287862 3.91273035 0.07681055 0.07305415 0.37428765 0.18988177
58.78439199 8.55083251 3.57173839 0.06257875 0.06041277 0.88713331 0.00224109
50.02902836 8.61660750 4.43869675 0.09016108 0.05996504 0.91286507 0.00929561
53.49850809 6.28869290 1.60378310 0.01782372 0.18150991 0.07892064 0.62411549
54.38429167 9.67759470 4.11733150 0.09129549 0.05507052 0.78733015 0.33478026
34.89510473 1.47788088 4.38031869 0.04234169 0.12660880 0.37159539 0.02591138
56.36792663 7.49010234 4.63177035 0.06701826 0.05678288 0.69751755 0.56697211
51.64523488 9.11938341 3.89517346 0.06498705 0.07368692 0.81272787 0.06767995
55.02151399 9.16116260 4.10965097 0.09248848 0.05079391 0.41747173 0.08127523
50.24838831 9.32157236 4.21403667 0.06117585 0.06726692 0.80242710 0.09223558
53.18664373 8.51052851 4.56127013 0.08351528 0.05067503 0.37909989 0.04974579
47.93759888 9.56050831 4.88661935 0.08681763 0.06646118 0.36404446 0.07370139
56.09609036 3.52277817 2.00179609 0.07582707 0.15754835 0.98163585 0.67242466
50.57053262 9.76288660 4.33448075 0.09410380 0.05571908 0.41033195 0.04429351
23.35316118 8.79392563 2.68755457 0.09105073 0.14623082 0.00094223 0.64999106
35.61149606 7.70672284 4.86334718 0.02484468 0.15343048 0.36363829 0.17232636
55.49049703 7.15976968 4.44722837 0.09612009 0.06131705 0.76441640 0.20823413
50.18228235 8.23534388 4.63566364 0.08143940 0.06467499 0.45589383 0.08392689
34.63604460 3.74552022 3.00192844 0.08645292 0.18811708 0.62337793 0.28662783
59.03655484 7.63742755 4.06721761 0.07367617 0.06421863 0.75804193 0.51370385
56.98822119 8.86732403 3.56692338 0.04770715 0.06263458 0.52290112 0.11071196
51.97332138 9.50070936 4.64031487 0.09598298 0.05853169 0.57036563 0.23102537
49.40227145 5.46143712 3.03024683 0.00290581 0.09782317 0.97160182 0.69052763
47.55003223 9.24304787 4.47306222 0.09438442 0.05545247 0.71850041 0.30766300
49.60659820 8.93466985 3.86062043 0.08880323 0.05972760 0.87328922 0.04589999
51.29735950 7.40674978 4.48772243 0.03453106 0.08620350 0.38866997 0.92470006
