63.95990810 32.48942418 15.52131106 0.17621318 0.05224455 1.63068263 1.00697436
78.60650442 25.10295105 17.12814729 0.30351378 0.06220673 0.86038332 0.36403252
43.64798967 5.99375747 3.16039884 0.05952877 0.13867996 0.59119974 0.59119974
32.92019197 3.36544703 1.95352160 0.03297748 0.09845072 0.32300480 0.32300480
29.68879590 2.57375500 1.58998954 0.02497977 0.08633298 0.24221990 0.24221990
42.50436279 5.71356888 3.03174081 0.05669830 0.13439136 0.56260907 0.56260907
80.85229234 24.30619409 17.64386428 0.29907963 0.05995609 1.02362820 0.27250765
74.06859317 28.64050173 15.26374435 0.24181310 0.06777305 1.49725924 0.46535676
30.03678999 2.65901355 1.62913887 0.02584106 0.08763796 0.25091975 0.25091975
100.35848533 21.59352034 19.57147166 0.29443018 0.06423018 0.62866512 0.39563698
81.52461129 24.37436010 16.28952354 0.27964587 0.05627593 0.82766047 0.71594751
54.16824333 8.57121962 4.34392737 0.08556640 0.17813091 0.85420608 0.85420608
30.45537012 2.76156568 1.67622914 0.02687704 0.08920764 0.26138425 0.26138425
91.99613145 22.15891413 19.37848986 0.28706742 0.05570989 0.62880317 0.33736652
87.93337936 22.92398354 17.53208562 0.29492956 0.05891898 1.11735386 0.27234968
22.70708254 0.86323522 0.80454679 0.00770003 0.06015156 0.06767706 0.06767706
87.14953721 21.74886923 17.72128315 0.30517229 0.05714495 1.03957235 0.39976543
102.55477948 21.69681977 19.33623072 0.29275825 0.05469918 0.59549735 0.35075838
82.25577497 22.80493199 17.57898501 0.30163322 0.07553173 0.97321620 0.28110663
25.22298109 1.47963037 1.08758537 0.01392688 0.06958618 0.13057453 0.13057453
67.37661694 31.25580579 14.41018104 0.23142734 0.05087895 1.46750569 0.38719429
97.80359721 22.98058444 19.77876424 0.31149909 0.06447226 0.69041290 0.31975399
102.26531769 21.78245719 19.05654586 0.29431871 0.06402059 0.59809654 0.31379319
88.80596068 23.38333738 18.11348832 0.31836750 0.05399568 0.34443773 0.20872621
100.88318042 22.76829841 19.37546191 0.29629741 0.05168615 0.42790289 0.44477884
86.98794448 21.89640527 16.69586348 0.28019965 0.06019642 1.06036063 0.30895040
80.31729319 29.62156582 15.05462799 0.25345968 0.05829610 1.34397642 0.31357777
76.43599345 28.80791517 15.34059476 0.23295458 0.05344997 1.40461951 0.45560840
99.06890932 20.82231529 19.14811090 0.28957507 0.06006127 0.49708155 0.43289805
72.63593554 29.45574977 14.41511625 0.23281661 0.05476265 1.46702700 0.32303082
26.38875458 1.76524487 1.21873489 0.01681217 0.07395783 0.15971886 0.15971886
55.70058671 8.94664374 4.51631600 0.08935895 0.18387720 0.89251467 0.89251467
95.32596476 23.69224138 17.64781759 0.31904709 0.06206450 1.07553189 0.21413944
97.70036998 23.37371080 19.06877827 0.33272315 0.05896023 0.90668289 0.26427207
77.67640819 25.83652322 17.80982570 0.26179300 0.05336394 0.74666342 0.67874193
87.20550750 23.46072242 19.04446856 0.31819081 0.07596347 0.59176208 0.34066525
99.12121205 21.49447412 19.20706346 0.29695869 0.06215326 0.57749247 0.31071871
52.80820986 8.23801142 4.19092361 0.08220032 0.17303079 0.82020525 0.82020525
94.89966988 23.61182669 19.01749866 0.31458989 0.05084162 0.94323182 0.29317193
83.29139430 24.21977878 17.19603920 0.28870750 0.05345618 1.06542958 0.37657024
57.44563824 29.65642339 15.53116685 0.15272307 0.05390525 1.70522969 1.09604934
30.84226569 2.85635509 1.71975489 0.02783461 0.09065850 0.27105664 0.27105664
83.02936657 22.87589873 19.10196140 0.32857882 0.06225322 0.66685488 0.49298568
58.01721417 9.51421747 4.77693659 0.09509261 0.19256455 0.95043035 0.95043035
34.80675236 3.82765433 2.16575964 0.03764671 0.10552532 0.37016881 0.37016881
24.17990789 1.22407743 0.97023964 0.01134527 0.06567465 0.10449770 0.10449770
76.87934632 29.43965899 14.83594634 0.25753133 0.06132368 1.40890791 0.36260576
102.16107417 22.03790032 19.69147292 0.29595346 0.05705199 0.50814183 0.37035995
101.12928304 22.05873677 19.66715270 0.30649142 0.05657678 0.83690244 0.10630203
83.09767817 23.70552303 16.79217611 0.30083170 0.05839941 0.99502594 0.30952746
91.62597855 22.62004338 17.46200980 0.30684141 0.05835263 1.09901637 0.25356391
96.92126893 22.12595727 19.18775517 0.30377522 0.06074928 0.52291056 0.43662461
100.90717337 22.23492533 19.88467696 0.30365077 0.05569003 0.93734118 0.11521540
93.48599517 23.65387342 18.91360750 0.33183261 0.07206545 0.83120725 0.33915982
73.98893145 29.09683517 15.33462811 0.22950244 0.07019574 1.43759706 0.51932456
58.88212492 9.72612061 4.87423905 0.09723326 0.19580797 0.97205312 0.97205312
55.40146083 8.87335790 4.48266434 0.08861862 0.18275548 0.88503652 0.88503652
90.68972256 23.49156870 19.44206046 0.32541422 0.05284213 0.75507270 0.42674897
91.02842740 22.10073302 17.64456624 0.31158428 0.06049746 0.98931449 0.32990751
30.75586074 2.83518588 1.71003433 0.02762076 0.09033448 0.26889652 0.26889652
61.98890048 30.20626650 16.48761596 0.15523377 0.06070063 1.75690898 1.14144951
55.56993800 8.91463481 4.50161803 0.08903560 0.18338727 0.88924845 0.88924845
99.11249090 22.59863650 19.39437729 0.29654648 0.05473163 0.38348800 0.38370297
79.82796608 23.73983638 17.62952640 0.30927407 0.06047117 1.02458961 0.33467850
87.57328450 24.14047567 17.49354854 0.29645669 0.05745148 1.11530973 0.41166595
88.61824522 23.73557866 17.31161728 0.29468692 0.06598969 0.84997790 0.13680290
98.39565165 22.07367462 19.34466213 0.29443926 0.05748572 0.58160181 0.38501005
71.33810757 29.65912512 14.67197784 0.23946659 0.05372714 1.56629717 0.49383009
22.30259826 0.76413657 0.75904230 0.00669893 0.05863474 0.05756496 0.05756496
81.15831359 22.70634438 17.02056772 0.29608656 0.05467462 1.01122225 0.39010155
89.02011161 23.87375847 17.58102698 0.29956409 0.05058621 1.07259271 0.21228665
100.49118471 24.24855907 19.75554848 0.31486356 0.06808686 0.74118208 0.37727169
24.08983792 1.20201029 0.96010677 0.01112235 0.06533689 0.10224595 0.10224595
53.43475481 8.39151493 4.26140992 0.08375102 0.17538033 0.83586887 0.83586887
81.01246029 23.40755830 17.17807760 0.29711318 0.05954294 1.17311948 0.32164057
94.49421467 22.68658904 19.35512011 0.29625505 0.06452877 0.53340491 0.37458162
86.61856113 22.33173863 16.93363750 0.29035935 0.05732657 1.09685791 0.32512716
90.65134303 23.03797775 17.90045925 0.30351276 0.05455103 0.98104139 0.29717203
92.63500286 23.35558986 17.30489888 0.29872261 0.06255373 1.12234888 0.22436765
54.38617307 8.62461240 4.36844447 0.08610578 0.17894815 0.85965433 0.85965433
83.23127887 25.53297066 17.28100917 0.29642490 0.06029938 0.88927791 0.22785759
89.63896830 23.50588230 19.53145637 0.29773812 0.05213445 0.62668967 0.39600818
87.78999353 22.07286431 16.95041079 0.31137924 0.07147125 0.95260485 0.21052729
103.73557902 22.80040857 19.58845447 0.30555163 0.06628578 0.76000271 0.14266655
82.48868900 23.33966204 17.45244617 0.29681453 0.05311099 0.93118984 0.41170977
25.54710855 1.55904160 1.12404971 0.01472909 0.07080166 0.13867771 0.13867771
80.34189259 30.26795862 15.41036311 0.25819977 0.05802056 1.39703242 0.35572931
69.33649071 29.70966935 14.98052609 0.25782649 0.06316482 1.64113217 0.35289053
85.37860304 28.90284458 14.69729165 0.25202991 0.05320320 1.49131378 0.38679547
77.19155662 24.49407798 18.18237350 0.25836274 0.06127183 0.57434913 0.76627433
80.26159831 23.84451420 16.92262200 0.31018254 0.05422818 1.08611780 0.26404927
28.19596143 2.20801055 1.42204566 0.02128500 0.08073486 0.20489904 0.20489904
23.72681982 1.11307086 0.91926723 0.01022388 0.06397557 0.09317050 0.09317050
58.73072735 31.10345454 15.34642252 0.16306617 0.06897833 1.74774683 0.90449933
87.95234430 23.82175451 17.37487202 0.29438379 0.06645766 0.93750187 0.20739683
78.16187440 22.62485610 17.09095239 0.29779836 0.05494594 1.09342606 0.29536894
54.96060574 8.76534841 4.43306815 0.08752750 0.18110227 0.87401514 0.87401514
85.88703448 21.98736136 17.23785652 0.30500023 0.06680895 0.87742352 0.23049350
25.89376955 1.64397354 1.16304907 0.01558708 0.07210164 0.14734424 0.14734424
86.04908675 21.96204830 17.47569722 0.30704484 0.06992916 0.96175142 0.11426997
89.24477829 23.63979760 18.40759882 0.32792256 0.06650110 0.83555317 0.38685283
73.76862796 28.67325718 15.11561721 0.23607820 0.05249287 1.45019786 0.48041852
79.98776584 25.28664545 16.45527582 0.28262178 0.05344076 0.78977025 0.57717646
89.27743523 25.43926435 17.36462299 0.29942860 0.05837046 0.99231980 0.30551064
84.15964107 25.34572065 17.15646929 0.29631091 0.06149068 0.96578023 0.28462682
30.47687083 2.76683335 1.67864797 0.02693026 0.08928827 0.26192177 0.26192177
93.46002035 22.92742679 17.58950386 0.32779558 0.06417139 1.10159290 0.21753074
28.45064289 2.27040751 1.45069733 0.02191534 0.08168991 0.21126607 0.21126607
94.54580575 22.86103879 19.37787599 0.28742259 0.06252183 0.52209123 0.32926410
93.19394316 25.34060568 20.10742179 0.31273914 0.05694550 0.78448912 0.14582734
89.80327878 23.04763754 17.43519206 0.30956184 0.05342207 1.03499934 0.37248782
75.98365398 30.33787608 15.30282926 0.23039769 0.06852689 1.49833747 0.53793302
76.59658336 30.67601830 14.91989986 0.23007613 0.05734865 1.33383548 0.54955335
74.88384975 26.25208159 18.98722746 0.29465781 0.06350263 0.82482571 0.74170314
96.73203011 24.76717748 20.30182486 0.31371032 0.06534085 0.72885288 0.29624454
74.94346728 27.42758308 18.60956293 0.28855534 0.06109185 0.78799702 0.59433722
74.53910338 27.18891950 18.67390803 0.28917044 0.05857670 0.90624702 0.67440855
79.94667233 25.62652663 17.26970191 0.29503733 0.05685888 0.79014905 0.18361967
77.62665171 24.56667711 17.88353199 0.27161898 0.06194323 0.62634145 0.68950039
90.74330554 22.67673999 19.60923843 0.29004397 0.05168640 0.53350745 0.32614988
90.25513568 24.04299678 17.33916885 0.30746361 0.05822572 1.04467705 0.25055270
36.67017512 4.28419291 2.37539470 0.04225868 0.11251316 0.41675438 0.41675438
77.50243605 24.03087950 17.67704374 0.29740562 0.06663111 0.99976714 0.32408217
89.15075584 22.08772446 17.48234323 0.30701592 0.06370108 1.14129444 0.31682721
75.30429612 24.31910581 17.30592346 0.29588440 0.05360022 1.11477751 0.31465990
103.54405187 21.43988425 19.55702051 0.30375701 0.05763254 0.77582827 0.05119201
71.13312287 29.46217921 14.56363523 0.21867216 0.06251348 1.61904805 0.33644270
84.77103317 29.39437252 14.91612977 0.25987339 0.05342789 1.35343151 0.38161574
