93.39004436 16.63516313 8.31620111 0.14912912 0.05634048 1.44949685 0.92735009
71.45933772 23.10971197 7.93334417 0.09644328 0.05040532 1.47417205 0.73615581
67.89901491 20.89859801 8.44813324 0.08031993 0.05016301 1.69585181 1.25571540
69.16291179 22.77606514 8.36923054 0.03111117 0.05968790 1.49063277 0.87526433
76.87808367 22.05136744 8.36535626 0.06276653 0.06327464 1.47764713 1.28023974
75.00357612 22.80656464 7.78762339 0.04813369 0.06111830 1.48196732 0.98375311
25.87262516 1.63879316 1.16067033 0.01553475 0.07202234 0.14681563 0.14681563
73.48934549 22.58128958 7.89543428 0.05710292 0.05762475 1.39057943 0.90194739
77.49330467 19.88014979 8.03576530 0.05813767 0.06177638 1.47929437 1.27951676
76.17864552 21.89890842 8.09872736 0.06392407 0.05626941 1.42362744 1.11865353
75.62056241 15.89996726 8.87349701 0.12783776 0.06448444 1.19714554 0.91279721
73.83691670 22.19137606 8.05495384 0.03978726 0.07005763 1.52428038 0.93607784
93.83594833 17.06769046 7.47404584 0.14393701 0.06826477 1.34102778 0.96737311
36.18023034 4.16415643 2.32027591 0.04104607 0.11067586 0.40450576 0.40450576
45.62498996 6.47812254 3.38281137 0.06442185 0.14609371 0.64062475 0.64062475
99.64084765 12.90684219 8.64654602 0.14195852 0.06255926 0.70501731 0.77651668
77.47919188 20.49864781 7.54582315 0.05994390 0.06166369 1.59725547 1.02185560
101.68546272 10.88923266 7.85373820 0.13890437 0.05154375 0.69730648 0.60416476
42.83846759 5.79542456 3.06932760 0.05752521 0.13564425 0.57096169 0.57096169
109.06221363 14.94790619 7.15727146 0.15240986 0.06470040 1.02075915 0.40984569
96.90248685 12.29632039 7.74564633 0.14303083 0.05114672 0.60242626 0.62174992
36.00972472 4.12238256 2.30109403 0.04062407 0.11003647 0.40024312 0.40024312
74.84789173 21.89345556 8.37542194 0.07103867 0.06088741 1.42855203 1.31297637
27.31206425 1.99145574 1.32260723 0.01909736 0.07742024 0.18280161 0.18280161
24.93331264 1.40866160 1.05499767 0.01320995 0.06849992 0.12333282 0.12333282
84.80700236 17.97720289 8.69794472 0.14385566 0.05955110 1.34826429 0.90490312
80.27344148 22.17812036 8.22172840 0.07151503 0.06472924 1.32533617 1.35426345
85.09104435 20.00127285 7.70218082 0.07758162 0.06206957 1.24412847 1.31812971
26.47371299 1.78605968 1.22829271 0.01702244 0.07427642 0.16184282 0.16184282
25.21663571 1.47807575 1.08687152 0.01391117 0.06956238 0.13041589 0.13041589
74.04267358 21.59953158 8.32370297 0.07245077 0.07188792 1.42898624 1.24422747
92.25562447 17.47409504 7.36430666 0.15272193 0.06493265 1.34826555 0.87511948
58.96021706 9.74525318 4.88302442 0.09742654 0.19610081 0.97400543 0.97400543
78.03158434 23.43191452 7.44864885 0.09193981 0.05562705 1.46829491 0.88610315
99.06447734 13.70925274 7.77202497 0.14551790 0.05292587 0.69586764 0.66732280
74.04948733 18.51449392 9.67061642 0.07684616 0.05236162 1.56601300 1.11033025
86.72297828 16.95901523 8.63788369 0.14647955 0.06103447 1.34412607 0.84714244
71.38408966 15.37531607 9.17390950 0.13306778 0.05066404 1.30163176 0.87810412
99.21923360 10.17966039 8.24980013 0.13790591 0.05014410 0.74571787 0.67057696
73.51615278 18.36693774 9.63210859 0.07249031 0.05950533 1.45256526 1.07353610
91.44411113 16.68636551 8.00103430 0.14454087 0.05393966 1.47259129 0.93885803
78.07862565 19.27726161 8.00605878 0.06887538 0.06427716 1.52560232 1.44415909
54.46354585 8.64356873 4.37714891 0.08629728 0.17923830 0.86158865 0.86158865
102.07859173 12.30461205 7.88187338 0.14130968 0.05350685 0.55822333 0.72902130
74.59204633 20.91402675 7.41402422 0.08887865 0.05572410 1.57285505 1.15626197
46.89641346 6.78962130 3.52584651 0.06756862 0.15086155 0.67241034 0.67241034
49.50005304 7.42751300 3.81875597 0.07401263 0.16062520 0.73750133 0.73750133
96.38115217 15.64493934 7.68696142 0.15249383 0.08118499 1.30770166 0.72136884
50.19034714 7.59663505 3.89641405 0.07572111 0.16321380 0.75475868 0.75475868
73.70948496 20.57501331 8.15000990 0.05818315 0.06586802 1.55816589 1.23290104
34.50923416 3.75476237 2.13228884 0.03691035 0.10440963 0.36273085 0.36273085
76.18889699 17.21247381 9.97653364 0.08429826 0.06566040 1.44502713 1.09092293
70.27102550 21.94489334 8.32595935 0.03484713 0.06387974 1.50108445 0.92923598
87.24526825 18.32512360 7.82461816 0.14230140 0.06467717 1.28583078 0.80255888
90.81453938 16.09365173 8.38474674 0.14935348 0.06020701 1.37732048 0.95064860
69.10439266 20.30065278 8.20402150 0.09046880 0.06976783 1.66911178 1.17854392
72.50957899 21.49389752 7.66205511 0.05720022 0.05472444 1.33472427 1.03901520
80.94924716 19.94058977 8.04747132 0.07922958 0.05754138 1.56082680 0.92279714
68.48783723 17.68945923 9.46215313 0.08008421 0.05267697 1.39295852 1.09784563
52.88475893 8.25676594 4.19953538 0.08238978 0.17331785 0.82211897 0.82211897
86.16139201 18.27599949 8.23785773 0.14599880 0.05269141 1.24575804 0.76625626
35.26888044 3.94087571 2.21774905 0.03879048 0.10725830 0.38172201 0.38172201
81.53076477 19.22700352 8.24936421 0.08808921 0.06853735 1.47025405 1.05644906
21.08385559 0.46554462 0.62193375 0.00368254 0.05406446 0.02709639 0.02709639
51.21191497 7.84691917 4.01134043 0.07824949 0.16704468 0.78029787 0.78029787
70.27186365 16.29237829 9.42129144 0.13627390 0.05237082 1.06325386 1.03785071
73.91595685 20.86540379 8.61382252 0.06807436 0.08029385 1.60136727 1.55819298
29.39752653 2.50239400 1.55722173 0.02425888 0.08524072 0.23493816 0.23493816
50.62612265 7.70340005 3.94543880 0.07679965 0.16484796 0.76565307 0.76565307
77.50050933 20.76525114 8.20702195 0.06038659 0.05486554 1.43701347 1.26722898
23.39433058 1.03161099 0.88186219 0.00940097 0.06272874 0.08485826 0.08485826
97.22616418 11.97951161 8.72308620 0.14600184 0.05345992 0.71061547 0.86598967
86.80677887 15.25721168 8.41763807 0.15609784 0.06463602 1.36889999 0.87740678
74.64345635 20.49644634 7.69653746 0.06879546 0.06264803 1.63021957 1.45974824
74.73561858 21.03216351 7.89172190 0.05378284 0.05219921 1.58112202 0.98535457
43.53237534 5.96543196 3.14739223 0.05924263 0.13824641 0.58830938 0.58830938
73.81233265 22.51241209 7.62697040 0.07819020 0.07027652 1.30551212 0.89849700
39.52094208 4.98263081 2.69610598 0.04931433 0.12320353 0.48802355 0.48802355
50.35645990 7.63733268 3.91510174 0.07613224 0.16383672 0.75891150 0.75891150
68.24178425 19.02662929 8.60857647 0.08926102 0.05081680 1.60125900 1.16029490
90.13637081 14.86304837 7.74628178 0.13339284 0.05905126 0.76213862 0.90517159
68.89087783 16.58002494 9.49080192 0.07656878 0.05375963 1.42730344 0.89164872
92.03620056 16.36094321 7.33672141 0.13415807 0.06554464 1.31879831 0.90676078
72.93578038 20.18010924 8.25185300 0.06291315 0.05214595 1.60387404 1.11251288
99.94951458 11.11773764 8.13109610 0.13555573 0.06322297 0.71361171 0.63584995
20.13328530 0.23265490 0.51499460 0.00132988 0.05049982 0.00333213 0.00333213
74.93625239 18.95557344 10.56890287 0.08138059 0.05250637 1.55677025 1.02665476
32.11666896 3.16858389 1.86312526 0.03098876 0.09543751 0.30291672 0.30291672
87.79733550 16.00811928 7.56199938 0.14973129 0.06395367 1.44048249 0.87918064
73.89256821 21.83236439 7.95233993 0.08386419 0.05293162 1.31301926 0.83872340
43.89264973 6.05369918 3.18792309 0.06013431 0.13959744 0.59731624 0.59731624
75.84888240 21.37288430 7.89984579 0.06294921 0.06010270 1.53552673 1.11529915
113.64425583 14.37898258 7.29704633 0.14523906 0.05899093 1.01387268 0.48323456
99.25745401 11.75138156 8.15503802 0.15499009 0.05729225 0.77245527 0.73366203
76.03570878 18.57474031 9.65620116 0.07032665 0.05600962 1.48715403 1.00097921
97.07161392 11.42674057 7.79808426 0.12879222 0.05734075 0.69551490 0.51511053
51.06790913 7.81163774 3.99513978 0.07789308 0.16650466 0.77669773 0.77669773
40.47949272 5.21747572 2.80394293 0.05168674 0.12679810 0.51198732 0.51198732
73.16317955 21.92942218 7.78876103 0.06213922 0.06100348 1.42445684 1.26306033
80.99403152 22.52143801 7.95569640 0.07078192 0.06226072 1.42765807 1.30832871
73.32999498 17.38711229 9.81744381 0.08261924 0.05197422 1.40335256 1.07276754
25.62546378 1.57823863 1.13286468 0.01492302 0.07109549 0.14063659 0.14063659
90.33892525 16.00772025 8.77811831 0.16276473 0.06045528 1.38353601 0.83646543
58.86266641 9.72135327 4.87204997 0.09718510 0.19573500 0.97156666 0.97156666
97.52798147 12.53842617 8.94691139 0.14569134 0.05064764 0.68566334 0.87345516
46.63830593 6.72638495 3.49680942 0.06692981 0.14989365 0.66595765 0.66595765
90.05221180 16.12815612 8.57298159 0.16211521 0.05433865 1.37173672 0.91140531
71.72506093 17.57259442 9.80568850 0.07554133 0.05206248 1.45733655 0.96991841
44.08684552 6.10127715 3.20977012 0.06061494 0.14032567 0.60217114 0.60217114
73.19813750 20.75376691 7.89394340 0.06377944 0.06005026 1.50851883 1.15725857
81.49576746 22.16361193 7.87723638 0.07397785 0.07180876 1.44011763 1.32402741
21.61558186 0.59581756 0.68175296 0.00499857 0.05605843 0.04038955 0.04038955
99.56053952 12.45521110 7.72914111 0.14241627 0.05494355 0.57273673 0.58913156
51.95613424 8.02925289 4.09506510 0.08009143 0.16983550 0.79890336 0.79890336
29.10242253 2.43009352 1.52402254 0.02352850 0.08413408 0.22756056 0.22756056
83.30212882 21.50443894 7.53193433 0.07265380 0.06219000 1.47157503 0.93255613
41.85156203 5.55363270 2.95830073 0.05508262 0.13194336 0.54628905 0.54628905
90.80054459 16.52889714 8.02038094 0.15162797 0.06515026 1.32693122 0.97115492
107.52035598 14.33782568 7.54672336 0.14352913 0.05091783 1.07980330 0.55697947
73.77565288 15.72957944 8.94276359 0.14193482 0.05835119 1.30654482 0.91841199
88.75090163 16.02280278 8.35740641 0.14893793 0.05757868 1.34965565 0.82650149
43.48639211 5.95416607 3.14221911 0.05912882 0.13807397 0.58715980 0.58715980
44.25518555 6.14252046 3.22870837 0.06103158 0.14095695 0.60637964 0.60637964
71.99339888 21.65916225 8.23775016 0.07181342 0.06810148 1.49574975 1.22977493
75.48935332 21.14147054 7.73388092 0.07145625 0.06044593 1.65465737 1.43082679
57.99000231 9.50755057 4.77387526 0.09502526 0.19246251 0.94975006 0.94975006
98.99482818 11.10455590 7.95021775 0.15228751 0.06160231 0.52376832 0.63908833
108.00830617 13.50161302 7.29973976 0.14302088 0.05944918 1.02830723 0.48091671
