50.36593297 1.14948851 2.28116815 0.06204321 0.16650981 0.25465308 0.70647365
39.87972017 2.13889281 4.12220585 0.03238420 0.07460803 0.69729437 0.91066636
52.94232985 8.76295202 4.98330410 0.07259436 0.07023647 0.40837526 0.07794863
51.92356110 9.00417386 4.59997856 0.09051218 0.05878214 0.34008878 0.47926612
54.73684728 9.32519102 3.84533744 0.03406255 0.05724277 0.49123914 0.61883289
53.95284485 9.50335307 4.41525947 0.07714489 0.07508277 0.25667262 0.16825128
56.59844840 8.99525733 4.81235508 0.08473179 0.05573351 0.35397012 0.03424412
51.81633772 0.44593497 0.92949422 0.05362201 0.06534313 0.44171021 0.00531354
53.18758250 8.85582102 4.41307461 0.06237436 0.05712999 0.28237408 0.18956357
51.49736542 8.29129513 4.71869282 0.08455026 0.07013084 0.26437689 0.11189320
40.04626353 1.68650131 2.27650382 0.00190967 0.16783226 0.88447504 0.01276724
55.81784277 9.43795619 3.72321204 0.09333117 0.06408838 0.40828725 0.26451885
50.13168077 9.00305916 4.83471625 0.05686750 0.06830466 0.49895981 0.55200573
57.31252555 9.82094369 2.36611617 0.07582085 0.16147143 0.40116593 0.69099355
58.87938625 7.15562168 4.08218095 0.09970718 0.05004310 0.26518076 0.40680305
40.42756339 2.52072638 1.95914895 0.00459754 0.14131882 0.64261749 0.57363351
58.61130434 8.69861448 4.53062377 0.08517512 0.06105723 0.07938305 0.13753984
52.15454252 8.70648219 3.58184210 0.08175531 0.06098122 0.28736801 0.16640917
34.25628663 7.91436113 0.84948502 0.06338423 0.13797451 0.32765269 0.58284827
48.17463066 4.67729998 4.39899629 0.05670724 0.09891523 0.37421375 0.19692239
56.97832279 8.16158599 3.40787920 0.06701377 0.06815721 0.36067757 0.42222168
51.18367151 9.62063290 3.96705498 0.07982507 0.05803998 0.43750577 0.28799761
26.57783297 7.80903450 0.99987102 0.01096643 0.06528265 0.49705743 0.08213072
57.72060511 8.81440082 4.72827857 0.07615358 0.07262290 0.43928491 0.39917925
52.01401928 4.97410728 1.61822900 0.05575266 0.09951988 0.90324571 0.64152656
56.78321009 8.22275984 4.76520467 0.08833856 0.06958052 0.23609203 0.21776844
56.17466733 8.39968626 4.81458049 0.07639528 0.06116682 0.33967929 0.29990516
53.98076642 8.37704458 4.66946316 0.07080034 0.05525625 0.18799134 0.27458813
56.37529541 7.75465509 4.74184826 0.09338557 0.05959697 0.19816913 0.41698390
58.64021632 8.67243448 2.54935305 0.06122407 0.06198299 0.29207430 0.47051266
59.55699837 8.57799605 3.67037611 0.05705460 0.06814664 0.50456907 0.01093751
53.34068245 7.66109238 4.22461699 0.09482259 0.07056114 0.25399159 0.34479878
55.86736824 9.02765898 2.75556909 0.08229618 0.06266446 0.27394394 0.13193355
56.49131362 9.13099994 4.07845458 0.09620998 0.05870472 0.18523347 0.42394870
56.23977002 0.21943240 4.27836608 0.04638155 0.05085301 0.62042258 0.28481758
44.31879001 4.00443026 1.82469325 0.09657294 0.05377511 0.45795520 0.06226432
41.50615622 8.27378687 2.77179225 0.07429633 0.05701949 0.83400189 0.27795754
55.62033282 1.40127089 2.62928185 0.03470688 0.05310818 0.45168186 0.85755786
48.94147164 8.03887963 4.96280189 0.09121530 0.06075375 0.40164795 0.06449949
50.95213270 2.99592601 1.55080400 0.09523878 0.06917392 0.89765543 0.14964112
58.10654422 7.60649901 4.26407227 0.09752085 0.06251838 0.11083460 0.07915372
22.60059669 1.21041450 2.11685891 0.01964784 0.06911828 0.53581927 0.48461125
54.15568683 8.80583095 4.76622838 0.07046697 0.06103835 0.34245676 0.23710038
55.28560349 8.62883514 4.49101025 0.07219456 0.05486526 0.17031441 0.39277338
44.94082131 7.13559684 1.36463376 0.08405510 0.07871744 0.15368001 0.71904656
21.18885419 4.91259418 0.56193103 0.05133183 0.19936582 0.15755126 0.74170318
35.64245360 4.92628262 3.64365610 0.07170558 0.07855872 0.79209688 0.44292292
49.78167410 9.49710328 4.06677463 0.09141031 0.06668170 0.33000169 0.15618617
55.59896307 9.52107583 2.74474757 0.05850468 0.06865650 0.25638246 0.31005759
59.41847168 6.12406199 3.24420219 0.07418769 0.12296748 0.94219732 0.04742195
49.10036028 4.19839604 3.15948022 0.02221584 0.16631937 0.21726558 0.03458734
53.58630214 9.05213565 4.36963902 0.07192995 0.06928115 0.26023626 0.15960706
59.31885483 6.93872010 2.72573601 0.07900084 0.19227029 0.76532643 0.95278841
52.35593771 9.46836687 4.00765331 0.05723095 0.05815476 0.22941471 0.35146270
56.68693516 7.73971560 4.94314568 0.09209029 0.06906268 0.29309004 0.30584844
52.21358492 9.19639054 4.49735703 0.08524040 0.07524997 0.47920667 0.18776609
54.12093037 9.91218306 4.27900733 0.08357894 0.06265276 0.34307103 0.41729073
53.95273830 8.19697534 3.68873268 0.06698452 0.05500485 0.54309771 0.52131984
53.06456871 1.27403585 0.71826285 0.03651772 0.12978263 0.28150342 0.13696517
32.12082057 9.70029870 4.84153262 0.06345517 0.12742985 0.40215225 0.55767430
53.40744971 9.72133053 4.46813254 0.08636771 0.07387733 0.21415149 0.05076719
56.13669625 7.07748684 4.24287560 0.09828531 0.05810707 0.15106952 0.46245673
52.50350785 8.93272077 4.67755654 0.08155654 0.07022077 0.32639941 0.30055423
51.63006806 8.72513307 4.70324703 0.08293840 0.05647069 0.32048296 0.23130242
50.37608076 2.24209238 4.82192681 0.09103614 0.06836051 0.61023257 0.65498633
41.37231963 1.07190295 2.47020349 0.09485908 0.17198388 0.67821095 0.79943737
47.49684214 9.39620056 4.76361970 0.08783208 0.05383616 0.23319865 0.39873145
42.04924868 1.05844951 3.51548110 0.03921307 0.05657002 0.85149807 0.40139913
53.80323179 8.67622704 4.53279718 0.06240264 0.05535384 0.38261965 0.25374385
45.57850494 9.18977923 4.47922002 0.09430389 0.05604210 0.22821768 0.26919407
51.36633727 9.13394843 4.69879040 0.08694578 0.05490913 0.09389433 0.17796114
53.66160944 8.25439121 3.42386156 0.09582018 0.06421954 0.29943050 0.14723030
33.78509725 1.57515271 3.80461771 0.02313237 0.11717004 0.11057160 0.45015167
27.74654653 5.14276722 1.96731685 0.01215572 0.18364767 0.40738983 0.10408206
54.83737748 8.46124004 3.71354771 0.08575514 0.06012437 0.29368381 0.25534529
46.61910363 5.17553235 4.97516573 0.09779469 0.09397066 0.57640094 0.66568688
55.06399239 8.43947571 3.54170022 0.07655196 0.05332049 0.23952925 0.12811160
40.98449167 9.94687720 3.04891802 0.08022670 0.18701115 0.30444015 0.72105724
21.24702362 8.47822057 1.00678893 0.05315651 0.16943662 0.42075441 0.15144940
59.64809699 8.77016919 4.74305584 0.07828242 0.05058892 0.40067701 0.14032526
56.94386591 8.84818462 4.55771732 0.06850785 0.06240635 0.33349161 0.37900428
58.27546296 8.27726118 4.08058174 0.08933602 0.05646639 0.23135351 0.38694044
34.43256962 7.44353508 2.15391901 0.04149037 0.15194028 0.62418606 0.93881976
41.19188180 4.00516426 0.58416946 0.02197664 0.08409517 0.59857313 0.13865036
51.95236039 8.86704596 3.87237982 0.07282481 0.06361608 0.45091466 0.52231890
54.23973349 7.89796624 4.45349187 0.09752030 0.07574592 0.26488211 0.26690342
59.41152790 7.99468438 4.20830527 0.09406745 0.06263383 0.25650782 0.41936625
56.00715078 9.14588034 3.59308199 0.08834550 0.07032751 0.32898377 0.11713927
48.10137355 9.64556920 4.46366880 0.07935199 0.05636219 0.41241646 0.50349505
57.44441499 9.55302337 3.82324344 0.09371166 0.06195454 0.27931783 0.34998315
20.76178375 0.91128049 1.62497221 0.09995498 0.17497637 0.06765252 0.45921365
43.57201207 4.56165089 0.92222268 0.01958560 0.17329882 0.72160250 0.14302877
38.58194719 1.13889380 1.22392423 0.04426321 0.07683266 0.74192748 0.35387458
52.49315247 9.14619688 4.05035513 0.09219969 0.06383229 0.24086675 0.21739157
56.59704058 8.03965713 4.49241665 0.08868287 0.06342974 0.15218996 0.13919560
55.36220271 9.96878651 4.20641153 0.08843122 0.05617307 0.32355392 0.30712499
56.19831222 9.83280474 3.51634980 0.07500716 0.06715896 0.51231488 0.32746621
46.01709168 8.51041918 4.13500844 0.05871512 0.05061433 0.79618559 0.26634930
51.29343298 8.33008139 3.93588372 0.08595035 0.07109778 0.27424753 0.21240296
57.21851913 7.69001312 4.52454666 0.09438814 0.07503359 0.36739410 0.25711303
55.78641922 9.25576201 4.43882874 0.09080840 0.05876237 0.29248517 0.23186148
49.13563099 9.50526970 4.82466789 0.06395174 0.06248954 0.23675993 0.37056922
58.31798000 8.23934583 4.37779704 0.08076957 0.06896427 0.08505540 0.13079174
43.11043852 8.62512055 2.95980601 0.00166434 0.16567214 0.55838192 0.51935212
55.46989649 8.80483278 3.49820997 0.09239538 0.05235820 0.27838630 0.34049651
54.99931350 9.03441516 4.21594640 0.06546885 0.05986376 0.10024403 0.63958131
49.34959002 4.45323216 4.71845508 0.02925129 0.16906241 0.20548782 0.84265085
57.88545762 8.95336074 4.46822393 0.03002660 0.05118950 0.26886251 0.65274613
54.95538588 9.13801544 3.86976400 0.09429852 0.06659543 0.13909392 0.39478911
57.23733649 8.08559099 4.42258298 0.08324183 0.05323342 0.15137920 0.10844546
30.05083066 5.93616483 1.83904536 0.09527797 0.11139586 0.99330508 0.53903030
55.86351815 9.86437060 4.67180308 0.08469940 0.05551249 0.30915728 0.21682215
47.26102439 3.21443651 0.73841722 0.06290436 0.16920361 0.89863629 0.73456427
41.29652897 8.01368692 1.12505837 0.00195023 0.19370371 0.65330539 0.16726207
57.73894458 8.90402258 4.12413843 0.08585945 0.05753596 0.27194546 0.34822678
49.71108190 9.29840364 4.70527375 0.08639725 0.06160791 0.26382037 0.42346257
53.45430297 8.69543219 4.72824001 0.08114731 0.06682044 0.54726552 0.25652015
54.52413259 8.33682354 4.32958133 0.09062501 0.06563136 0.21005736 0.25048479
41.73189570 1.63927326 1.73447719 0.06973919 0.09415879 0.60140089 0.88026737
44.64784257 2.27594576 3.97137881 0.00994315 0.09332567 0.59704502 0.57491079
48.81073603 5.29873401 3.39517550 0.09398044 0.09539226 0.39431254 0.83445569
56.36175110 4.15766760 1.89639438 0.06359477 0.17453923 0.30710751 0.42127377
54.32003032 9.06742879 3.71994649 0.08043631 0.05543712 0.37734799 0.20660515
51.23272416 8.99937429 4.85053117 0.08356373 0.05724266 0.28977221 0.39789397
33.91079097 9.71994676 3.50818540 0.08909740 0.18505137 0.44311097 0.38840700
57.45680618 8.54439589 3.01347324 0.05663503 0.06765021 0.28510980 0.31736671
54.63804725 7.45054544 4.82433522 0.01387532 0.19107908 0.30505527 0.58150581
57.28147482 8.57395059 4.52391774 0.09010629 0.05265265 0.32399758 0.44276261
