93.75328793 17.30279599 7.72937632 0.14500826 0.08555493 1.36581603 0.90652847
77.01607307 17.13818768 9.85517055 0.08659130 0.06525796 1.33674068 0.89893934
78.32944271 17.49521579 9.41012952 0.08678985 0.06990190 1.39412668 0.93536808
97.44625284 16.77785158 8.55254155 0.14811144 0.05655237 1.33811174 0.99916649
76.42128915 18.80353811 9.61854385 0.08024717 0.07163315 1.57843089 1.18300714
89.36992887 16.19220274 7.78545770 0.15161656 0.07712638 1.46298064 1.01381642
96.79383491 11.54717569 8.60233515 0.15328320 0.06164569 0.53979832 0.50638233
98.34978564 12.75371290 8.41141358 0.15058870 0.05985408 0.82183756 0.79381787
76.03678344 18.32816754 9.24468540 0.08194363 0.05521887 1.61652205 1.13022531
101.33349425 11.62107359 8.35557608 0.15028864 0.06814219 0.49643096 0.59390011
101.00760604 12.51675917 9.01425504 0.14376118 0.05346496 0.65604818 0.60676147
39.16475274 4.89536442 2.65603468 0.04843276 0.12186782 0.47911882 0.47911882
105.93467144 14.20868961 7.94685587 0.14205104 0.05583120 1.14115412 0.50579946
42.16390197 5.63015598 2.99343897 0.05585566 0.13311463 0.55409755 0.55409755
75.06319002 18.51191647 9.64995074 0.07787512 0.05590975 1.41462973 1.00713417
98.54888404 17.26431004 7.14079690 0.14372468 0.05146133 1.66326276 0.98712375
80.03807737 17.84544854 9.25082237 0.07986125 0.05402035 1.50971296 1.05001874
79.27343960 18.21330110 8.33867844 0.13799462 0.06314393 1.46957626 0.80739078
26.85620452 1.87977011 1.27132301 0.01796911 0.07571077 0.17140511 0.17140511
78.44180783 19.27207676 9.80895688 0.07642890 0.06006118 1.56454312 1.17596355
78.02818401 22.14368744 7.84693212 0.04877747 0.05816483 1.40617466 0.93854641
76.67365978 18.72315838 9.18576308 0.07487911 0.05082371 1.38915329 1.04455787
89.16171424 17.70433185 7.97291271 0.15336610 0.06257003 1.19590308 0.89633506
99.60111662 11.65553016 8.23817708 0.14723259 0.06564734 0.52879066 0.58803152
105.28154560 15.17356229 7.67018145 0.13855852 0.05245051 1.21406663 0.54138400
91.67526829 16.50497448 8.17188732 0.13959255 0.05734122 1.45495873 1.02211353
99.34568972 13.74495525 8.40640641 0.15508482 0.06419670 0.72504153 0.82128734
72.89612278 18.14241234 9.93069243 0.08334759 0.05930339 1.56951965 1.20590905
40.40537620 5.19931717 2.79560482 0.05150331 0.12652016 0.51013440 0.51013440
99.29621364 10.51971427 8.35436568 0.16317540 0.05051816 0.80313331 0.75008094
99.62101259 12.82792970 8.20057682 0.14267862 0.05173157 0.82123545 0.81206187
106.72719853 14.63024181 7.86827355 0.14619614 0.05675152 1.14644751 0.48035196
43.32321975 5.91418884 3.12386222 0.05872497 0.13746207 0.58308049 0.58308049
57.77999257 9.45609818 4.75024916 0.09450548 0.19167497 0.94449981 0.94449981
100.84164261 10.90616411 9.09384964 0.14059843 0.07299490 0.67486377 0.65271374
25.03869998 1.43448150 1.06685375 0.01347078 0.06889512 0.12596750 0.12596750
78.53542629 18.94518518 9.76783854 0.07940568 0.06211277 1.46120284 1.19727827
72.73938364 17.64970438 9.91704723 0.05674027 0.06120056 1.57740143 0.94097616
37.90890740 4.58768231 2.51475208 0.04532455 0.11715840 0.44772269 0.44772269
23.18231316 0.97966672 0.85801023 0.00887623 0.06193367 0.07955783 0.07955783
96.65703249 12.85082580 8.09839961 0.13971602 0.06991301 0.71895773 0.69137023
72.75062003 23.79286020 7.99513793 0.08210983 0.05199049 1.51640426 0.93194486
98.94912951 11.00240040 8.51918917 0.15444725 0.05569982 0.80621846 0.85896895
76.70821891 17.97176396 9.86311615 0.07232621 0.05436247 1.64675561 1.19772908
99.65901762 11.94982185 8.83490303 0.13766345 0.05795921 0.64783602 0.70934001
71.43355297 18.79421059 10.01991747 0.06386370 0.06689907 1.43074031 0.96335587
77.70523550 18.12132784 9.74822330 0.07442700 0.05388391 1.53135462 1.17642438
75.63473415 18.12176495 9.85523401 0.06817088 0.06182252 1.46208197 0.94322019
55.59294423 8.92027134 4.50420623 0.08909254 0.18347354 0.88982361 0.88982361
59.48036849 9.87269028 4.94154146 0.09871391 0.19805138 0.98700921 0.98700921
39.53752935 4.98669469 2.69797205 0.04935539 0.12326574 0.48843823 0.48843823
103.39900084 11.91131335 8.39381571 0.14294122 0.05735147 0.62938077 0.63393368
90.55291088 17.61913362 8.41000951 0.14394770 0.06737911 1.58998340 0.97656212
77.35995082 19.82751845 9.30394238 0.07295392 0.06634165 1.50197614 0.91106081
81.25211721 17.53921894 7.99388818 0.14847010 0.05796760 1.23658204 0.89767957
36.50385157 4.24344363 2.35668330 0.04184703 0.11188944 0.41259629 0.41259629
34.81927971 3.83072353 2.16716897 0.03767772 0.10557230 0.37048199 0.37048199
105.18118811 13.97084837 7.44580540 0.14305182 0.05286230 1.14366841 0.56063964
79.28403810 18.58068562 9.94293428 0.07166098 0.05160650 1.41040414 0.84627959
104.56943735 11.23266609 9.11748323 0.14407201 0.06615779 0.68170559 0.63758333
73.15098526 20.01568492 10.14404360 0.08146042 0.05414214 1.75362709 1.15847347
96.86915665 11.65276733 8.27677474 0.14871809 0.05723183 0.83583086 0.82402437
38.69182210 4.77949641 2.60282999 0.04726226 0.12009433 0.46729555 0.46729555
110.52450935 14.91513673 7.60308086 0.14340917 0.05367141 1.02745038 0.40184937
58.11434772 9.53801519 4.78786412 0.09533301 0.19292880 0.95285869 0.95285869
104.70315362 10.87352025 7.59972413 0.13821926 0.05100436 0.59129030 0.64573362
98.62929293 10.37396182 9.50055559 0.14273235 0.07662688 0.60193461 0.68225769
92.47312402 16.17297429 7.90052139 0.14304272 0.07509999 1.40904120 1.06528230
35.31119448 3.95124265 2.22250938 0.03889521 0.10741698 0.38277986 0.38277986
37.17086639 4.40686227 2.43172247 0.04349789 0.11439075 0.42927166 0.42927166
84.86335184 18.20526026 8.62317832 0.13123701 0.06356830 1.42655034 0.83195081
59.24398035 9.81477519 4.91494779 0.09812885 0.19716493 0.98109951 0.98109951
74.64971430 18.77778348 9.67150707 0.07224551 0.07305036 1.57736373 1.16922442
86.18982180 17.42613204 8.18238979 0.15046428 0.07210924 1.23565375 0.84488044
34.14476575 3.66546761 2.09128615 0.03600830 0.10304287 0.35361914 0.35361914
43.91285748 6.05865008 3.19019647 0.06018432 0.13967322 0.59782144 0.59782144
70.07596153 18.63130632 10.42323120 0.07098843 0.05653879 1.64017673 1.00979770
63.75418395 16.81673732 9.24996159 0.14127992 0.06004863 0.99671208 1.11338954
38.16584336 4.65063162 2.54365738 0.04596046 0.11812191 0.45414608 0.45414608
78.16591812 23.19011846 8.37467009 0.05489191 0.06106369 1.32813940 0.98853232
77.48382313 17.58879307 10.28823828 0.07384243 0.05788474 1.58650649 0.89969272
88.21236289 16.47847863 8.31493623 0.14096664 0.05797319 1.53958445 0.86767107
24.58969692 1.32447574 1.01634090 0.01235950 0.06721136 0.11474242 0.11474242
99.91075082 11.98339956 8.16586663 0.16253182 0.05576444 0.68614175 0.70869943
75.16951890 17.97893405 10.30112940 0.07545136 0.05805304 1.58463348 1.00056357
101.72471334 12.07536707 8.24190078 0.16028175 0.06908739 0.63514654 0.72107776
36.11006344 4.14696554 2.31238214 0.04087241 0.11041274 0.40275159 0.40275159
111.16357921 13.74998403 8.02307493 0.14150887 0.07078871 1.08612771 0.38876373
98.72118380 11.12490483 8.19581757 0.14822651 0.06641041 0.84651574 1.00946825
97.80959895 10.88047093 8.74871508 0.14331761 0.05991973 0.69334448 0.67987570
100.36112875 12.54553692 8.52481218 0.18190644 0.05468111 0.79824300 0.79142028
50.17522852 7.59293099 3.89471321 0.07568369 0.16315711 0.75438071 0.75438071
84.55405426 18.33976679 8.42775759 0.14698138 0.05061109 1.23795216 0.91206696
76.52024561 22.73700194 7.89220401 0.04890428 0.06166832 1.35659638 0.98680083
99.61960015 11.52364015 8.55274807 0.15364152 0.05153105 0.60484371 0.62770143
97.75147398 11.82336418 8.38863443 0.14797560 0.06736784 0.82503319 0.93043870
74.72122287 16.97457173 9.42003353 0.08829157 0.07676861 1.35941217 0.84615856
36.47584298 4.23658153 2.35353234 0.04177771 0.11178441 0.41189607 0.41189607
34.41041879 3.73055260 2.12117211 0.03666579 0.10403907 0.36026047 0.36026047
78.45293908 19.35794560 8.90751719 0.07552912 0.06001101 1.45247562 1.49104561
75.13410356 17.09186535 9.77906288 0.10073895 0.05600100 1.41215074 1.01234308
24.77320796 1.36943595 1.03698590 0.01281369 0.06789953 0.11933020 0.11933020
91.12060252 16.22094426 7.91543545 0.14504460 0.07592613 1.41929069 1.06076378
98.94649495 13.02295558 8.06070230 0.15046953 0.05503975 0.69058728 0.68905075
104.46484806 11.41432555 8.16249289 0.13848259 0.05818337 0.66263242 0.55969580
49.94290232 7.53601107 3.86857651 0.07510868 0.16228588 0.74857256 0.74857256
77.39950221 19.17405593 9.53147986 0.07038997 0.05233219 1.45909823 0.93257657
97.20116420 13.25277835 7.95313504 0.15033818 0.05763554 0.82546328 0.54656527
72.98899804 18.71142525 10.02615537 0.07017445 0.05937864 1.73378013 1.06847739
79.10722488 17.71083900 9.31136449 0.07541059 0.06019026 1.46498348 1.08609448
98.45555729 12.82781602 8.23528624 0.12952427 0.05074027 0.64161405 0.80312727
100.30177856 10.44825523 9.09902483 0.16885414 0.05880218 0.74363897 0.86499592
93.04777419 15.93196321 7.93060121 0.16229933 0.05618040 1.45446377 1.02062182
77.56332357 23.35436215 7.30222669 0.07120801 0.05650280 1.44249444 0.90857974
94.31361349 17.40454564 7.84719378 0.14338413 0.07014473 1.32399380 0.82255146
98.71675944 12.14659827 8.06635005 0.13561996 0.05196713 0.65263069 0.76730197
76.71063944 18.41827038 9.59839320 0.06200686 0.05982848 1.52284844 1.22670798
31.48967460 3.01497028 1.79258839 0.02943694 0.09308628 0.28724186 0.28724186
78.61732487 19.30900056 8.26994429 0.12164472 0.05769307 1.32820934 0.72994508
75.51343278 18.49203813 9.96685620 0.06641697 0.05889406 1.46619325 0.95879042
36.79686854 4.31523279 2.38964771 0.04257225 0.11298826 0.41992171 0.41992171
98.67637053 11.89669934 8.63618963 0.14620624 0.05953630 0.72482090 0.62239877
97.46367632 13.43694976 8.24107193 0.14681948 0.06181020 0.54928528 0.62448618
28.69689945 2.33074037 1.47840119 0.02252483 0.08261337 0.21742249 0.21742249
98.74974158 11.41929919 8.23020270 0.13908185 0.05599203 0.70708915 0.65438147
51.64143628 7.95215189 4.05966158 0.07931255 0.16865539 0.79103591 0.79103591
105.48070621 11.68195467 8.32121423 0.15913244 0.05052235 0.75503328 0.70543074
98.54759157 13.28051528 7.74554333 0.14432367 0.05682023 0.80196929 0.69628793
