25.03827097 1.43437639 1.06680548 0.01346972 0.06889352 0.12595677 0.12595677
61.80126517 18.67460359 7.53881106 0.03254064 0.06760485 1.29507254 1.07633150
20.96465541 0.43634058 0.60852373 0.00338752 0.05361746 0.02411639 0.02411639
58.33301150 18.51188238 8.35120759 0.02435021 0.07569636 1.49672102 1.28313846
60.37159897 17.94838306 7.38169817 0.01093628 0.07476519 1.49058401 1.56004138
60.97274251 18.52611645 6.98241031 0.03391483 0.05893688 1.46606245 1.19170398
29.43361391 2.51123541 1.56128156 0.02434819 0.08537605 0.23584035 0.23584035
62.29457543 16.72430169 8.56337424 0.01274228 0.06230714 1.23014584 1.21290709
71.61601577 13.26358149 6.93592760 0.10893890 0.06027749 0.94681580 0.69076156
62.56491879 17.12652267 8.31382175 0.01625655 0.05395562 1.61856724 1.41167895
76.59490493 12.57472984 6.91957181 0.14741161 0.05535883 0.81371591 0.85503431
62.15967482 17.52938107 6.84308414 0.04714833 0.06714048 1.26294184 0.99967494
62.33297728 17.55327430 7.70521329 0.03277733 0.05227658 1.58476437 0.82345528
62.33191616 17.74783391 8.37718765 0.02585691 0.06281507 1.38000309 1.09757290
61.51700470 17.81989372 8.56676986 0.01877931 0.05727994 1.29115714 1.18518245
74.99699601 13.48385615 6.53298719 0.12899281 0.05389977 0.75731072 0.94536944
69.69217470 13.48393925 6.94177383 0.11165310 0.05611367 1.01621676 0.69751612
81.86857631 13.58646713 6.28076537 0.14414164 0.05514516 0.91967318 0.85238478
62.40443107 17.81291030 8.37135993 0.01266781 0.07855347 1.58699723 1.11237492
71.28944312 13.55983551 6.35552561 0.12244835 0.05304953 0.79430608 0.91318597
42.56748191 5.72903307 3.03884172 0.05685452 0.13462806 0.56418705 0.56418705
67.02141017 16.21640037 8.06259408 0.01752882 0.05377681 1.16578950 1.20652867
65.18134421 18.09595315 8.56272873 0.04255373 0.05517712 1.57209379 1.02925431
59.22264107 18.24016602 7.11443133 0.03603261 0.05421928 1.53280430 1.21586832
36.46551134 4.23405028 2.35237003 0.04175214 0.11174567 0.41163778 0.41163778
35.14076104 3.90948645 2.20333562 0.03847338 0.10677785 0.37851903 0.37851903
27.45880344 2.02740684 1.33911539 0.01946054 0.07797051 0.18647009 0.18647009
79.76985883 14.14554146 6.75936777 0.14757768 0.07630188 0.88105514 0.86451662
25.97353436 1.66351592 1.17202261 0.01578450 0.07240075 0.14933836 0.14933836
58.46136126 19.07525003 7.02665987 0.04045008 0.05387946 1.40199851 1.18760037
65.78345636 16.29561200 7.76631136 0.01736741 0.06397405 1.39736387 0.88755826
67.53714817 16.99522741 6.85689773 0.05662021 0.07462479 1.23092221 0.94750626
70.50227355 16.75871231 7.28462199 0.03746442 0.05849468 1.30382930 0.98800956
31.70929482 3.06877723 1.81729567 0.02998050 0.09390986 0.29273237 0.29273237
67.93572966 17.88925877 6.68020319 0.03236426 0.05082711 1.29997600 1.29586459
56.84356674 18.36768462 6.86482883 0.03473582 0.06054128 1.47708416 1.38306383
44.91239224 6.30353610 3.30264413 0.06265817 0.14342147 0.62280981 0.62280981
66.25490580 17.68461156 7.02375792 0.04375612 0.06707753 1.17853730 1.19274585
26.73567734 1.85024095 1.25776370 0.01767080 0.07525879 0.16839193 0.16839193
74.01683996 13.16540531 7.14027837 0.11569006 0.05258852 0.95256533 0.77099089
80.55717028 13.98109487 6.68515548 0.14337268 0.05288032 0.84086914 0.84135869
58.24210577 18.67222635 7.05187590 0.03588807 0.05499749 1.34184791 1.24277909
62.79638622 16.23624764 7.75478055 0.04793692 0.05527948 1.13603570 1.06528102
27.18355004 1.95996976 1.30814938 0.01877929 0.07693831 0.17958875 0.17958875
40.20357745 5.14987647 2.77290246 0.05100385 0.12576342 0.50508944 0.50508944
27.54326726 2.04810048 1.34861757 0.01966959 0.07828725 0.18858168 0.18858168
42.25239807 5.65183753 3.00339478 0.05607469 0.13344649 0.55630995 0.55630995
27.33696120 1.99755549 1.32540814 0.01915898 0.07751360 0.18342403 0.18342403
65.16717428 20.21421395 7.55522655 0.00959466 0.05628710 1.75338633 1.52494977
57.11184294 16.75243050 6.65719149 0.05793832 0.06642503 1.16099863 0.85372618
62.48890310 17.22451156 8.40253898 0.02287174 0.05807132 1.60747875 1.38208371
76.55162249 12.50880443 6.70226666 0.12032388 0.05438901 1.01113247 0.71753167
61.89988008 18.46536694 7.46125208 0.03792123 0.05750010 1.47614290 1.12993323
33.26037966 3.44879302 1.99179271 0.03381944 0.09972642 0.33150949 0.33150949
42.91097259 5.81318829 3.07748442 0.05770466 0.13591615 0.57277431 0.57277431
61.18319654 17.37274107 8.51747106 0.01231174 0.05628536 1.57202975 1.04651514
46.65476199 6.73041669 3.49866072 0.06697054 0.14995536 0.66636905 0.66636905
58.55045920 9.64486250 4.83692666 0.09641239 0.19456422 0.96376148 0.96376148
64.23886184 15.84616851 8.32592262 0.02138865 0.07177658 1.54785180 1.14947175
65.01162896 17.06498773 8.15344174 0.03606552 0.06702317 1.55970102 0.85960122
66.25371068 16.64257181 6.54204708 0.03949965 0.05486850 1.22412008 0.83185762
32.17675767 3.18330563 1.86988524 0.03113748 0.09566284 0.30441894 0.30441894
59.59072616 9.89972791 4.95395669 0.09898705 0.19846522 0.98976815 0.98976815
64.73955679 19.01170578 5.22037015 0.10725031 0.05359891 0.76347856 1.06236788
66.26243777 18.66762412 6.99972245 0.03570878 0.07253683 1.28374984 1.23018905
73.30141924 13.12229438 6.54530278 0.13542169 0.06870713 0.80279145 0.92587240
64.31120569 17.01321378 7.32159979 0.04159589 0.05514537 1.28847312 0.82435323
72.62855002 16.40425564 7.96368150 0.01617994 0.07493784 1.29202171 0.88754592
56.07333033 14.49441835 6.49859999 0.05623716 0.06020556 1.06346650 0.90342172
48.60205479 7.20750342 3.71773116 0.07179009 0.15725771 0.71505137 0.71505137
83.12339045 14.08021534 6.16531915 0.12841045 0.05411407 1.14951682 0.73951937
34.28784400 3.70052178 2.10738245 0.03636241 0.10357941 0.35719610 0.35719610
76.84820676 12.99412432 6.48518905 0.12899790 0.05276616 0.82479823 0.89068700
61.16054988 17.15049176 8.70004457 0.01602449 0.06537825 1.62891813 1.22999101
56.41168105 9.12086186 4.59631412 0.09111891 0.18654380 0.91029203 0.91029203
74.84943712 12.69519231 6.94309640 0.11353000 0.06422845 0.96595443 0.83522315
51.24507285 7.85504285 4.01507070 0.07833156 0.16716902 0.78112682 0.78112682
61.35148074 16.29319417 7.39226743 0.05542550 0.05486677 1.44376806 1.02933693
68.03573771 16.32899336 7.88848466 0.02121630 0.06944856 1.21247291 1.01376792
59.03890689 19.91275653 7.41848353 0.03999666 0.05411968 1.54761180 1.18207474
34.32926786 3.71067063 2.11204263 0.03646494 0.10373475 0.35823170 0.35823170
70.88415879 16.59684431 8.37486145 0.01365084 0.06672623 1.25300792 0.97583540
57.27229928 18.57812935 7.07607819 0.04505476 0.06714864 1.32182013 1.22922119
27.06600911 1.93117223 1.29492602 0.01848837 0.07649753 0.17665023 0.17665023
28.65660425 2.32086804 1.47386798 0.02242510 0.08246227 0.21641511 0.21641511
67.87541773 18.11780093 6.68380894 0.03926411 0.07044924 1.25367555 1.25720510
61.93602105 17.53989814 7.83395036 0.02754697 0.06651668 1.28042716 1.10934431
72.52448317 12.62856255 6.21678302 0.13293781 0.05551611 0.93018377 0.86971679
28.29243737 2.23164716 1.43289920 0.02152378 0.08109664 0.20731093 0.20731093
67.24326590 14.22844824 7.28310554 0.06278292 0.05779468 1.26922700 1.04240870
79.70219558 14.11636524 6.55658398 0.12912938 0.06511835 0.88919763 0.79945568
48.47069983 7.17532146 3.70295373 0.07146498 0.15676512 0.71176750 0.71176750
65.76745082 16.49464472 8.35094468 0.02150925 0.06187554 1.43897270 0.98916316
63.31900202 19.16656168 7.41194719 0.01099293 0.06648791 1.58067887 1.45434532
56.36771967 19.27947934 6.81777841 0.04913290 0.05416779 1.46441016 1.35251670
50.39387920 7.64650040 3.91931141 0.07622485 0.16397705 0.75984698 0.75984698
63.69294593 17.78372666 8.21830497 0.02100837 0.05854602 1.35081525 1.08396720
65.47090114 16.34187277 7.50944754 0.03121370 0.05512100 1.41964455 1.06098415
56.50128514 18.37584444 7.46765106 0.01460115 0.05840643 1.51477694 1.16161240
63.05643657 18.63798382 7.28514163 0.02522689 0.07351122 1.52077314 1.06065928
59.74900339 9.93850583 4.97176288 0.09937878 0.19905876 0.99372508 0.99372508
36.15607706 4.15823888 2.31755867 0.04098629 0.11058529 0.40390193 0.40390193
70.40171212 12.95752388 6.72062419 0.12507431 0.05225345 0.96685749 0.82804983
20.21414732 0.25246609 0.52409157 0.00153001 0.05080305 0.00535368 0.00535368
32.42256344 3.24352804 1.89753839 0.03174584 0.09658461 0.31056409 0.31056409
57.04408146 17.07197221 7.79122180 0.04695064 0.06722208 1.46106606 0.96810929
64.58844914 16.79196737 8.22471796 0.01365378 0.07151057 1.63904895 1.12786528
81.17505104 12.44176081 7.49186653 0.13859355 0.05164888 0.90820066 0.76534393
48.29533793 7.13235779 3.68322552 0.07103096 0.15610752 0.70738345 0.70738345
58.74242160 19.12937530 7.87634903 0.01950214 0.07394260 1.56808152 1.17971516
78.61448009 14.07111641 6.54429811 0.14672953 0.06058514 1.01061746 0.78443315
64.93051286 16.17895725 8.31485058 0.02448166 0.05424138 1.44054003 1.02433633
64.33875874 19.00683419 6.94585398 0.03297355 0.05051038 1.59420284 1.01604598
61.25328332 17.77538353 5.26107748 0.10094402 0.05309638 0.74570626 1.16755496
61.89230904 17.57711470 7.99876324 0.04321577 0.07762600 1.50397222 0.99299250
60.60873419 17.52675033 8.37667914 0.00647981 0.07276325 1.49574936 1.09206212
52.67379551 15.86815834 6.58735129 0.07169585 0.05040484 1.11133609 0.76451369
65.89323379 18.46431838 7.12756241 0.03753227 0.05602486 1.22786097 1.30220259
63.44805016 17.07815235 7.24208109 0.04052865 0.05604037 1.38591820 1.24062278
59.75402243 17.06797182 8.51753028 0.01843603 0.05508159 1.56638523 1.16960611
86.92974317 13.17879801 7.12831156 0.11722065 0.06483665 0.45268152 1.10152822
66.90566998 16.59815479 7.89300514 0.02104336 0.05236118 1.15666198 1.21626444
52.18982261 8.08650654 4.12135504 0.08066981 0.17071183 0.80474557 0.80474557
64.72285899 17.29986410 8.58290304 0.01740230 0.05588373 1.34732468 1.20216118
59.13185885 9.78730542 4.90233412 0.09785135 0.19674447 0.97829647 0.97829647
35.55284217 4.01044633 2.24969474 0.03949328 0.10832316 0.38882105 0.38882105
63.75365465 17.72988026 6.92369555 0.04026987 0.06215805 1.27624648 0.94149837
33.46975263 3.50008939 2.01534717 0.03433764 0.10051157 0.33674382 0.33674382
