49.54554558 7.43865867 3.82387388 0.07412523 0.16079580 0.73863864 0.73863864
52.73611713 17.04270376 6.40732476 0.04740851 0.05069053 1.39983305 1.07795219
57.78175098 17.30297926 8.03597545 0.00774699 0.05434003 1.34444310 1.37124154
67.99312839 12.07467522 6.18578372 0.11764277 0.05175743 0.57954719 1.08426492
59.62812870 17.69498275 6.73846016 0.01083156 0.06327864 1.39568181 1.39007909
24.29449737 1.25215185 0.98313095 0.01162888 0.06610437 0.10736243 0.10736243
60.55786757 14.50269634 6.45901644 0.04497486 0.07125807 1.13749830 1.03096270
78.12243179 10.95777580 7.65655067 0.10219636 0.06968049 0.37413621 1.14090004
61.64046692 16.60971994 7.88985856 0.03335806 0.05010912 1.43035442 1.01048913
64.86861953 12.81738343 6.10625163 0.12873147 0.05769859 1.02742326 1.35252104
53.00346124 17.53515279 6.26603775 0.03970685 0.06276078 1.44156689 1.25048230
66.20800307 16.63174451 4.68603540 0.11965622 0.05823389 0.68690380 0.87053126
62.66462663 14.74924426 5.82891816 0.04821273 0.06690322 1.09197753 0.77060499
61.02222115 18.17757249 7.50382629 0.00735218 0.06883896 1.61437413 1.23288579
57.85629602 16.25874509 6.95959412 0.02791352 0.05709643 1.31538421 0.85903041
67.97776826 16.54767109 7.01395793 0.05026598 0.06000582 1.30277189 1.02746680
32.44273741 3.24847067 1.89980796 0.03179578 0.09666027 0.31106844 0.31106844
62.20066400 18.41255038 7.94281350 0.01656022 0.06036346 1.58920201 1.20096413
71.41355147 16.46387022 7.31166941 0.01450431 0.07218848 1.39362733 1.00477806
63.20808698 19.35110858 6.88739633 0.01867897 0.05398162 1.48078211 1.39811974
41.48214402 5.46312529 2.91674120 0.05416831 0.13055804 0.53705360 0.53705360
61.95973595 18.16565956 6.75237611 0.02546642 0.06309859 1.46022586 1.11820116
68.19906767 13.22441514 6.43151495 0.12930626 0.05900635 0.98917909 1.09036375
65.98135793 16.25698370 6.53097645 0.03872111 0.06147268 0.99360490 0.97450094
59.98804601 17.17833809 7.32833636 0.00208877 0.06165775 1.49018471 1.36559437
79.40456769 9.81029939 7.02941028 0.13374632 0.05430305 0.82494249 1.05863926
53.60009169 14.94755210 7.06585871 0.05123050 0.05039931 1.18328327 0.95013292
60.01956971 18.83253501 7.59460581 0.00960041 0.06815829 1.51986238 1.24494943
47.87925907 7.03041847 3.63641665 0.07000117 0.15454722 0.69698148 0.69698148
61.57347159 14.28332181 5.96817330 0.04448908 0.06333065 1.07407794 1.03606110
48.31922078 7.13820909 3.68591234 0.07109007 0.15619708 0.70798052 0.70798052
58.92857643 9.73750123 4.87946485 0.09734823 0.19598216 0.97321441 0.97321441
73.22622233 12.20283934 6.82444991 0.11006224 0.06176685 0.87486404 0.97339686
60.49862543 16.33537791 7.22844443 0.01094315 0.05949818 1.70316709 1.31971370
77.69088534 10.97369116 6.10677765 0.13999195 0.05308259 0.89699440 0.86695532
64.05675784 16.45378312 7.76150791 0.03352335 0.06365575 1.34067966 0.94332053
76.78258602 11.18914267 6.95260530 0.11115530 0.05803990 0.45448047 0.89033052
56.08483929 13.94839464 6.11888403 0.05232609 0.05311452 1.14247328 1.00879578
57.12848298 14.92278386 6.83261526 0.05726252 0.05938567 1.24478313 0.95091550
35.22045032 3.92901033 2.21230066 0.03867061 0.10707669 0.38051126 0.38051126
69.32499026 16.31219131 7.07662789 0.01387768 0.05457335 1.40412044 1.21685098
59.41732457 17.85408076 7.51935523 0.00871067 0.07592855 1.52626581 1.20488338
52.15642760 8.07832476 4.11759811 0.08058716 0.17058660 0.80391069 0.80391069
59.37878795 17.60782992 6.61464302 0.01028800 0.05564516 1.53846141 1.19179400
59.60878528 9.90415239 4.95598834 0.09903174 0.19853294 0.99021963 0.99021963
64.38308385 16.71610674 7.62877387 0.00422477 0.06627869 1.45319799 1.07823105
66.21200390 16.18721285 7.68506884 0.01886166 0.06287728 1.52201057 1.10493738
61.04456472 17.60603532 6.92023600 0.00266152 0.05156076 1.51446560 1.38131788
62.39729066 17.18993945 7.82480485 0.01774781 0.06580310 1.38101647 1.04725600
63.65218919 18.17297136 7.20111356 0.00155731 0.05226986 1.44293529 1.11970013
57.98985210 17.39777485 7.56359445 0.00132742 0.07228412 1.38404255 1.28973298
55.71815307 16.83970551 7.74299370 0.00984362 0.06774613 1.62398796 1.32294591
62.21809641 16.48443160 7.18518489 0.02884187 0.06077170 1.38427907 0.93085140
72.17357379 11.07348022 6.94512612 0.11734480 0.05690498 0.47563969 0.91866776
62.27529442 16.38141238 6.84751813 0.02217368 0.05888706 1.48312244 1.04110895
76.87533621 11.12037344 7.41658091 0.11931542 0.05428748 0.36900415 0.91111051
59.71575863 16.28345750 8.35752336 0.00557264 0.07327565 1.53688178 0.99070400
22.59331538 0.83536227 0.79174798 0.00741846 0.05972493 0.06483288 0.06483288
36.41867443 4.22257524 2.34710087 0.04163622 0.11157003 0.41046686 0.41046686
24.31597785 1.25741457 0.98554751 0.01168205 0.06618492 0.10789945 0.10789945
67.48120006 15.34855771 5.81224891 0.04361258 0.05154761 1.30509499 1.03423756
71.22860443 12.44785630 6.61591874 0.12695942 0.05547141 0.84905456 0.93408394
56.72379754 9.19733040 4.63142722 0.09189140 0.18771424 0.91809494 0.91809494
61.54355097 16.53572237 6.01150312 0.03727170 0.05976122 1.12939857 0.86847507
73.34448874 11.62678993 6.76856700 0.10539141 0.06322889 0.34979748 1.10223905
55.34546489 8.85963890 4.47636480 0.08848003 0.18254549 0.88363662 0.88363662
68.54679625 15.31628401 6.36357025 0.04737041 0.05635283 1.25889048 1.00119317
58.87275907 9.72382597 4.87318540 0.09721008 0.19577285 0.97181898 0.97181898
56.68057635 16.83752221 6.49595907 0.03197998 0.05007968 1.16491742 0.88864390
45.96338816 6.56103010 3.42088117 0.06525939 0.14736271 0.64908470 0.64908470
69.02415225 16.19234678 7.01085965 0.04269450 0.05320615 1.35356850 1.05387923
24.49258888 1.30068427 1.00541625 0.01211916 0.06684721 0.11231472 0.11231472
69.40345764 16.30937443 4.94846796 0.12042192 0.06244419 0.72318057 0.97370916
46.60755179 6.71885019 3.49334958 0.06685369 0.14977832 0.66518879 0.66518879
64.18224327 16.58709050 6.46962328 0.02707169 0.05351155 1.35608508 1.26685590
74.39506301 10.85746733 7.27530055 0.11624375 0.06936210 0.58498110 1.00359338
59.66365529 16.06512163 7.42331553 0.01185233 0.05274398 1.42982311 1.15400707
57.54694501 18.12031826 6.92475331 0.00625954 0.06402775 1.70161237 1.32842999
63.99528448 17.04099019 6.95846942 0.03431256 0.05210699 1.28203271 0.92299337
69.01936174 13.33729614 7.37690056 0.15440801 0.05084735 0.96787884 0.97697588
64.16844885 17.75585502 7.70795120 0.01684323 0.07697081 1.39571082 1.12663289
64.16169815 17.11880061 6.78028876 0.03659293 0.05524931 1.18918388 1.22705116
63.12019649 18.35389586 6.99315795 0.02292358 0.06485449 1.14196949 1.29053169
77.62402688 13.92358264 6.48127842 0.13344523 0.05785523 0.82044666 0.95939427
58.90472714 9.73165815 4.87678180 0.09728920 0.19589273 0.97261818 0.97261818
68.24884691 15.60353193 5.68015164 0.04892822 0.05705707 1.24226490 1.04453245
44.52496772 6.20861709 3.25905887 0.06169930 0.14196863 0.61312419 0.61312419
58.99945903 15.29286052 5.81489332 0.04848412 0.05257467 1.22567894 0.94368726
66.22028402 17.37993993 5.24541560 0.11463530 0.06290945 0.72399600 0.80952079
68.12460871 15.83705349 5.12297500 0.11676196 0.05125571 0.78648813 0.77474660
73.47997787 9.96990677 7.03755137 0.13374359 0.05387936 0.64545866 0.97861387
65.08169225 17.01403727 7.96782219 0.03412706 0.06475077 1.26852655 1.08741087
65.37889379 16.26949184 6.71368540 0.03450773 0.06273429 1.37596818 1.09755291
65.54954237 17.64091571 7.37643346 0.01984498 0.05730076 1.42528592 1.35127958
51.04131915 7.80512319 3.99214840 0.07782726 0.16640495 0.77603298 0.77603298
54.98431397 17.20705717 6.65800088 0.03619485 0.05309181 1.43048929 1.23709057
63.50179993 15.46624496 6.17887434 0.03984267 0.07025273 1.26551346 1.10216128
59.39725670 15.75006592 5.99138276 0.04633898 0.05788158 1.16895159 0.94571699
44.06838668 6.09675474 3.20769350 0.06056926 0.14025645 0.60170967 0.60170967
66.35234513 17.05446513 7.28169742 0.03992114 0.05013579 1.02547967 1.29487043
55.32089419 15.17937351 7.00801086 0.06090089 0.06092801 1.33470595 0.90349154
61.26605507 18.42642056 6.85815429 0.01098396 0.05025199 1.50194012 1.28073065
54.91555278 17.43423508 7.50491967 0.01345863 0.06810603 1.61494360 1.31737403
50.22402055 7.60488503 3.90020231 0.07580445 0.16334008 0.75560051 0.75560051
67.57901965 16.99636768 5.15159507 0.10820992 0.05032173 0.85942515 1.00780724
60.80077931 17.34072910 8.24302420 0.00173828 0.05894732 1.59273420 1.29733248
63.51882439 17.00018594 7.80187433 0.02514521 0.06411089 1.31571298 1.00521240
64.55672448 16.35802289 6.99066281 0.05039132 0.06643563 1.30092112 0.95048392
63.10179178 17.53425400 7.59672936 0.00577798 0.06382051 1.54268570 1.34032167
71.48057366 17.68202374 7.71383766 0.00869312 0.05827686 1.42049761 0.95668051
53.11886071 8.31412087 4.22587183 0.08296918 0.17419573 0.82797152 0.82797152
56.76463659 9.20733596 4.63602162 0.09199248 0.18786739 0.91911591 0.91911591
50.23924138 7.60861414 3.90191465 0.07584212 0.16339716 0.75598103 0.75598103
59.01424800 16.65790658 8.46943597 0.01352975 0.05192221 1.56915898 0.99370008
80.07174226 11.66827514 7.18915948 0.10843279 0.05545995 0.35320626 1.15019790
62.67352573 16.95726359 8.24177676 0.02071616 0.05343260 1.40398968 1.07199812
47.25271843 6.87691602 3.56593082 0.06845048 0.15219769 0.68131796 0.68131796
69.47178722 16.88233908 4.86634021 0.11039532 0.05350947 0.79370189 0.81602875
60.56292999 17.45676162 8.68127957 0.01605852 0.06848460 1.67973521 1.13290354
58.26053058 15.86612899 8.18371311 0.01158422 0.05787083 1.31603642 1.23597556
61.25524679 17.38796916 7.08908813 0.02750528 0.05327184 1.11921709 1.19875881
76.30925561 10.72552365 6.61361427 0.12367777 0.07268367 0.57404352 1.03268966
65.03065173 16.53780970 7.28960932 0.04116995 0.05426056 1.32049372 0.95612430
78.98912244 10.99435645 6.11326980 0.13767197 0.05702125 0.89858625 1.04070827
68.00917210 16.30690426 6.85203685 0.01053896 0.05318025 1.39122830 1.16184010
63.67077103 15.99527407 7.21499442 0.03131227 0.05322273 1.33929439 1.20696565
60.18087273 16.47255941 7.24110331 0.00701863 0.07570443 1.70885452 1.28861150
60.03608206 17.16604954 8.01031577 0.01150671 0.07300339 1.51636698 1.31394761
