56.01902821 4.76641974 4.18334684 0.01604146 0.09762183 0.35714235 0.39608092
55.82413247 9.36748923 4.09471232 0.08540150 0.07311085 0.30746892 0.26680827
36.05389133 2.34117462 2.91665561 0.04917632 0.11618960 0.81183128 0.24754292
58.35281923 8.70058639 4.90216104 0.07642778 0.05065359 0.38943967 0.08033134
53.89857391 2.25848240 0.56767975 0.05430988 0.12222717 0.18420523 0.56662116
23.97008905 0.37410830 3.35605104 0.09762273 0.15120168 0.43743775 0.05040917
49.45383143 8.81482453 1.89080522 0.00166015 0.12821172 0.29260325 0.52687764
57.65578071 8.31231913 3.85642128 0.06004249 0.05842243 0.45008846 0.55534999
44.02530979 9.36111300 2.32874736 0.05878917 0.17406416 0.04464672 0.57560933
56.84930418 9.20656443 4.34149893 0.07897337 0.05165363 0.57251822 0.70680984
54.73217677 9.44631777 4.30314779 0.09253312 0.05598213 0.00379145 0.64199500
51.36003080 8.34093671 3.81257635 0.08494669 0.05445613 0.48869083 0.25919530
31.60041269 1.90580211 4.33538212 0.07153294 0.18830604 0.28928225 0.93512693
24.13143473 2.79762459 0.57326734 0.03446275 0.16575995 0.37319441 0.91518728
40.20316124 7.50332885 2.21374307 0.06392903 0.05655108 0.31989740 0.05717934
48.30966796 1.03432530 1.87279799 0.07821366 0.06366083 0.36916935 0.24871727
59.36163885 8.03915902 3.90189278 0.08088609 0.07397444 0.43972487 0.15132409
55.18486883 7.69594239 4.49367509 0.09550573 0.05813713 0.34260576 0.17441551
59.05999376 8.42438212 4.02866782 0.08387239 0.05929982 0.48101071 0.20211644
56.66930128 9.17036798 3.59659497 0.05014027 0.06923315 0.66172841 0.48310606
58.58509026 9.42789337 3.77606603 0.08324655 0.07088137 0.36217381 0.18924841
50.47893664 9.19164099 4.61746809 0.07996945 0.06384846 0.13149215 0.24249951
54.44752690 6.15525190 1.34352184 0.08485029 0.18014145 0.64091734 0.72524693
54.96075089 8.42269114 4.73945615 0.07403963 0.06402442 0.15429681 0.22097426
56.78765086 9.43782383 3.66819545 0.08033403 0.05118613 0.60339025 0.51311814
52.94990602 9.26364828 4.82782018 0.08531591 0.06536448 0.52153483 0.51953073
54.56710528 9.47907223 4.55316185 0.04757919 0.05841826 0.67458350 0.35964987
21.09363929 4.15482661 1.65642555 0.06332013 0.13052549 0.98759296 0.67586814
51.67985632 9.86607209 3.81196675 0.08155019 0.06210584 0.17044791 0.23341616
58.51107660 1.82767302 2.79972001 0.06439532 0.16797483 0.45368698 0.35778771
50.84147553 2.39029341 0.88360706 0.04768079 0.06194933 0.80113938 0.18122666
50.29156070 2.81403418 3.86581909 0.09501734 0.17865001 0.33270120 0.34585733
31.58634265 9.54549432 3.71459782 0.00254944 0.13467084 0.06183963 0.63979098
53.92316238 8.80565363 4.15325073 0.04877790 0.06372846 0.69447624 0.49395972
57.12074720 9.08545552 3.86679487 0.04313443 0.06732067 0.65511650 0.46902077
35.91498828 5.07151366 3.14321242 0.04925061 0.06029647 0.54308522 0.33046610
34.02410472 5.93665108 4.01212296 0.07292296 0.08831498 0.16777760 0.72721336
55.37250102 9.45404013 3.55416977 0.05864086 0.05624234 0.41897209 0.87725204
54.54829350 5.64346001 3.19683186 0.03275970 0.13181550 0.01790035 0.05108265
52.96078788 9.78650774 3.73751558 0.03984527 0.10762456 0.29128425 0.93032323
57.45538124 8.93488259 4.63580233 0.07394814 0.05516446 0.17950755 0.24564151
58.49435986 7.48323651 4.19463781 0.06718376 0.05577694 0.65403908 0.63584722
55.13040762 9.25201470 3.87160338 0.09196128 0.05268266 0.46476296 0.14449993
55.12763729 8.23732625 4.95119791 0.09168647 0.06216272 0.64387216 0.61517766
54.37209434 9.22053984 4.30814499 0.08587945 0.07371190 0.00400728 0.64031182
58.66832871 7.76140044 4.14840761 0.07998045 0.05087543 0.25576982 0.33603253
57.92326414 8.21167938 4.47055094 0.03217871 0.06854366 0.58749589 0.44072065
22.44778062 6.85178824 2.25244049 0.04622274 0.06421106 0.58391290 0.89037507
55.97013262 8.37760010 4.09010381 0.07244119 0.05527737 0.67012651 0.72729721
58.95674133 9.05957067 4.40884351 0.04556393 0.05968344 0.61401622 0.72604949
52.50075686 8.99499006 4.53121679 0.08836532 0.05951890 0.01263273 0.67529938
58.38085138 9.71182441 4.99237292 0.08280481 0.06918869 0.02753312 0.54139757
50.79071005 9.46143648 3.96804990 0.06446072 0.05491335 0.94716031 0.41779067
50.68003392 8.74215839 4.69215482 0.08886948 0.06990297 0.52050343 0.42442902
59.43954411 9.77068967 3.84375165 0.08286859 0.06313920 0.42567613 0.20355097
58.18495596 1.87376692 0.72938349 0.02082302 0.06132118 0.61512607 0.37116684
39.88004142 2.07161052 4.53037457 0.07294503 0.12166096 0.82360510 0.32305323
23.12458267 1.57525134 0.50835700 0.08495725 0.05552603 0.10862002 0.19753884
54.37134806 8.45032764 3.86741945 0.04423643 0.05610193 0.67906609 0.53999115
24.92593480 9.90053554 3.71985806 0.02931605 0.07034597 0.55112295 0.84602067
29.44765493 8.49340960 2.25423006 0.01418985 0.07684112 0.88383771 0.19656620
20.84236948 9.64994236 1.46745397 0.07590886 0.14106819 0.29228492 0.16256636
48.60885756 2.14398269 4.02939524 0.02031989 0.19796932 0.62653679 0.86369168
55.79356012 9.73514291 3.98614013 0.03842387 0.06342673 0.69285734 0.53940769
38.47485670 0.56924948 4.45101167 0.05948807 0.15355642 0.85484406 0.36637053
58.27466653 9.32720046 4.51673078 0.07303153 0.06158677 0.70354786 0.72249651
55.68656444 7.13620368 4.11034350 0.07493110 0.05667337 0.72756942 0.58220387
55.01538439 9.40324233 3.54473205 0.06166418 0.05803639 0.56987044 0.62054724
58.54495410 8.24188977 4.44765433 0.09052246 0.05921895 0.22513186 0.14590196
58.67114059 9.02783732 3.98047668 0.07112528 0.05952542 0.61430847 0.65589502
57.52577598 9.54315105 4.42208546 0.06472497 0.05296769 0.75375390 0.51540048
49.69193260 8.47044216 4.71433038 0.06725598 0.06302023 0.19226721 0.21394129
52.94532144 8.28864812 3.68626103 0.09867240 0.05258675 0.38962480 0.12683184
23.06239183 4.86650557 1.44234243 0.05219533 0.07962478 0.37614475 0.93521140
53.41515262 7.05678623 4.93301596 0.09794718 0.06360629 0.58161468 0.53432555
30.94614466 2.54679601 4.01463144 0.08024218 0.06755230 0.87758402 0.00360036
55.93757736 9.33520205 4.03367550 0.05258943 0.05086094 0.64274731 0.54221076
43.68568665 6.66784504 1.23977321 0.08965506 0.13300002 0.14805076 0.06266840
48.13566712 7.86482726 3.13331612 0.02958305 0.17398603 0.98776898 0.31696193
58.49156408 9.04249044 3.73306438 0.06256607 0.05727738 0.45182130 0.79767406
32.54243356 9.11193433 4.77532045 0.08782047 0.11945831 0.47936288 0.01097922
32.36999634 9.40986161 1.73690618 0.07790114 0.09152097 0.19803067 0.82798523
30.32277833 4.53210847 0.58354968 0.06437660 0.15348828 0.55529367 0.52435999
54.67759203 8.02939689 4.10588326 0.06018732 0.05377960 0.57508255 0.54744383
54.28091922 9.54914742 4.38326540 0.08055694 0.06835459 0.59693812 0.71505444
59.61270815 5.18699239 4.90955718 0.07194333 0.10133103 0.78979638 0.46121910
52.33912538 8.64017683 4.71318831 0.09078721 0.06331314 0.26361990 0.13604485
58.01146962 9.03376789 4.04336187 0.08825432 0.06086754 0.44501271 0.18954124
55.99675091 8.75463121 3.77917663 0.07852325 0.06057720 0.40808116 0.11121500
58.38224778 8.87351824 4.54659465 0.08674133 0.05138754 0.23977211 0.18361262
58.64296722 8.79219920 4.44315747 0.07584363 0.06175410 0.43699109 0.03859017
59.57078253 9.31266277 4.84821424 0.06520550 0.05515590 0.27155184 0.10584607
49.43084481 9.19457430 4.95165178 0.04101843 0.06275990 0.56046184 0.26593327
58.33318435 9.39729539 4.35612488 0.09112658 0.06305816 0.23589166 0.17609283
33.48589026 0.82544485 3.75161073 0.07386309 0.16603712 0.09266779 0.82844413
54.52514936 9.03352253 4.13547661 0.08088323 0.07859861 0.50238097 0.17743350
54.82224608 9.12508126 4.84765016 0.03012266 0.05304216 0.68457913 0.71124989
42.51390062 8.21092518 1.08361536 0.02442064 0.14700194 0.96325496 0.10402784
53.04150771 9.29915769 4.49998631 0.08076343 0.05919477 0.18104961 0.18017087
53.17982606 8.91632181 3.71169158 0.08704981 0.05449742 0.54648612 0.74978042
42.37622818 9.95321336 4.87963508 0.08620081 0.07646790 0.58399725 0.46812704
26.06548045 8.37318427 3.48099531 0.05983079 0.17809099 0.92399341 0.46563527
43.02601153 7.70823763 4.23619373 0.01419549 0.07551827 0.22764002 0.67603204
50.19434132 9.37594071 4.28305957 0.09073543 0.05310509 0.22811391 0.34674023
50.67453406 9.39059708 4.23142057 0.07209483 0.05664327 0.90506565 0.38258938
44.47142720 9.95884097 1.49237953 0.06009298 0.17244287 0.84915500 0.12840045
35.14127718 1.07103517 0.70852825 0.05358883 0.14120473 0.44744112 0.65364278
59.68448016 7.77957887 4.04851154 0.05432959 0.05354754 0.41423321 0.74954645
54.87902238 2.72254950 3.41389320 0.00963740 0.08749757 0.47823491 0.77035830
52.44330978 9.04284604 4.51453419 0.04896835 0.05698681 0.37256123 0.30400075
59.67070562 9.37673718 4.67486119 0.03668950 0.05670281 0.62767517 0.54508960
59.96231007 9.35355760 4.72716208 0.04454400 0.05825755 0.72435334 0.40407075
59.99812156 9.09348543 4.64978764 0.07982980 0.19331573 0.00191368 0.00393979
59.29644465 7.60344468 4.22457486 0.07944077 0.05540250 0.49205360 0.69857167
56.47287059 9.88762670 3.69299459 0.04668322 0.05370177 0.56594798 0.46353309
45.05849095 8.32921409 1.50146853 0.05171019 0.14810687 0.49226394 0.04738470
50.09241401 4.27944604 1.19788088 0.08920889 0.09734368 0.48685782 0.38987108
59.09070689 8.96941708 4.22002492 0.04344495 0.06287197 0.70619972 0.45942441
57.80337311 9.06495531 3.70114205 0.05648829 0.05696985 0.59310295 0.57498158
48.73912947 9.18856958 4.89453329 0.03916714 0.06259859 0.46364007 0.36530420
53.56098647 9.12053788 4.70913644 0.04488001 0.06688959 0.61030949 0.31928625
55.13798905 9.13849848 3.94560069 0.05823652 0.05907247 0.76490058 0.28676920
21.01020644 7.81517729 2.29208517 0.07232554 0.14329695 0.29670321 0.87844196
58.82391163 8.97447157 4.30650431 0.03325912 0.05806678 0.50422254 0.42995228
58.03330071 8.79465560 4.62702722 0.05594070 0.06963539 0.82014748 0.47270196
53.15026584 9.20618215 3.85352384 0.09005727 0.05052459 0.65560865 0.43775317
57.11247518 8.10707135 4.19497086 0.05812531 0.05250800 0.50303568 0.46155191
35.05672070 2.86848926 2.97440558 0.02212626 0.15956907 0.41203984 0.49737895
