95.14241291 16.23609263 18.43400022 0.18630950 0.05549144 1.62896984 0.13315385
25.65568709 1.58564334 1.13626480 0.01499783 0.07120883 0.14139218 0.14139218
34.83410786 3.83435643 2.16883713 0.03771442 0.10562790 0.37085270 0.37085270
54.65191194 8.68971843 4.39834009 0.08676348 0.17994467 0.86629780 0.86629780
39.89627768 5.07458803 2.73833124 0.05024329 0.12461104 0.49740694 0.49740694
82.62946650 23.44731902 16.81414135 0.20746779 0.05509765 0.43793793 0.30965054
42.13211432 5.62236801 2.98986286 0.05577698 0.13299543 0.55330286 0.55330286
94.21806717 24.75523926 18.17311867 0.27161514 0.05357411 0.80650715 0.55242262
93.15234231 24.27954176 16.72411132 0.26098121 0.05070928 0.87304793 0.40073843
102.27228830 16.68937207 18.37002587 0.21144522 0.06212534 1.61741900 0.18973337
58.79877234 31.89750318 14.87737585 0.17003927 0.05910161 1.80843409 0.99749850
77.99302899 22.56040403 17.17745249 0.19791299 0.05537235 0.43067445 0.29414085
53.34068467 8.36846775 4.25082703 0.08351819 0.17502757 0.83351712 0.83351712
45.29030095 6.39612373 3.34515886 0.06359349 0.14483863 0.63225752 0.63225752
82.84089350 24.79950989 17.28688668 0.20454060 0.06543360 0.71280483 0.47936252
88.47461090 23.92383216 16.68906153 0.25724086 0.05776590 0.81683541 0.43162191
94.22489221 24.27119498 16.95737001 0.28273610 0.06434681 0.78793352 0.46018975
96.11569873 23.91139679 18.75391337 0.26646684 0.05672771 0.68583279 0.47479774
58.14415671 31.47508526 15.13249663 0.16344838 0.06079210 1.82584608 1.04796594
97.37893040 24.23177612 17.20708898 0.27091528 0.06262255 0.85470605 0.48023436
91.08484304 23.98183761 16.75205454 0.27734082 0.06621769 0.78212163 0.54442040
101.16444078 18.33463103 18.13750245 0.20382730 0.06819415 1.61610952 0.04429453
20.81173942 0.39887616 0.59132068 0.00300906 0.05304402 0.02029349 0.02029349
21.04917319 0.45704743 0.61803198 0.00359670 0.05393440 0.02622933 0.02622933
87.93507779 23.12482896 17.04879870 0.29507440 0.05493493 0.66065148 0.47292543
113.70394170 15.17525073 17.69772006 0.23191171 0.06726599 2.09570131 0.02393664
57.97298563 9.50338148 4.77196088 0.09498314 0.19239870 0.94932464 0.94932464
73.85675068 23.60844889 16.96499123 0.20199691 0.05634643 0.82031745 0.37670898
84.10059222 22.82253151 16.87096890 0.30863981 0.05338366 0.64078825 0.34527409
103.30130627 16.68024096 17.80246342 0.20560688 0.06553242 1.61219053 0.20192928
57.19163965 9.31195171 4.68405946 0.09304931 0.18946865 0.92979099 0.92979099
35.44946737 3.98511951 2.23806508 0.03923743 0.10793550 0.38623668 0.38623668
86.52082870 23.10787076 16.96777007 0.30594441 0.05809825 0.58101181 0.42630446
89.52916478 24.73503834 17.28251341 0.26783280 0.05587658 0.64680723 0.43237273
52.16222982 8.07974631 4.11825086 0.08060152 0.17060836 0.80405575 0.80405575
75.13865782 23.66979867 16.58927750 0.20036401 0.06115242 0.77092481 0.34594252
38.26238175 4.67428353 2.55451795 0.04619939 0.11848393 0.45655954 0.45655954
57.10625223 9.29103180 4.67445338 0.09283797 0.18914845 0.92765631 0.92765631
102.66949703 21.89567175 17.99249866 0.26028686 0.05025461 0.70716643 0.60649878
95.66250389 25.36257047 17.86705617 0.26256463 0.05349204 0.72696223 0.54427569
94.25846812 15.96521679 18.24492375 0.17565577 0.06117525 1.52464276 0.18787043
56.09202685 9.04254658 4.56035302 0.09032777 0.18534510 0.90230067 0.90230067
48.85572133 7.26965173 3.74626865 0.07241791 0.15820896 0.72139303 0.72139303
96.53562648 24.44257174 18.00132258 0.27757423 0.06179320 0.88577203 0.58279206
93.17767825 24.96374211 16.32053871 0.27906156 0.05831419 0.79886920 0.43169003
35.61607515 4.02593841 2.25680845 0.03964979 0.10856028 0.39040188 0.39040188
93.01547118 24.72111800 17.47723943 0.25870072 0.05986751 0.62629159 0.56743634
87.54427019 23.84541325 17.06632062 0.19865894 0.05661505 0.46199052 0.47260694
90.11879253 22.00539451 17.10065965 0.23911097 0.07279198 0.72716831 0.47074159
30.91346256 2.87379833 1.72776454 0.02801082 0.09092548 0.27283656 0.27283656
50.79352665 7.74441403 3.96427175 0.07721398 0.16547572 0.76983817 0.76983817
55.39952640 8.87288397 4.48244672 0.08861383 0.18274822 0.88498816 0.88498816
111.92051708 17.21115524 17.65147564 0.22272684 0.05773811 1.95553819 0.38962377
92.22499614 22.66451795 17.37722784 0.31263854 0.05353987 0.56408362 0.46325943
97.03484772 24.67359757 17.06953855 0.27498636 0.06417651 0.88165255 0.46527380
88.30375685 23.86778876 17.01050601 0.31174615 0.05114840 0.53261244 0.52753800
90.95277345 22.77308809 17.43584335 0.30265570 0.05459804 0.61523733 0.38811042
80.38797053 25.02478510 16.87794522 0.20314105 0.05238185 0.79077453 0.47062962
93.39584932 15.74997945 17.85895099 0.17895461 0.05930091 1.55690380 0.10919431
73.37684164 32.45803550 13.41459532 0.15309055 0.06085737 1.75713123 1.06866646
61.70403762 32.54246296 13.87344483 0.15356994 0.06813230 1.86659569 1.18335399
25.82448366 1.62699850 1.15525441 0.01541560 0.07184181 0.14561209 0.14561209
59.34966797 31.87989279 15.02546547 0.16384531 0.05200466 1.79154410 1.12902698
47.45154569 6.92562869 3.58829889 0.06894258 0.15294330 0.68628864 0.68628864
101.12548933 22.30015403 18.41418944 0.25390869 0.05315552 0.91053727 0.39251758
95.31945696 21.76958901 18.17697426 0.26430919 0.06233614 0.77079198 0.64066980
57.24277935 9.32448094 4.68981268 0.09317588 0.18966042 0.93106948 0.93106948
36.52017568 4.24744304 2.35851976 0.04188743 0.11195066 0.41300439 0.41300439
32.75716881 3.32550636 1.93518149 0.03257399 0.09783938 0.31892922 0.31892922
76.83641397 24.43460822 17.01598600 0.21246736 0.05490455 0.49912431 0.58393385
62.42485164 32.69931701 13.59344040 0.15470492 0.06175880 1.67494554 1.17609156
87.33007434 22.76226095 17.07051501 0.30757142 0.05645924 0.56770579 0.36363117
91.92220664 22.37939126 17.18237587 0.25458753 0.06087961 0.72313493 0.45169865
58.79629281 30.59562934 14.90582687 0.16277681 0.05166040 1.62757777 1.08782557
36.38943821 4.21541236 2.34381180 0.04156386 0.11146039 0.40973596 0.40973596
77.99613700 23.25563338 16.68616982 0.18718979 0.05988447 0.45571991 0.38285041
87.69563235 23.41590715 17.23122938 0.30695169 0.06419413 0.68205870 0.33672510
97.62686950 17.78322163 17.95026830 0.19389119 0.05516385 1.56667187 0.12545154
82.56429854 27.69920128 13.62185099 0.26123921 0.05504259 1.38718908 0.47153702
45.37401896 6.41663465 3.35457713 0.06380070 0.14515257 0.63435047 0.63435047
86.62869185 24.32152619 16.52320057 0.20429712 0.06150863 0.80211829 0.47608593
87.16879278 23.72210265 16.58241793 0.21559329 0.05206964 0.57408146 0.25918263
70.65895356 26.46888178 13.68925742 0.25367508 0.05640982 1.48755336 0.24490238
38.03333586 4.61816728 2.52875028 0.04563251 0.11762501 0.45083340 0.45083340
55.34162092 33.68571186 14.20325967 0.15101343 0.05849207 1.88868601 1.19998803
86.86232146 23.67240219 17.36905546 0.25991727 0.05568766 0.86429478 0.51907627
58.82328374 31.12236031 14.54750784 0.17336318 0.06277556 1.65714604 1.08991187
89.40317652 24.27249732 17.20333665 0.26796410 0.05497372 0.71198486 0.62234480
47.20805233 6.86597282 3.56090589 0.06833993 0.15203020 0.68020131 0.68020131
60.04767141 32.61008549 14.11645081 0.15480831 0.05958122 1.92497672 1.12364778
43.19939199 5.88385104 3.10993160 0.05841850 0.13699772 0.57998480 0.57998480
111.63139420 16.03346682 17.95422112 0.23365864 0.07161207 2.06043668 0.02581573
113.70322608 15.85404521 17.60459966 0.22525474 0.05916047 1.89151058 0.04087859
80.52914000 26.88188681 13.79211364 0.26275439 0.05086543 1.48663800 0.48203758
102.13234462 21.89501981 18.14108908 0.26202510 0.05952808 0.76202111 0.62301759
28.24203542 2.21929868 1.42722899 0.02139904 0.08090763 0.20605089 0.20605089
29.82701199 2.60761794 1.60553885 0.02532185 0.08685129 0.24567530 0.24567530
116.30157913 14.75271901 17.34564627 0.23527417 0.05743205 2.03156159 0.06218187
87.46442639 24.05794761 17.49242437 0.20502231 0.06235806 0.73653123 0.36122901
83.80893933 24.99443482 17.12626540 0.21265741 0.05971347 0.63771960 0.42186577
97.35536774 23.42419839 18.27070711 0.27194341 0.07379156 0.73932747 0.41657630
88.36563526 24.73454339 16.75997840 0.21259732 0.05847440 0.55617702 0.41839691
80.49178092 26.49307394 13.49249891 0.25845896 0.06784886 1.48046531 0.43720000
33.63728556 3.54113496 2.03419463 0.03475228 0.10113982 0.34093214 0.34093214
97.44659516 24.48201892 17.12521114 0.26965462 0.05994846 0.80812837 0.54708978
76.56270778 25.50816450 16.97477611 0.20332517 0.06540469 0.54703063 0.62757697
97.97901302 15.88726394 17.14269619 0.20926154 0.07282469 1.42235027 0.13333580
63.77418794 33.13635018 13.40930956 0.14624840 0.05276964 1.56360517 1.09129887
67.19836867 32.23959680 13.65016424 0.14151024 0.06052907 1.60672702 1.15226572
58.65787842 31.69497115 14.03111794 0.16775518 0.06856193 1.45459415 1.17827389
83.21429156 26.74952119 13.60333642 0.24882873 0.05117529 1.42902157 0.47205830
26.70491559 1.84270432 1.25430300 0.01759467 0.07514343 0.16762289 0.16762289
88.89515561 23.53162556 17.43871099 0.26567082 0.05239598 0.84640184 0.52906925
101.21027833 24.00366079 18.31107055 0.26605906 0.05036539 0.75727493 0.46751880
81.32237088 24.00897325 16.49866275 0.20285879 0.06118775 0.74455063 0.32551097
89.09153260 24.24367600 16.35193350 0.25708531 0.05138453 0.76264116 0.50353308
44.65365563 6.24014563 3.27353626 0.06201780 0.14245121 0.61634139 0.61634139
94.24814147 23.97280719 18.01781380 0.25179574 0.07152873 0.72253122 0.49418039
71.76094762 33.09603687 12.98819690 0.15037310 0.06091520 1.69996490 1.21072253
70.78932134 32.96737785 13.54178308 0.15175375 0.06002486 1.70358311 1.07324984
71.01418523 33.65447329 13.73728183 0.14792178 0.05512482 1.71248058 1.21284959
22.17451741 0.73275676 0.74463321 0.00638193 0.05815444 0.05436294 0.05436294
113.22621063 17.20015593 18.21529295 0.18889309 0.07117742 1.63779910 0.18231106
100.79255675 21.23384010 18.06753708 0.25700052 0.06803369 0.73039483 0.58341254
58.27557888 9.57751683 4.80600262 0.09573206 0.19353342 0.95688947 0.95688947
95.97143832 15.37621315 18.39561351 0.18316707 0.06015031 1.58331986 0.14346220
84.28701270 25.47933344 16.89137533 0.21949930 0.05836862 0.76557061 0.33870240
72.83740098 31.71487534 13.86825723 0.13536472 0.06343589 1.74352407 0.99912042
