1 	16 	11 	5 	9 	6 	0 	100 	81 	62 	1013 	999 	989 	16 	14 	4 	34 	8 	53 	3.81 	Lluvia
2 	11 	1 	-9 	3 	-11 	-17 	67 	56 	45 	1019 	1001 	990 	16 	9 	1 	32 	16 	53 	T 	Lluvia , Nieve
3 	-6 	-10 	-14 	-14 	-17 	-22 	76 	59 	41 	1030 	1023 	1017 	16 	10 	2 	34 	14 	47 	T 	Nieve
4 	-14 	-16 	-17 	-19 	-22 	-26 	68 	59 	49 	1037 	1031 	1027 	16 	9 	0 	37 	15 	55 	T 	Nieve
5 	-7 	-12 	-18 	-18 	-22 	-23 	87 	61 	34 	1041 	1038 	1036 	16 	16 	16 	27 	12 	40 	0.00
6 	4 	-7 	-18 	-3 	-16 	-22 	85 	52 	19 	1036 	1032 	1029 	16 	16 	10 	13 	2 	18 	0.25 	Lluvia
7 	3 	2 	-1 	3 	-2 	-7 	100 	78 	56 	1028 	1021 	1013 	16 	15 	10 	19 	9 	- 	1.78 	Lluvia
8 	10 	5 	-1 	4 	1 	-5 	100 	67 	33 	1013 	1009 	1006 	16 	12 	2 	35 	9 	61 	6.10 	Lluvia
9 	5 	1 	-4 	-4 	-8 	-13 	85 	62 	39 	1017 	1010 	1006 	16 	8 	0 	35 	14 	55 	0.76 	Niebla , Nieve
10 	-3 	-8 	-14 	-8 	-13 	-22 	74 	62 	50 	1016 	1011 	1007 	16 	9 	1 	32 	10 	45 	T 	Nieve
11 	-14 	-18 	-22 	-21 	-24 	-32 	69 	55 	40 	1024 	1019 	1016 	16 	7 	1 	35 	18 	53 	T 	Nieve
12 	-11 	-14 	-18 	-19 	-23 	-26 	63 	53 	42 	1030 	1025 	1023 	16 	16 	13 	29 	13 	47 	0.00
13 	-7 	-12 	-16 	-15 	-19 	-23 	64 	50 	39 	1034 	1031 	1029 	16 	16 	14 	19 	8 	- 	0.25 	Nieve
14 	-7 	-8 	-9 	-8 	-12 	-16 	92 	76 	59 	1029 	1010 	992 	16 	4 	0 	45 	17 	56 	T 	Niebla , Nieve
15 	-5 	-7 	-10 	-10 	-12 	-13 	88 	75 	62 	1003 	994 	990 	16 	4 	1 	26 	9 	47 	T 	Nieve
16 	-6 	-9 	-12 	-11 	-13 	-16 	80 	68 	56 	1016 	1008 	1001 	16 	5 	1 	32 	11 	52 	T 	Nieve
17 	-1 	-9 	-18 	-13 	-16 	-18 	87 	59 	31 	1026 	1022 	1016 	16 	16 	11 	26 	6 	32 	0.00
18 	3 	-10 	-24 	-11 	-17 	-26 	87 	56 	25 	1028 	1027 	1024 	16 	16 	14 	19 	3 	24 	0.00 	Nieve
19 	6 	-6 	-18 	-9 	-12 	-18 	92 	60 	27 	1029 	1026 	1023 	16 	16 	14 	23 	4 	29 	T
20 	7 	-4 	-16 	-4 	-11 	-16 	96 	62 	27 	1024 	1020 	1015 	16 	15 	4 	24 	5 	31 	0.00
21 	2 	0 	-3 	0 	-2 	-6 	100 	81 	61 	1015 	1010 	1008 	16 	9 	0 	14 	4 	18 	1.02 	Niebla , Lluvia , Nieve
22 	-1 	-9 	-17 	-1 	-12 	-22 	100 	71 	42 	1030 	1015 	1006 	16 	5 	1 	42 	16 	58 	T 	Niebla , Nieve
23 	-2 	-12 	-22 	-14 	-19 	-23 	87 	58 	29 	1034 	1033 	1031 	16 	16 	11 	29 	9 	45 	0.00
24 	-2 	-6 	-9 	-3 	-5 	-14 	100 	73 	46 	1032 	1021 	1016 	16 	4 	0 	16 	4 	19 	T 	Niebla , Nieve
25 	2 	-4 	-12 	-2 	-3 	-11 	100 	81 	61 	1034 	1025 	1018 	16 	13 	5 	21 	8 	27 	T 	Nieve
26 	5 	-7 	-19 	-3 	-11 	-21 	92 	61 	29 	1035 	1032 	1026 	16 	16 	13 	19 	6 	26 	2.29 	Lluvia
27 	3 	2 	0 	1 	-1 	-3 	100 	88 	75 	1025 	1018 	1014 	16 	11 	2 	19 	8 	27 	7.37 	Lluvia
28 	11 	6 	0 	0 	-1 	-2 	96 	72 	48 	1018 	1014 	1012 	16 	8 	1 	16 	4 	23 	1.02 	Niebla , Lluvia
29 	2 	1 	-1 	0 	-2 	-6 	100 	78 	56 	1025 	1021 	1017 	16 	14 	8 	32 	11 	43 	T 	Nieve
30 	6 	2 	-3 	-6 	-8 	-9 	75 	56 	37 	1027 	1024 	1022 	16 	16 	16 	23 	9 	31 	0.00
31 	2 	0 	-2 	0 	-2 	-7 	100 	76 	52 	1023 	1018 	1014 	16 	6 	1 	19 	4 	26 	0.76 	Niebla , Nieve
1 	2 	0 	-2 	2 	-1 	-2 	100 	95 	89 	1018 	1015 	1013 	16 	6 	1 	16 	5 	21 	14.48 	Lluvia , Nieve
2 	8 	2 	-4 	0 	-2 	-5 	100 	69 	38 	1019 	1018 	1016 	16 	15 	8 	23 	6 	34 	T
3 	11 	2 	-7 	-3 	-6 	-9 	100 	63 	26 	1021 	1019 	1014 	16 	16 	14 	21 	3 	26 	0.00
4 	6 	3 	0 	0 	-1 	-3 	96 	86 	75 	1013 	1008 	1005 	16 	14 	6 	34 	13 	53 	11.68 	Lluvia
5 	6 	3 	1 	0 	0 	0 	96 	82 	67 	1018 	1013 	1007 	16 	14 	3 	13 	4 	19 	0.25 	Lluvia
6 	4 	3 	1 	0 	0 	-1 	96 	83 	70 	1017 	1005 	989 	16 	10 	3 	23 	8 	32 	17.53 	Lluvia
7 	6 	3 	0 	0 	-1 	-4 	92 	76 	59 	997 	990 	987 	16 	14 	6 	21 	9 	27 	2.29 	Lluvia , Nieve
8 	2 	-1 	-4 	-1 	-3 	-4 	100 	85 	69 	1014 	1004 	997 	16 	10 	3 	19 	10 	39 	0.76 	Nieve
9 	16 	4 	-7 	0 	-4 	-7 	100 	62 	24 	1020 	1016 	1014 	16 	12 	1 	21 	3 	29 	0.00
10 	26 	12 	-2 	4 	1 	-2 	100 	59 	18 	1019 	1016 	1013 	16 	16 	16 	32 	9 	48 	0.00
11 	26 	14 	3 	11 	7 	2 	100 	66 	32 	1021 	1019 	1016 	16 	12 	0 	32 	7 	35 	1.27 	Niebla , Lluvia
12 	13 	9 	6 	9 	6 	-1 	100 	78 	56 	1024 	1020 	1019 	16 	9 	0 	24 	6 	40 	T 	Niebla , Lluvia
13 	12 	4 	-3 	1 	-1 	-4 	92 	65 	38 	1029 	1027 	1024 	16 	16 	14 	34 	10 	43 	0.51 	Lluvia
14 	13 	4 	-6 	-2 	-7 	-15 	100 	56 	12 	1032 	1030 	1028 	16 	16 	16 	24 	5 	35 	0.00
15 	21 	8 	-6 	9 	1 	-6 	96 	58 	20 	1030 	1021 	1012 	16 	15 	8 	27 	9 	40 	7.37 	Lluvia
16 	26 	18 	11 	14 	11 	7 	93 	63 	33 	1011 	1007 	1001 	16 	15 	5 	26 	11 	42 	4.32 	Lluvia
17 	13 	8 	3 	10 	3 	-3 	89 	72 	55 	1024 	1014 	1007 	16 	16 	11 	32 	12 	45 	T
18 	11 	5 	-1 	-2 	-4 	-7 	85 	57 	28 	1032 	1030 	1025 	16 	16 	16 	27 	10 	48 	0.00
19 	11 	7 	3 	6 	1 	-3 	92 	69 	46 	1033 	1025 	1019 	16 	14 	4 	42 	17 	58 	10.41 	Lluvia
20 	9 	7 	4 	6 	4 	3 	100 	86 	71 	1023 	1021 	1019 	16 	13 	4 	23 	8 	27 	0.51 	Lluvia
21 	7 	6 	4 	5 	4 	3 	100 	88 	76 	1020 	1016 	1013 	16 	13 	3 	37 	12 	53 	12.70 	Lluvia
22 	7 	5 	3 	6 	4 	2 	100 	90 	79 	1017 	1015 	1013 	16 	14 	3 	19 	5 	24 	3.81 	Lluvia
23 	18 	8 	-1 	3 	1 	-3 	100 	63 	25 	1020 	1018 	1015 	16 	13 	0 	21 	5 	26 	0.00 	Niebla , Lluvia
24 	14 	7 	0 	2 	1 	-1 	92 	66 	40 	1025 	1023 	1019 	16 	16 	16 	23 	9 	27 	0.00
25 	14 	6 	-2 	7 	3 	-3 	100 	72 	43 	1026 	1024 	1020 	16 	16 	13 	29 	7 	42 	2.29 	Lluvia
26 	17 	13 	8 	12 	9 	7 	96 	84 	72 	1019 	1014 	1010 	16 	15 	4 	21 	6 	24 	4.32 	Lluvia
27 	21 	17 	12 	13 	12 	11 	100 	79 	57 	1012 	1011 	1010 	16 	16 	16 	32 	13 	42 	0.00
28 	25 	18 	10 	14 	9 	-1 	93 	57 	21 	1015 	1012 	1010 	16 	16 	16 	24 	8 	34 	T
29 	22 	12 	3 	8 	4 	-4 	80 	58 	36 	1023 	1015 	1011 	16 	16 	16 	42 	12 	52 	T
30 	7 	2 	-2 	2 	-2 	-5 	85 	68 	51 	1029 	1026 	1020 	16 	16 	16 	21 	5 	23 	0.51 	Lluvia
1 	14 	10 	6 	9 	7 	2 	93 	82 	70 	1018 	1012 	1005 	16 	12 	3 	29 	11 	39 	26.16 	Lluvia
2 	13 	10 	7 	11 	9 	4 	100 	92 	83 	1004 	1001 	999 	16 	14 	3 	19 	6 	27 	6.60 	Lluvia
3 	9 	4 	-2 	5 	3 	-1 	100 	77 	53 	1022 	1010 	1003 	16 	15 	6 	26 	9 	37 	4.32 	Lluvia
4 	17 	7 	-3 	6 	-2 	-6 	100 	60 	20 	1026 	1023 	1020 	16 	16 	16 	26 	4 	34 	T 	Lluvia
5 	11 	8 	6 	7 	4 	-2 	97 	80 	43 	1020 	1012 	1005 	16 	14 	6 	26 	8 	37 	10.41 	Lluvia
6 	18 	13 	7 	14 	9 	6 	100 	82 	63 	1005 	999 	994 	16 	12 	2 	52 	14 	68 	5.84 	Lluvia
7 	14 	9 	3 	9 	5 	1 	89 	72 	55 	1006 	1001 	995 	16 	16 	10 	35 	17 	50 	2.03 	Lluvia
8 	6 	3 	0 	1 	-1 	-4 	96 	73 	49 	1014 	1010 	1006 	16 	16 	16 	26 	9 	34 	T 	Lluvia
9 	8 	4 	-1 	1 	-1 	-2 	100 	75 	49 	1018 	1015 	1013 	16 	16 	11 	11 	2 	16 	T
10 	10 	6 	1 	2 	1 	-1 	96 	73 	50 	1020 	1019 	1017 	16 	16 	16 	26 	8 	35 	0.00
11 	16 	9 	2 	6 	3 	1 	92 	72 	51 	1020 	1018 	1016 	16 	16 	16 	27 	8 	37 	0.00
12 	19 	10 	0 	7 	3 	-1 	100 	67 	34 	1020 	1018 	1015 	16 	11 	1 	13 	2 	16 	0.00 	Niebla
13 	16 	9 	3 	7 	5 	2 	100 	71 	42 	1016 	1014 	1012 	16 	16 	13 	26 	9 	35 	T 	Lluvia
14 	11 	8 	6 	7 	6 	4 	100 	87 	74 	1012 	1006 	1002 	16 	14 	8 	19 	6 	29 	10.67 	Lluvia
15 	16 	11 	6 	8 	6 	5 	97 	78 	48 	1011 	1004 	1001 	16 	15 	8 	26 	13 	40 	6.60 	Lluvia
16 	21 	13 	6 	8 	6 	4 	96 	66 	35 	1015 	1014 	1010 	16 	16 	16 	34 	9 	43 	0.00
17 	30 	19 	7 	12 	10 	7 	93 	61 	29 	1014 	1011 	1008 	16 	16 	16 	26 	8 	47 	0.00
18 	31 	23 	14 	20 	15 	11 	93 	62 	31 	1010 	1007 	1005 	16 	15 	3 	34 	9 	52 	4.06 	Lluvia , Tormenta
19 	22 	13 	4 	16 	9 	3 	100 	78 	55 	1023 	1014 	1006 	16 	15 	6 	27 	9 	42 	0.76 	Lluvia
20 	17 	8 	0 	3 	0 	-3 	100 	64 	27 	1030 	1027 	1024 	16 	12 	3 	21 	6 	31 	0.00
21 	20 	9 	-2 	8 	2 	-2 	100 	61 	22 	1031 	1027 	1022 	16 	16 	16 	14 	2 	21 	0.76 	Lluvia
22 	12 	11 	9 	9 	8 	7 	100 	89 	77 	1022 	1017 	1014 	16 	14 	3 	26 	8 	40 	10.92 	Lluvia
23 	22 	14 	6 	11 	8 	5 	100 	70 	40 	1015 	1013 	1010 	16 	13 	1 	19 	3 	29 	0.00
24 	21 	14 	7 	14 	9 	7 	100 	74 	47 	1011 	1009 	1008 	16 	10 	0 	14 	2 	19 	0.00 	Niebla
25 	17 	13 	8 	11 	9 	7 	100 	78 	56 	1012 	1010 	1005 	16 	11 	1 	24 	4 	37 	4.06 	Lluvia
26 	14 	12 	9 	11 	9 	8 	100 	93 	86 	1010 	1004 	1001 	16 	13 	4 	24 	6 	31 	8.64 	Lluvia
27 	21 	14 	7 	9 	8 	6 	100 	71 	42 	1014 	1012 	1010 	16 	13 	1 	14 	2 	18 	0.00
28 	24 	15 	6 	11 	8 	6 	100 	67 	33 	1015 	1013 	1012 	16 	9 	0 	24 	5 	37 	0.00 	Niebla
29 	16 	13 	9 	12 	9 	7 	93 	80 	67 	1019 	1015 	1013 	16 	15 	10 	27 	11 	37 	7.11 	Lluvia
30 	15 	12 	9 	12 	10 	8 	100 	90 	80 	1021 	1019 	1017 	16 	14 	4 	29 	9 	42 	13.46 	Lluvia
31 	22 	16 	9 	13 	11 	8 	100 	74 	47 	1017 	1015 	1012 	16 	12 	1 	32 	10 	58 	4.57 	Niebla , Lluvia , Tormenta
1 	20 	14 	8 	11 	7 	2 	100 	67 	34 	1013 	1011 	1010 	16 	14 	2 	24 	7 	39 	T
2 	14 	11 	7 	7 	5 	4 	89 	74 	59 	1014 	1013 	1012 	16 	16 	10 	27 	7 	40 	2.29 	Lluvia
3 	13 	9 	6 	9 	8 	6 	100 	89 	77 	1016 	1014 	1012 	16 	14 	3 	21 	5 	32 	1.02 	Lluvia
4 	21 	13 	5 	11 	8 	5 	100 	74 	48 	1016 	1014 	1011 	16 	8 	0 	24 	4 	29 	T 	Niebla , Lluvia
5 	14 	12 	10 	11 	10 	9 	96 	84 	72 	1013 	1011 	1010 	16 	16 	11 	29 	6 	47 	2.29 	Lluvia
6 	11 	9 	7 	10 	8 	7 	100 	92 	83 	1016 	1014 	1012 	16 	14 	8 	16 	6 	24 	23.37 	Lluvia
7 	24 	14 	3 	12 	7 	3 	100 	68 	35 	1018 	1016 	1015 	16 	12 	0 	23 	6 	29 	0.00 	Niebla
8 	27 	16 	5 	15 	9 	5 	100 	64 	28 	1018 	1015 	1010 	16 	13 	0 	16 	2 	19 	0.00 	Niebla
9 	23 	17 	10 	13 	11 	9 	100 	72 	44 	1010 	1006 	1003 	16 	16 	16 	21 	6 	37 	0.51 	Lluvia
10 	26 	16 	6 	16 	11 	6 	93 	68 	42 	1014 	1013 	1010 	16 	16 	16 	23 	5 	29 	0.00
11 	31 	22 	12 	16 	14 	12 	100 	67 	34 	1013 	1012 	1010 	16 	16 	16 	32 	10 	42 	0.00
12 	32 	24 	17 	18 	16 	14 	87 	64 	40 	1015 	1013 	1011 	16 	16 	16 	24 	8 	39 	T
13 	27 	18 	9 	18 	14 	9 	96 	74 	52 	1015 	1012 	1011 	16 	16 	16 	26 	10 	34 	T
14 	19 	12 	5 	8 	5 	2 	100 	66 	32 	1021 	1019 	1016 	16 	14 	1 	23 	8 	32 	0.00 	Niebla
15 	26 	14 	2 	12 	6 	2 	100 	65 	29 	1021 	1018 	1014 	16 	13 	1 	27 	3 	40 	0.00
16 	19 	16 	12 	14 	12 	10 	93 	76 	58 	1016 	1015 	1014 	16 	14 	3 	27 	12 	42 	17.02 	Lluvia
17 	28 	21 	14 	18 	15 	13 	93 	71 	49 	1015 	1013 	1010 	16 	16 	16 	19 	7 	24 	0.00
18 	29 	23 	17 	21 	19 	17 	100 	78 	55 	1011 	1008 	1005 	16 	15 	3 	29 	12 	45 	1.02 	Lluvia
19 	26 	21 	16 	21 	19 	16 	100 	87 	74 	1009 	1008 	1006 	16 	11 	1 	24 	6 	31 	2.79 	Lluvia
20 	22 	18 	13 	17 	14 	13 	100 	81 	61 	1012 	1009 	1007 	16 	8 	0 	24 	7 	35 	19.56 	Niebla , Lluvia
21 	22 	17 	11 	13 	11 	9 	100 	74 	47 	1014 	1011 	1010 	16 	15 	5 	24 	10 	39 	1.27 	Lluvia
22 	24 	17 	9 	14 	11 	8 	100 	69 	38 	1015 	1014 	1012 	16 	11 	0 	23 	4 	29 	0.00 	Niebla
23 	27 	21 	14 	22 	18 	13 	100 	84 	67 	1010 	1005 	1000 	16 	10 	2 	23 	5 	31 	28.96 	Lluvia
24 	26 	20 	14 	19 	16 	8 	100 	71 	41 	1011 	1002 	998 	16 	11 	1 	21 	8 	31 	23.37 	Lluvia
25 	23 	17 	10 	13 	11 	9 	100 	72 	44 	1014 	1013 	1011 	16 	16 	16 	34 	5 	45 	0.25 	Tormenta
26 	21 	16 	10 	11 	9 	6 	100 	72 	44 	1015 	1014 	1013 	16 	16 	16 	19 	5 	27 	0.00
27 	21 	14 	8 	12 	10 	7 	100 	71 	42 	1016 	1014 	1012 	16 	14 	1 	23 	6 	29 	11.43 	Lluvia , Tormenta
28 	21 	16 	10 	13 	11 	8 	100 	74 	48 	1018 	1016 	1014 	16 	14 	2 	24 	6 	32 	3.05 	Lluvia
29 	19 	15 	10 	15 	12 	10 	100 	84 	68 	1020 	1017 	1014 	16 	6 	0 	21 	3 	27 	44.70 	Niebla , Lluvia
30 	25 	20 	14 	21 	17 	14 	100 	85 	69 	1014 	1013 	1012 	16 	14 	6 	23 	5 	31 	3.05 	Lluvia , Tormenta
1 	21 	19 	17 	21 	18 	17 	100 	92 	84 	1014 	1012 	1009 	16 	8 	0 	13 	4 	14 	11.68 	Niebla , Lluvia
2 	26 	21 	15 	18 	15 	12 	100 	73 	46 	1013 	1012 	1010 	16 	11 	1 	21 	6 	29 	0.00
3 	24 	18 	12 	14 	12 	9 	93 	70 	46 	1017 	1014 	1012 	16 	16 	16 	23 	8 	32 	0.51 	Lluvia
4 	24 	17 	9 	13 	11 	8 	100 	69 	38 	1023 	1020 	1017 	16 	16 	13 	32 	6 	43 	0.00
5 	27 	17 	7 	14 	9 	7 	93 	62 	30 	1025 	1023 	1021 	16 	12 	1 	16 	3 	23 	0.00
6 	26 	19 	12 	15 	13 	12 	100 	73 	46 	1021 	1017 	1013 	16 	16 	16 	35 	14 	47 	0.00 	Lluvia
7 	28 	21 	13 	19 	17 	13 	100 	79 	58 	1013 	1008 	1006 	16 	12 	1 	13 	4 	- 	9.65 	Niebla , Lluvia , Tormenta
8 	23 	19 	14 	18 	17 	13 	100 	83 	66 	1010 	1006 	1005 	16 	7 	1 	23 	5 	32 	17.53 	Niebla , Lluvia , Tormenta
9 	24 	18 	11 	16 	12 	11 	100 	73 	46 	1015 	1012 	1010 	16 	10 	1 	23 	7 	34 	0.76 	Lluvia
10 	26 	20 	14 	18 	15 	14 	97 	76 	54 	1016 	1015 	1013 	16 	16 	16 	19 	4 	26 	T 	Lluvia
11 	27 	21 	14 	19 	16 	14 	97 	74 	51 	1014 	1013 	1012 	16 	16 	10 	23 	7 	26 	1.02 	Lluvia
12 	26 	21 	16 	18 	17 	12 	100 	79 	57 	1017 	1016 	1014 	16 	9 	0 	23 	7 	29 	T 	Niebla , Lluvia
13 	17 	14 	12 	15 	13 	11 	100 	93 	83 	1021 	1018 	1017 	16 	13 	4 	11 	3 	- 	8.38 	Lluvia
14 	16 	14 	13 	15 	14 	13 	100 	92 	84 	1021 	1018 	1015 	16 	14 	2 	14 	3 	18 	3.30 	Lluvia , Tormenta
15 	24 	19 	13 	18 	16 	14 	100 	80 	60 	1015 	1013 	1011 	16 	16 	16 	21 	3 	26 	0.00
16 	27 	20 	12 	16 	14 	11 	100 	70 	39 	1017 	1014 	1013 	16 	10 	0 	16 	5 	24 	0.00 	Niebla
17 	24 	19 	13 	19 	16 	13 	100 	87 	73 	1020 	1019 	1017 	16 	10 	1 	23 	4 	27 	10.67 	Niebla , Lluvia , Tormenta
18 	27 	21 	15 	19 	17 	15 	100 	76 	51 	1020 	1019 	1017 	16 	13 	1 	14 	4 	21 	0.76 	Lluvia
19 	29 	22 	14 	19 	16 	12 	100 	70 	40 	1019 	1017 	1014 	16 	9 	0 	21 	3 	26 	T 	Niebla
20 	28 	21 	14 	18 	16 	13 	100 	71 	42 	1015 	1013 	1011 	16 	14 	6 	26 	4 	32 	0.00
21 	28 	20 	12 	16 	14 	12 	100 	74 	48 	1013 	1011 	1009 	16 	10 	0 	21 	5 	29 	0.00 	Niebla
22 	27 	19 	12 	16 	14 	12 	100 	73 	45 	1013 	1012 	1010 	16 	11 	0 	26 	6 	34 	0.00 	Niebla
23 	24 	17 	9 	13 	11 	9 	100 	69 	38 	1014 	1012 	1011 	16 	16 	13 	13 	3 	16 	0.00
24 	16 	14 	12 	13 	12 	9 	100 	93 	86 	1017 	1015 	1013 	16 	12 	4 	16 	4 	24 	21.08 	Lluvia
25 	20 	16 	11 	15 	12 	10 	100 	80 	59 	1025 	1021 	1018 	16 	14 	4 	11 	2 	14 	0.25 	Lluvia
26 	24 	18 	11 	15 	13 	11 	100 	75 	49 	1026 	1023 	1017 	16 	9 	0 	19 	4 	29 	0.00 	Niebla
27 	24 	19 	15 	18 	16 	14 	100 	82 	64 	1017 	1013 	1010 	16 	15 	3 	24 	8 	29 	2.79 	Lluvia
28 	22 	16 	8 	17 	13 	8 	96 	72 	47 	1015 	1013 	1011 	16 	16 	6 	27 	8 	35 	0.51 	Lluvia
29 	23 	16 	7 	12 	8 	7 	100 	68 	35 	1016 	1015 	1014 	16 	11 	0 	23 	5 	31 	0.00 	Niebla
30 	24 	15 	5 	13 	9 	5 	100 	69 	38 	1019 	1018 	1016 	16 	16 	16 	21 	5 	31 	0.00
31 	29 	19 	9 	18 	15 	9 	100 	73 	46 	1019 	1017 	1016 	16 	14 	0 	14 	4 	- 	1.78 	Niebla , Lluvia , Tormenta
1 	27 	19 	12 	18 	14 	11 	100 	68 	36 	1020 	1019 	1017 	16 	9 	0 	19 	4 	26 	0.00 	Niebla
2 	29 	19 	10 	18 	13 	10 	100 	70 	40 	1020 	1019 	1016 	16 	12 	1 	16 	3 	21 	0.00
3 	29 	21 	13 	19 	17 	13 	100 	76 	51 	1021 	1019 	1018 	16 	10 	0 	27 	2 	40 	14.22 	Niebla , Lluvia , Tormenta
4 	28 	22 	15 	20 	17 	15 	100 	79 	58 	1019 	1016 	1012 	16 	10 	0 	32 	10 	42 	0.51 	Niebla
5 	23 	18 	13 	19 	17 	12 	100 	86 	72 	1012 	1010 	1009 	16 	13 	1 	24 	6 	35 	20.07 	Niebla , Lluvia , Tormenta
6 	21 	16 	12 	11 	9 	7 	89 	69 	48 	1018 	1015 	1012 	16 	16 	16 	24 	7 	35 	T 	Lluvia
7 	23 	17 	10 	16 	13 	10 	100 	79 	57 	1019 	1017 	1015 	16 	15 	6 	16 	1 	24 	5.08 	Lluvia
8 	23 	17 	11 	15 	13 	11 	100 	75 	49 	1018 	1015 	1014 	16 	12 	0 	24 	4 	32 	0.51 	Niebla , Lluvia
9 	25 	17 	9 	15 	12 	9 	100 	75 	50 	1024 	1020 	1019 	16 	10 	0 	21 	4 	31 	0.00 	Niebla
10 	27 	20 	12 	18 	14 	12 	100 	70 	39 	1025 	1024 	1022 	16 	9 	0 	19 	3 	26 	0.00 	Niebla
11 	26 	19 	13 	17 	14 	9 	100 	68 	36 	1022 	1020 	1016 	16 	14 	8 	29 	7 	47 	3.30 	Lluvia
12 	26 	20 	14 	18 	16 	15 	100 	77 	54 	1015 	1012 	1009 	16 	9 	0 	23 	7 	39 	11.43 	Niebla , Lluvia , Tormenta
13 	24 	18 	11 	16 	14 	10 	100 	72 	43 	1017 	1012 	1010 	16 	10 	2 	24 	6 	34 	3.30 	Lluvia
14 	25 	17 	9 	14 	12 	9 	100 	70 	39 	1019 	1017 	1014 	16 	12 	0 	16 	5 	24 	0.00 	Niebla
15 	26 	18 	10 	18 	15 	10 	100 	77 	54 	1014 	1012 	1010 	16 	12 	1 	23 	3 	29 	3.05 	Niebla , Lluvia , Tormenta
16 	21 	14 	8 	16 	12 	6 	100 	70 	39 	1019 	1015 	1013 	16 	11 	0 	29 	8 	40 	T 	Niebla , Lluvia
17 	24 	15 	6 	16 	11 	6 	100 	72 	44 	1019 	1017 	1016 	16 	16 	16 	19 	4 	27 	0.00
18 	21 	17 	13 	18 	16 	13 	100 	91 	81 	1016 	1011 	1009 	16 	15 	4 	14 	6 	19 	12.45 	Lluvia
19 	26 	21 	16 	19 	18 	16 	100 	79 	58 	1011 	1009 	1008 	16 	14 	3 	19 	4 	26 	1.27 	Lluvia
20 	24 	18 	12 	16 	14 	12 	100 	75 	49 	1020 	1015 	1011 	16 	16 	11 	23 	6 	34 	0.25 	Lluvia
21 	28 	20 	12 	18 	14 	12 	100 	71 	42 	1022 	1020 	1017 	16 	11 	1 	23 	6 	26 	0.00
22 	28 	21 	13 	22 	17 	13 	100 	78 	55 	1017 	1011 	1003 	16 	10 	1 	34 	8 	45 	7.37 	Lluvia
23 	22 	17 	12 	18 	12 	9 	100 	72 	44 	1011 	1008 	1003 	16 	16 	14 	21 	6 	35 	0.76
24 	19 	13 	8 	12 	11 	9 	100 	79 	58 	1017 	1014 	1011 	16 	16 	16 	23 	4 	27 	T 	Lluvia
25 	19 	13 	6 	11 	8 	7 	100 	73 	45 	1024 	1020 	1018 	16 	12 	0 	23 	6 	31 	0.00 	Niebla
26 	20 	12 	4 	10 	7 	4 	100 	71 	42 	1028 	1025 	1024 	16 	12 	0 	23 	5 	27 	0.00 	Niebla
27 	22 	13 	4 	11 	6 	4 	100 	70 	39 	1029 	1028 	1027 	16 	10 	0 	21 	3 	26 	0.00 	Niebla
28 	23 	14 	4 	12 	7 	4 	100 	68 	35 	1030 	1028 	1026 	16 	11 	0 	16 	1 	23 	0.00 	Niebla
29 	21 	12 	5 	11 	8 	5 	100 	87 	50 	1028 	1026 	1020 	16 	11 	0 	13 	2 	- 	0.00 	Niebla
30 	22 	14 	7 	10 	8 	6 	100 	69 	37 	1020 	1016 	1012 	16 	16 	16 	21 	5 	26 	0.00
31 	18 	12 	6 	12 	8 	3 	100 	78 	55 	1017 	1013 	1011 	16 	16 	13 	29 	10 	42 	0.76 	Lluvia
1 	14 	9 	4 	6 	3 	1 	89 	66 	43 	1022 	1019 	1017 	16 	16 	16 	29 	8 	43 	0.00
2 	20 	11 	1 	9 	4 	1 	100 	67 	34 	1025 	1024 	1022 	16 	14 	1 	14 	3 	19 	0.00
3 	12 	9 	6 	11 	10 	6 	100 	95 	89 	1022 	1012 	1007 	16 	12 	4 	19 	6 	27 	23.88 	Lluvia
4 	23 	18 	12 	14 	12 	10 	100 	77 	53 	1011 	1008 	1006 	16 	15 	6 	26 	11 	42 	1.27 	Lluvia
5 	21 	17 	13 	17 	15 	13 	100 	82 	63 	1011 	1007 	1004 	16 	10 	1 	26 	7 	37 	29.72 	Lluvia
6 	16 	14 	13 	14 	13 	13 	100 	95 	90 	1015 	1013 	1011 	16 	7 	0 	11 	2 	14 	4.32 	Niebla , Lluvia
7 	19 	14 	8 	13 	12 	9 	100 	79 	58 	1013 	1010 	1008 	16 	9 	1 	24 	5 	32 	8.38 	Niebla , Lluvia
8 	17 	12 	7 	12 	9 	7 	100 	88 	75 	1022 	1016 	1012 	16 	10 	1 	16 	4 	26 	1.27 	Niebla , Lluvia
9 	16 	13 	9 	12 	11 	9 	100 	86 	72 	1028 	1025 	1022 	16 	15 	3 	23 	6 	34 	T
10 	17 	11 	5 	11 	9 	6 	100 	74 	48 	1031 	1029 	1027 	16 	10 	1 	23 	7 	29 	0.00 	Niebla
11 	22 	13 	3 	12 	7 	3 	100 	72 	44 	1030 	1026 	1021 	16 	11 	1 	23 	5 	27 	0.00 	Niebla
12 	24 	16 	7 	13 	9 	7 	100 	71 	41 	1021 	1017 	1012 	16 	8 	0 	14 	2 	19 	0.00 	Niebla
13 	26 	17 	7 	17 	11 	7 	100 	72 	43 	1014 	1012 	1010 	16 	12 	0 	19 	3 	24 	0.00 	Niebla
14 	25 	18 	11 	19 	14 	11 	100 	80 	60 	1015 	1012 	1010 	16 	8 	0 	13 	2 	16 	0.00 	Niebla
15 	27 	21 	14 	18 	16 	14 	100 	76 	51 	1021 	1018 	1015 	16 	8 	0 	13 	3 	18 	0.00 	Niebla
16 	27 	20 	13 	18 	16 	14 	100 	77 	54 	1024 	1022 	1021 	16 	7 	0 	16 	2 	19 	0.00 	Niebla
17 	27 	20 	13 	17 	15 	13 	100 	76 	51 	1024 	1022 	1020 	16 	9 	0 	13 	2 	16 	0.00 	Niebla
18 	28 	21 	12 	19 	15 	12 	100 	73 	46 	1022 	1021 	1019 	16 	9 	0 	16 	4 	21 	0.00 	Niebla
19 	24 	18 	11 	16 	13 	11 	100 	77 	54 	1022 	1020 	1018 	16 	13 	2 	24 	4 	32 	0.00
20 	26 	18 	10 	17 	13 	10 	100 	77 	54 	1019 	1018 	1016 	16 	7 	0 	24 	4 	32 	0.00 	Niebla
21 	26 	17 	7 	15 	12 	7 	100 	65 	30 	1022 	1020 	1018 	16 	10 	0 	24 	5 	32 	0.00 	Niebla
22 	26 	16 	4 	12 	7 	4 	100 	63 	25 	1023 	1021 	1019 	16 	8 	0 	14 	2 	19 	0.00 	Niebla
23 	28 	17 	6 	17 	9 	6 	100 	71 	42 	1021 	1020 	1018 	16 	10 	1 	19 	3 	24 	0.00
24 	31 	22 	12 	21 	16 	13 	100 	78 	55 	1021 	1019 	1017 	16 	7 	0 	21 	3 	26 	0.00 	Niebla
25 	32 	24 	16 	21 	17 	14 	100 	68 	36 	1021 	1019 	1017 	16 	6 	0 	13 	2 	14 	0.00 	Niebla
26 	31 	23 	15 	21 	17 	15 	100 	72 	43 	1019 	1017 	1015 	16 	7 	0 	13 	1 	16 	0.00 	Niebla
27 	30 	23 	16 	20 	17 	16 	100 	73 	45 	1015 	1011 	1006 	16 	9 	0 	27 	9 	43 	0.51 	Niebla , Lluvia
28 	19 	15 	10 	17 	8 	4 	75 	65 	55 	1016 	1012 	1008 	16 	16 	16 	27 	12 	40 	T
29 	14 	9 	4 	6 	4 	2 	92 	68 	43 	1020 	1018 	1016 	16 	16 	16 	24 	6 	32 	T 	Lluvia
30 	14 	7 	-1 	7 	4 	1 	100 	80 	59 	1029 	1025 	1020 	16 	16 	16 	19 	4 	26 	0.25 	Lluvia
1 	17 	8 	-1 	6 	2 	-1 	100 	70 	39 	1030 	1028 	1025 	16 	10 	0 	23 	2 	32 	T 	Niebla , Lluvia
2 	19 	9 	-1 	8 	2 	-1 	100 	73 	45 	1034 	1030 	1028 	16 	10 	1 	13 	2 	18 	T 	Niebla , Lluvia
3 	22 	12 	2 	7 	4 	2 	100 	68 	35 	1037 	1034 	1030 	16 	11 	0 	23 	6 	27 	0.00 	Niebla
4 	27 	14 	2 	17 	12 	3 	100 	73 	45 	1029 	1021 	1014 	16 	14 	3 	27 	10 	39 	0.00
5 	19 	15 	10 	17 	10 	7 	100 	74 	48 	1019 	1017 	1015 	16 	13 	1 	23 	7 	29 	0.00
6 	14 	12 	9 	11 	9 	8 	100 	86 	72 	1021 	1019 	1017 	16 	16 	16 	14 	4 	21 	0.00
7 	19 	14 	8 	16 	12 	8 	100 	87 	73 	1020 	1018 	1013 	16 	12 	2 	16 	5 	23 	T
8 	24 	18 	11 	20 	16 	11 	100 	77 	53 	1016 	1010 	1006 	16 	14 	3 	24 	6 	42 	1.52 	Lluvia
9 	18 	14 	11 	17 	16 	11 	100 	97 	93 	1017 	1011 	1008 	16 	9 	2 	14 	4 	21 	23.11 	Lluvia
10 	23 	18 	13 	16 	14 	12 	100 	77 	53 	1021 	1017 	1014 	16 	13 	1 	19 	4 	27 	0.00 	Niebla
11 	15 	9 	3 	13 	6 	2 	100 	75 	50 	1029 	1025 	1020 	16 	16 	11 	19 	8 	23 	0.00
12 	16 	7 	-2 	6 	1 	-2 	100 	86 	44 	1033 	1032 	1030 	16 	14 	1 	8 	0 	- 	0.00
13 	16 	7 	-2 	7 	2 	-2 	100 	71 	42 	1033 	1029 	1025 	16 	16 	13 	32 	11 	45 	0.00
14 	19 	16 	11 	14 	11 	7 	100 	81 	62 	1025 	1023 	1021 	16 	16 	10 	21 	6 	32 	0.00
15 	23 	17 	11 	17 	14 	11 	100 	81 	61 	1021 	1009 	1000 	16 	16 	13 	40 	13 	52 	0.51 	Lluvia
16 	18 	11 	3 	11 	3 	-1 	86 	77 	67 	1023 	1017 	1004 	16 	15 	5 	35 	11 	52 	0.51 	Lluvia
17 	13 	4 	-4 	1 	-2 	-3 	100 	68 	35 	1026 	1023 	1020 	16 	16 	16 	23 	6 	32 	0.00
18 	19 	11 	3 	8 	5 	1 	100 	69 	37 	1024 	1023 	1019 	16 	16 	16 	21 	6 	27 	0.00
19 	22 	11 	1 	10 	4 	1 	100 	64 	28 	1023 	1017 	1012 	16 	16 	14 	34 	9 	48 	0.00
20 	17 	9 	2 	6 	2 	1 	100 	67 	34 	1022 	1019 	1014 	16 	16 	16 	29 	9 	47 	0.00
21 	23 	12 	1 	11 	5 	1 	100 	68 	35 	1028 	1025 	1023 	16 	16 	16 	14 	2 	18 	0.00
22 	24 	13 	2 	9 	5 	2 	100 	66 	31 	1030 	1028 	1026 	16 	9 	0 	10 	4 	- 	0.00 	Niebla
23 	20 	11 	2 	13 	11 	7 	100 	76 	52 	1027 	1021 	1018 	16 	16 	16 	29 	11 	42 	0.00
24 	22 	19 	16 	18 	16 	13 	100 	85 	70 	1017 	1009 	1006 	16 	10 	1 	47 	22 	69 	11.94 	Lluvia
25 	17 	13 	8 	16 	13 	6 	100 	89 	77 	1009 	1006 	1005 	16 	7 	1 	23 	4 	34 	1.27 	Niebla , Lluvia
26 	9 	7 	5 	8 	6 	3 	100 	94 	82 	1009 	1007 	1005 	16 	10 	3 	16 	5 	29 	26.42 	Lluvia
27 	13 	7 	0 	5 	2 	1 	100 	75 	50 	1018 	1014 	1007 	16 	16 	16 	23 	7 	29 	0.00
28 	18 	8 	-2 	8 	4 	-1 	100 	74 	48 	1018 	1014 	1011 	16 	16 	16 	32 	9 	47 	0.00
29 	16 	11 	7 	12 	10 	7 	100 	84 	67 	1012 	1008 	994 	16 	13 	2 	27 	6 	50 	13.46 	Lluvia
30 	17 	12 	7 	15 	9 	0 	97 	78 	58 	1003 	987 	979 	16 	12 	2 	39 	19 	61 	18.80 	Lluvia
31 	9 	7 	4 	3 	1 	-2 	92 	73 	53 	1021 	1012 	1004 	16 	16 	8 	27 	14 	47 	1.02 	Lluvia
1 	9 	4 	0 	4 	1 	-1 	100 	75 	50 	1028 	1026 	1022 	16 	16 	10 	26 	6 	40 	2.79 	Lluvia
2 	17 	11 	5 	13 	9 	4 	100 	89 	78 	1026 	1022 	1017 	16 	13 	4 	24 	6 	34 	11.43 	Lluvia
3 	18 	11 	3 	14 	9 	-1 	93 	77 	60 	1026 	1016 	1012 	16 	14 	3 	29 	14 	43 	5.33 	Lluvia
4 	6 	2 	-2 	1 	-1 	-2 	100 	79 	57 	1031 	1029 	1026 	16 	16 	16 	21 	5 	31 	0.00
5 	11 	6 	1 	10 	4 	-1 	96 	79 	62 	1029 	1022 	1014 	16 	16 	8 	45 	19 	68 	4.57 	Lluvia
6 	15 	8 	1 	15 	8 	-4 	100 	82 	64 	1022 	1012 	1008 	16 	14 	2 	34 	10 	48 	4.32 	Lluvia
7 	2 	-2 	-6 	-3 	-4 	-6 	100 	81 	61 	1027 	1025 	1023 	16 	16 	16 	19 	7 	27 	0.00
8 	6 	-1 	-8 	-4 	-7 	-9 	100 	69 	38 	1029 	1027 	1025 	16 	16 	16 	14 	1 	21 	0.00
9 	6 	-1 	-8 	1 	-4 	-9 	100 	73 	45 	1025 	1019 	1007 	16 	16 	16 	32 	9 	40 	T
10 	7 	-1 	-9 	2 	-10 	-15 	92 	72 	51 	1031 	1020 	1006 	16 	10 	1 	32 	20 	50 	2.79 	Lluvia , Nieve
11 	-3 	-7 	-11 	-9 	-12 	-15 	92 	71 	50 	1037 	1035 	1032 	16 	16 	16 	27 	5 	40 	T
12 	2 	-3 	-8 	-6 	-8 	-12 	92 	64 	35 	1033 	1032 	1030 	16 	16 	16 	11 	2 	14 	0.00
13 	1 	-3 	-8 	-2 	-6 	-9 	96 	83 	61 	1031 	1030 	1029 	16 	16 	14 	10 	2 	- 	0.00
14 	2 	0 	-2 	-2 	-3 	-5 	100 	80 	59 	1029 	1028 	1027 	16 	16 	14 	5 	0 	8 	0.00
15 	5 	-1 	-6 	-3 	-4 	-7 	100 	78 	55 	1028 	1024 	1016 	16 	16 	13 	32 	5 	48 	0.00
16 	3 	2 	2 	3 	1 	-3 	100 	85 	70 	1015 	1009 	1005 	16 	16 	13 	26 	11 	48 	1.27 	Lluvia , Nieve
17 	1 	-3 	-8 	-5 	-7 	-10 	84 	76 	68 	1020 	1017 	1012 	16 	16 	8 	23 	13 	40 	T
18 	1 	-5 	-11 	-2 	-8 	-12 	96 	74 	51 	1016 	1008 	999 	16 	15 	6 	14 	8 	- 	0.51
19 	-1 	-2 	-2 	-6 	-6 	-7 	63 	63 	63 	1002 	1001 	1000 	16 	15 	13 	19 	17 	39 	T 	Nieve
20 	-3 	-5 	-7 	-7 	-8 	-12 	92 	76 	59 	1017 	1013 	1011 	16 	7 	1 	26 	8 	32 	T 	Nieve
21 	12 	2 	-9 	-2 	-6 	-9 	100 	64 	27 	1017 	1013 	1009 	16 	16 	16 	26 	6 	37 	0.00
22 	2 	-1 	-4 	2 	-2 	-8 	92 	85 	78 	1019 	1015 	1013 	16 	15 	10 	27 	9 	45 	1.02 	Lluvia , Nieve
23 	-1 	-5 	-9 	-6 	-9 	-12 	88 	75 	62 	1021 	1017 	1013 	16 	16 	16 	19 	6 	35 	T
24 	6 	1 	-3 	-2 	-3 	-6 	92 	75 	57 	1014 	1012 	1008 	16 	16 	13 	23 	8 	35 	0.00
25 	13 	4 	-5 	3 	-1 	-5 	100 	68 	35 	1007 	1003 	1001 	16 	15 	3 	14 	5 	32 	0.51 	Lluvia
26 	- 	- 	- 	- 	- 	- 	- 	- 	- 	- 	- 	- 	- 	- 	- 	- 	- 	- 	-
27 	0 	-6 	-12 	-5 	-9 	-15 	81 	74 	67 	1028 	1019 	1014 	16 	6 	1 	26 	10 	35 	T 	Nieve
28 	7 	-5 	-17 	-1 	-9 	-17 	96 	73 	49 	1030 	1024 	1015 	16 	16 	16 	23 	9 	34 	0.00
29 	9 	2 	-6 	3 	-2 	-8 	76 	67 	58 	1029 	1019 	1011 	16 	14 	3 	42 	11 	58 	3.81 	Lluvia , Nieve , Tormenta
30 	4 	-2 	-9 	2 	-5 	-9 	100 	76 	52 	1029 	1020 	1013 	16 	15 	6 	29 	9 	40 	4.06 	Lluvia , Nieve
