29.24872877 2.46593855 1.54048199 0.02389060 0.08468273 0.23121822 0.23121822
105.48281952 21.07025563 15.71656858 0.17881197 0.05166897 0.72356977 0.26442502
94.84385624 24.87147215 16.12046718 0.26601191 0.05569325 0.76551220 0.96559827
103.86072254 19.68703549 16.76909497 0.26540600 0.06540163 0.38132399 0.77004768
53.40528527 8.38429489 4.25809459 0.08367808 0.17526982 0.83513213 0.83513213
90.64507589 23.69231606 16.10265063 0.23427448 0.05938268 0.58991546 1.00813674
61.06545138 29.29604258 12.89821062 0.13489203 0.05610758 1.60737780 1.31684839
78.69842193 22.95484375 11.89922815 0.23628436 0.05515040 1.40486461 0.52867533
28.09962061 2.18440705 1.41120732 0.02104656 0.08037358 0.20249052 0.20249052
85.78551876 22.97820781 16.49843237 0.23770990 0.05938112 0.53777369 1.29667270
24.86919384 1.39295249 1.04778431 0.01305125 0.06825948 0.12172985 0.12172985
58.24000493 9.56880121 4.80200055 0.09564401 0.19340002 0.95600012 0.95600012
37.62735373 4.51870166 2.48307729 0.04462770 0.11610258 0.44068384 0.44068384
53.79838497 8.48060432 4.30231831 0.08465100 0.17674394 0.84495962 0.84495962
90.35364684 21.22595737 16.48942402 0.23600656 0.05917680 0.62518299 1.26252543
109.05091706 20.45064797 15.82367619 0.23060418 0.06786278 0.78924470 0.22102499
102.04739069 20.63687248 15.96057567 0.23195326 0.06853664 0.74485198 0.18023767
80.91975741 26.53349960 12.89368175 0.26421031 0.06102797 1.40649940 0.44080251
118.90225092 14.47352393 16.61145622 0.20294831 0.05118778 1.09421741 0.35904182
98.85500026 25.63409362 16.18879345 0.26345350 0.05001624 0.69297557 1.01348328
38.35640304 4.69731875 2.56509534 0.04643210 0.11883651 0.45891008 0.45891008
59.90248123 9.97610790 4.98902914 0.09975864 0.19963430 0.99756203 0.99756203
100.36549127 23.27615548 17.06391123 0.25072837 0.05028292 0.81502979 0.86253256
49.89848894 7.52512979 3.86358001 0.07499876 0.16211933 0.74746222 0.74746222
81.46289375 24.29765224 12.27716044 0.21216237 0.07498686 1.48225537 0.58149328
45.57477050 6.46581877 3.37716168 0.06429756 0.14590539 0.63936926 0.63936926
101.49628887 20.73207673 15.33175887 0.22820170 0.06119071 0.75377836 0.05438199
94.73794579 24.50777939 16.37476000 0.24822528 0.06732869 0.90216606 0.91368031
51.48545680 7.91393691 4.04211389 0.07892651 0.16807046 0.78713642 0.78713642
119.36975451 15.15206670 16.81745433 0.19555965 0.06228763 1.08667082 0.21542527
64.61017289 31.02572144 12.90610261 0.12959346 0.05765061 1.43765486 1.21597198
119.10929677 15.31468583 17.37945835 0.20413695 0.06492404 1.15345988 0.29756188
63.09874679 30.09616391 13.16371306 0.13885226 0.05499565 1.74789448 1.36218648
86.14551188 30.44445852 13.13229815 0.12110771 0.05641783 1.62107221 1.06973829
27.86181819 2.12614546 1.38445455 0.02045800 0.07948182 0.19654545 0.19654545
20.00370910 0.20090873 0.50041727 0.00100918 0.05001391 0.00009273 0.00009273
89.21178192 20.91246618 17.20059368 0.23364651 0.06202827 0.82518555 0.88618226
52.06865523 8.05682053 4.10772371 0.08036992 0.17025746 0.80171638 0.80171638
112.18003453 13.63205867 19.48588141 0.17329582 0.05015162 0.99447287 0.37121403
80.13749101 23.32887307 12.17011454 0.23495218 0.06051117 1.39081166 0.47507295
119.00733724 16.82067724 16.85114076 0.21460585 0.05416206 1.30293553 0.11527075
120.74186889 14.25575754 16.96699457 0.19770644 0.06072876 1.01990343 0.33804749
124.49544985 14.22094099 17.16312642 0.20469436 0.05640124 1.07705702 0.35312138
69.18723796 31.33286794 13.10444714 0.12317737 0.05589191 1.39212420 1.29482538
80.92657469 29.95606767 13.17318828 0.10449664 0.05734456 1.52498055 1.07810967
103.27464542 21.40837804 16.00595670 0.18261307 0.05857569 0.77109218 0.37014619
120.81897064 14.96115445 17.29828035 0.19902376 0.05187261 1.12641201 0.30023367
76.47800885 31.69246078 13.88692255 0.13044357 0.06062484 1.43120971 0.97417820
101.99922187 19.81112986 16.49190697 0.24683655 0.06467567 0.82032060 0.77304417
100.88224762 19.79022005 16.36756283 0.26298007 0.05803132 0.62516497 0.84349864
97.23554981 23.10750867 16.44376798 0.23376244 0.05056354 0.59423314 0.95072604
80.25031442 31.20897944 13.53602345 0.11609049 0.05634920 1.68325089 1.10307600
97.42927485 21.29313772 16.45864631 0.24163745 0.05153125 0.72770557 1.04074642
48.57633221 7.20120139 3.71483737 0.07172642 0.15716125 0.71440831 0.71440831
72.38947090 30.08912382 12.89480230 0.13105163 0.05746480 1.73180078 1.13927639
86.53201246 23.85584354 11.94119109 0.23342787 0.05557111 1.46777009 0.57852875
24.40666369 1.27963260 0.99574966 0.01190649 0.06652499 0.11016659 0.11016659
106.28234733 21.94956560 16.10959294 0.17629452 0.05294825 0.68976687 0.33675512
102.18693772 21.12652960 15.08486372 0.23797935 0.05477869 0.79648226 0.10940788
92.77564536 20.29061357 15.99725551 0.25867411 0.06910599 0.67383390 0.78420635
74.54094017 23.87537405 12.33784179 0.22932206 0.06794866 1.42817353 0.35040369
87.55687862 24.87442650 12.58252218 0.24258229 0.05362730 1.46558927 0.48723402
27.22538896 1.97022030 1.31285626 0.01888284 0.07709521 0.18063472 0.18063472
47.89350594 7.03390896 3.63801942 0.07003643 0.15460065 0.69733765 0.69733765
99.31242236 23.90046886 16.59121830 0.25094713 0.05541907 0.72147735 0.98743569
88.88717438 21.39181636 16.82476947 0.24602935 0.05076304 0.83559952 1.06027762
28.34945216 2.24561578 1.43931337 0.02166489 0.08131045 0.20873630 0.20873630
50.04018269 7.55984476 3.87952055 0.07534945 0.16265069 0.75100457 0.75100457
80.66561979 29.76656918 13.33268067 0.11147689 0.05332080 1.49496395 1.12641961
45.50560732 6.44887379 3.36938082 0.06412638 0.14564603 0.63764018 0.63764018
73.00669332 31.61686377 13.56999688 0.13502628 0.06483083 1.34116401 1.17500331
97.21071522 20.64089406 15.06509214 0.23781042 0.05040170 0.69915661 0.16529859
25.16265558 1.46485062 1.08079875 0.01377757 0.06935996 0.12906639 0.12906639
38.64934414 4.76908931 2.59805122 0.04715713 0.11993504 0.46623360 0.46623360
89.26519906 24.88051861 12.18785798 0.20624584 0.05077229 1.28004796 0.38683250
87.03587582 21.85715672 16.93799728 0.25635126 0.07046245 0.79469808 0.92875589
53.48315271 8.40337241 4.26685468 0.08387080 0.17556182 0.83707882 0.83707882
61.66228151 29.82090630 13.44939386 0.13290469 0.06093073 1.67105725 1.48335685
69.76300199 30.33769210 13.06416611 0.13192835 0.05568478 1.58463578 1.15557072
93.30184686 21.35324382 16.26458359 0.25217379 0.05452754 0.59121963 0.87745568
97.33261665 24.35703114 15.87406353 0.26039582 0.05046855 0.64493543 0.96416505
25.94139562 1.65564193 1.16840701 0.01570495 0.07228023 0.14853489 0.14853489
63.55914407 30.56444673 13.01262220 0.14499163 0.05712216 1.65044873 1.42236456
73.67613825 31.06746877 12.83807010 0.14031751 0.05240663 1.55157886 0.96501793
85.55451872 23.45589367 16.67011494 0.26930447 0.07472045 0.67368024 0.80598459
93.11165532 23.12642851 15.96064932 0.25879789 0.05786783 0.83270226 0.97831870
78.62006678 32.14545403 13.72566249 0.12486325 0.05355236 1.46223981 1.07759282
127.59732352 12.82532875 17.05984742 0.19482422 0.05102161 0.69125400 0.01758048
78.21426824 24.86108438 12.69330630 0.22925919 0.06849428 1.39930805 0.37185401
125.73800217 12.74905030 17.12761085 0.20080430 0.05935381 0.75398422 0.02614910
41.42255582 5.44852618 2.91003753 0.05402083 0.13033458 0.53556390 0.53556390
71.61005328 32.32210129 13.31278339 0.12090197 0.05125547 1.29933324 0.83978328
65.95420207 30.82625860 13.04837125 0.12706061 0.06105411 1.36485212 1.25319284
71.64013717 30.77393855 13.37342595 0.13780393 0.05448935 1.51614066 1.12685740
51.75513906 7.98000907 4.07245314 0.07959397 0.16908177 0.79387848 0.79387848
116.65373247 14.35824618 16.94415781 0.19279291 0.05776739 1.04225233 0.44130136
52.26538583 8.10501953 4.12985591 0.08085683 0.17099520 0.80663465 0.80663465
81.15689070 30.46847192 13.97925375 0.12345196 0.07679810 1.63409046 1.07675041
106.23258147 20.51574717 15.37606869 0.24584066 0.06419395 0.87091707 0.29093425
105.68295087 20.13428085 15.46666875 0.23663416 0.06864775 0.77734291 0.21522933
39.68639635 5.02316711 2.71471959 0.04972383 0.12382399 0.49215991 0.49215991
89.84345482 23.30409601 16.32782375 0.23995875 0.06022018 0.54881853 1.17723589
55.21160328 8.82684280 4.46130537 0.08814872 0.18204351 0.88029008 0.88029008
101.22499444 19.43603651 17.19916876 0.26693124 0.05831711 0.44505489 0.66858936
54.34540130 8.61462332 4.36385765 0.08600487 0.17879525 0.85863503 0.85863503
52.51647143 8.16653550 4.15810304 0.08147827 0.17193677 0.81291179 0.81291179
75.59939125 25.65881426 13.48610576 0.25424522 0.05545099 1.42568503 0.40905037
129.51577954 13.17155367 16.75469113 0.19104349 0.05133635 0.73215954 0.04833269
46.33232548 6.65141974 3.46238662 0.06617251 0.14874622 0.65830814 0.65830814
116.07866518 14.64986576 17.27080097 0.21142785 0.06303675 0.98232413 0.25410023
108.00716704 19.12324891 15.58743260 0.24286465 0.05128974 0.61395119 0.07179721
82.14179417 24.75638996 11.97295566 0.23251916 0.05824818 1.53496775 0.50370692
68.49435986 31.59089504 13.29013671 0.12945648 0.05967102 1.34810841 1.19094126
104.58753630 19.58626450 15.57606284 0.23859377 0.06536827 0.62964664 0.03851601
26.83039629 1.87344709 1.26841958 0.01790523 0.07561399 0.17075991 0.17075991
78.80624260 23.79046235 12.06953357 0.22957340 0.05888577 1.37988401 0.53336032
21.13163421 0.47725038 0.62730885 0.00380079 0.05424363 0.02829086 0.02829086
117.04937728 16.66191868 16.60392112 0.19732142 0.05271142 1.16091066 0.19381801
73.13243871 31.28530084 13.21730286 0.10975439 0.05962596 1.63602415 1.03950144
23.22311048 0.98966207 0.86259993 0.00897720 0.06208666 0.08057776 0.08057776
119.24056910 15.29604716 17.34729594 0.21045786 0.05501985 1.04366250 0.29701878
94.17181513 20.32595118 15.63997792 0.26281711 0.05344462 0.71589042 0.75447797
87.23777077 23.19127785 16.66017132 0.25847010 0.06452269 0.72089501 0.74579358
44.04000148 6.08980036 3.20450017 0.06049900 0.14015001 0.60100004 0.60100004
122.31158876 13.98577205 17.46628419 0.20427159 0.05498908 1.05406509 0.29971766
81.40503242 25.48300644 13.33978503 0.25884293 0.06805104 1.51684020 0.53319008
93.88441752 21.74363079 17.29429710 0.23197117 0.05372925 0.86911714 0.96934764
90.70137498 23.44457721 16.82348822 0.23184401 0.06641678 0.59690806 0.95444061
