37.31795225 8.35989983 1.27836061 0.05139683 0.09905765 0.91425919 0.35056020
47.24855204 6.12147021 4.65810452 0.04561402 0.07873959 0.98736947 0.36512399
56.13750964 8.62740138 4.48580504 0.07154800 0.06269783 0.17968977 0.38157499
53.31823350 9.54764098 4.08244763 0.08993229 0.06869385 0.28979138 0.42408083
56.25829054 7.58695772 4.59491728 0.06421628 0.06006435 0.51940759 0.35633306
34.72386977 1.62708889 3.04932333 0.00659440 0.14852787 0.37780409 0.95750079
56.07048212 9.61758925 3.03626127 0.09188165 0.05861658 0.09952701 0.40333352
58.25056029 6.86157171 4.91615743 0.09358058 0.05095484 0.39129120 0.28800189
57.67057280 8.15562839 4.71331095 0.08592336 0.06668494 0.30143200 0.33981632
53.93433433 8.87876947 3.52302761 0.06931232 0.05212140 0.06109390 0.71162442
57.63010000 8.75887315 4.34405733 0.04699803 0.05421383 0.32390602 0.13984968
53.68195917 2.42788721 0.58495746 0.00644180 0.13922282 0.09355795 0.50594209
46.36775765 9.51727296 4.83776050 0.07221626 0.07185403 0.16815287 0.42568260
54.16940768 7.41572476 1.73413578 0.01870270 0.11580103 0.30005129 0.85796171
33.84512965 7.29360764 3.60909216 0.07814165 0.07459359 0.27295087 0.00241709
27.07223366 8.71338171 2.85630716 0.03119239 0.19466168 0.58725305 0.72989965
47.13786467 1.16001709 2.88533491 0.08658449 0.05841298 0.09744463 0.63844728
42.81812476 9.70944589 3.90860915 0.08744897 0.06569577 0.33292725 0.69762248
56.41805631 8.33909408 3.90936575 0.09005250 0.05901947 0.35493450 0.32702618
54.50713315 8.92919357 4.52666854 0.08358206 0.06681948 0.09678312 0.52157206
59.63504705 9.08587286 3.04248956 0.08292401 0.05789181 0.09639618 0.43596884
47.66411380 9.56595380 0.85348159 0.07706766 0.11162292 0.84787433 0.90296179
54.73001816 8.99664401 4.27562503 0.08278584 0.06139691 0.34551012 0.37620486
50.83456422 8.46447912 4.39967867 0.09004062 0.05882120 0.39878549 0.90599179
25.07251967 3.39892567 2.24880409 0.04935853 0.09853107 0.70374640 0.28715356
51.05830140 8.33377510 4.83731826 0.08701663 0.05575691 0.31588303 0.12566779
56.50839676 8.50162055 4.87449691 0.09632246 0.05286866 0.39907050 0.36874299
59.25727378 7.81863178 4.81402329 0.07841540 0.06145047 0.38163302 0.37002077
58.96274304 3.92084004 1.10890259 0.07772305 0.05594976 0.74621538 0.95477680
52.30932982 8.99004118 3.28770849 0.09078613 0.07734914 0.10703897 0.33812927
50.02600735 9.07296960 4.43432103 0.09467336 0.05950853 0.12580957 0.42567729
55.04481558 9.05765900 3.75177251 0.02245419 0.05940101 0.10080985 0.26362061
51.92671391 9.40855703 4.26565072 0.08820056 0.06632921 0.21961588 0.77171379
53.49408923 9.97873855 4.27547955 0.06204289 0.05357378 0.07513788 0.62749657
48.27735599 9.41250143 4.56931611 0.06769314 0.06279330 0.20475444 0.39579540
50.42316999 9.70790138 3.89603384 0.09100358 0.05361017 0.19361365 0.42331683
57.09036560 2.68879187 4.83464309 0.09982237 0.12935014 0.39102828 0.89819043
40.74756357 0.44539902 1.66116253 0.04911259 0.19506501 0.26247515 0.53607908
55.62280638 4.60840620 2.17264131 0.03041162 0.05063265 0.66636237 0.55698620
57.49115596 8.76036228 4.54014256 0.08106531 0.06063870 0.11702128 0.33310878
48.00580925 1.10693070 4.52720229 0.07075705 0.13252354 0.64492178 0.78439549
23.97573281 5.65386603 3.01615096 0.04470978 0.05302459 0.14383937 0.19190721
56.12338992 8.20698015 4.09123939 0.06076133 0.06322814 0.14187134 0.32804118
30.80640568 6.23406996 4.11722775 0.01325906 0.06567067 0.37510193 0.32982269
55.27666177 9.79638943 4.11897028 0.02574641 0.05583045 0.11644776 0.38103414
49.24122574 8.85892524 4.34293212 0.08165236 0.06230358 0.00220197 0.59203965
35.22212273 9.01020662 4.88268739 0.06482338 0.11304685 0.96583908 0.51937609
54.76514715 9.45669916 4.67935056 0.09404633 0.06038742 0.20902344 0.58100392
56.44306412 9.57090609 4.36250481 0.06757203 0.06491479 0.30624468 0.17959902
53.44353524 7.70006035 1.96787083 0.04939705 0.16780486 0.25806678 0.61288483
55.25744054 7.50842109 4.59851861 0.06123584 0.07216599 0.26426886 0.16914386
32.34224355 7.12362050 3.08972457 0.04447328 0.17887894 0.34249909 0.27386466
58.96972695 7.16292360 3.99030829 0.00178492 0.15426318 0.94385006 0.88306772
53.99304784 9.16785927 4.83362735 0.09054954 0.05841783 0.36909452 0.28827085
59.08955699 8.35316747 3.51736882 0.08034118 0.05561719 0.39717241 0.27306888
56.05802126 9.30306545 3.75440280 0.07703238 0.06731873 0.14994432 0.67803964
58.59907888 8.77201475 4.33987130 0.08459777 0.06409637 0.26082329 0.23684915
57.66693557 8.05090619 3.74590102 0.09507959 0.05271328 0.32377152 0.28018583
55.61193547 8.80678919 4.21161766 0.09879147 0.05336198 0.46926981 0.67363257
39.87057322 0.29894083 4.24148436 0.04318132 0.13623666 0.27022689 0.83710289
39.39123825 7.89421191 2.74604069 0.04489538 0.10329794 0.28928993 0.96834571
36.89682909 8.25662603 1.80057356 0.01968724 0.09416095 0.27172359 0.66739273
55.77807680 8.62821509 4.24292882 0.05361426 0.05324026 0.21029955 0.67581817
48.03296492 8.94911333 4.17869519 0.07743521 0.06058600 0.44194755 0.87700467
51.93315062 9.57053491 3.82397650 0.03731993 0.07059329 0.03042357 0.35352698
55.11065615 8.13801378 4.19963824 0.08982950 0.07243428 0.24145232 0.76045298
58.90454707 1.28358489 1.88214946 0.00148642 0.17595784 0.56528349 0.95138240
40.37744083 6.90593188 3.32204489 0.05650290 0.19435374 0.86673560 0.65572489
56.40438507 4.98092063 0.85635072 0.05692619 0.16473402 0.43505106 0.29086465
53.69238468 9.86733664 3.46289440 0.08257684 0.05422098 0.23913785 0.46571633
51.40791037 9.14988130 4.37072164 0.07935740 0.05312903 0.19123217 0.38350657
55.45098379 8.35751077 4.47074629 0.05619460 0.05996436 0.20184528 0.30882718
55.64257532 8.67863026 4.14498164 0.08151484 0.05559087 0.14201834 0.25561987
54.85948227 9.47640533 4.76596463 0.06022818 0.06079119 0.38041582 0.24147739
29.38978728 5.85949185 1.20718517 0.03418020 0.07784110 0.82705892 0.03126954
59.86136529 9.53701747 4.34640639 0.08983943 0.06192503 0.31183310 0.32291268
21.45234025 6.45420663 1.53788907 0.09782537 0.18509442 0.15858858 0.13522994
53.68472067 9.21007122 4.68926361 0.07303377 0.06113654 0.15278631 0.57393134
44.87247661 5.81859122 1.08110562 0.01760043 0.06056516 0.21402540 0.32347477
59.09986074 9.80439495 4.02050582 0.08778790 0.07629075 0.29448236 0.29364633
50.92352069 9.23305000 3.96643206 0.09286727 0.06370184 0.45682804 0.81890993
59.37672826 6.48681364 4.93563687 0.09524616 0.05910969 0.34073120 0.33218861
54.86356713 6.96339344 4.79816685 0.08325769 0.05288077 0.31732690 0.27500400
59.85783168 9.01876657 3.69384705 0.09280584 0.06997032 0.30867418 0.26486253
31.47343484 3.71129399 4.16211744 0.00382939 0.13835750 0.39072586 0.19953316
53.17204953 9.28210883 3.53323872 0.02139367 0.05833901 0.17947685 0.32311071
25.45329430 7.87415148 3.84545656 0.07762508 0.18235820 0.77738520 0.43134539
59.04924741 5.79192281 4.68200701 0.05857514 0.14665816 0.38369229 0.68305473
53.17404487 9.66166936 3.77589165 0.02720116 0.05185682 0.08807750 0.27349969
55.54022140 8.95480087 4.78169327 0.05443775 0.05034451 0.22045708 0.66324004
51.07859599 9.74150874 3.79175277 0.08639041 0.05356077 0.15878034 0.40990279
56.54597210 9.37280632 3.94134700 0.07816796 0.05389892 0.20089113 0.66456051
57.32754883 9.53047202 3.45853257 0.09123983 0.06350222 0.14304739 0.33106545
59.68235451 8.63637349 3.54915515 0.07007200 0.05886842 0.19155265 0.82046508
55.55608608 9.24791979 4.82357584 0.05506060 0.05055777 0.33409425 0.31847120
43.33852585 6.33584089 2.41517981 0.04296048 0.13115722 0.86414004 0.46436936
57.57384175 9.13875675 3.83442805 0.06278478 0.06309265 0.26478760 0.86892674
28.91438815 7.60584768 4.68285717 0.07323653 0.15520176 0.52396120 0.32682163
58.19074852 8.29948374 4.53625810 0.09247038 0.06449438 0.35430993 0.61242032
35.23236911 7.27230378 3.63101006 0.08927518 0.17528815 0.89944834 0.09400083
40.67412710 7.24846069 2.69085198 0.03488756 0.19558637 0.83716347 0.69654214
56.80346331 7.89050114 4.03052335 0.05468694 0.05979388 0.31207851 0.59651033
55.89453885 9.11122132 3.48293625 0.06959710 0.05789346 0.33751854 0.87257738
55.18379488 9.99405489 4.27087056 0.08536232 0.07539687 0.35693985 0.41290117
57.31800967 7.23608469 4.16953329 0.05103987 0.05902664 0.27714029 0.25632429
58.59648900 7.40294685 4.55890031 0.08823911 0.05590703 0.49558004 0.41145849
51.47444413 9.12836650 3.90857473 0.02910679 0.05034606 0.20539823 0.34931560
54.36352505 8.12260916 4.61810380 0.06537790 0.08629889 0.86526788 0.29765420
47.98146566 1.25717713 3.94528320 0.03148489 0.14510454 0.79945251 0.49945668
51.65206558 8.98152862 4.45220222 0.07595320 0.05524638 0.11454579 0.44178873
51.53017284 9.51193794 4.57962859 0.09445335 0.07139255 0.38190351 0.91981968
51.43100828 7.79784078 3.95898794 0.08364426 0.06023795 0.16697574 0.37256672
35.94965606 5.92286694 3.20715244 0.06659028 0.09832006 0.54410341 0.84562936
38.80212709 7.55693360 4.97239965 0.04689990 0.10724015 0.27533828 0.71464274
54.24635463 6.46435816 4.62223249 0.09475407 0.05910913 0.38456481 0.40353379
41.33331341 9.87336643 3.13889217 0.09749681 0.10079135 0.62188040 0.38673345
43.37458690 8.19699806 3.55365448 0.04387909 0.07364519 0.90151280 0.60701970
56.91746251 9.75983051 4.90913221 0.08627104 0.05204343 0.28594918 0.54202974
47.87878485 9.09793278 4.43993847 0.08333231 0.06252192 0.40895010 0.89986841
30.87394139 2.95833728 2.19882807 0.00688285 0.11060372 0.30198954 0.42587527
56.29300528 6.87270112 4.54589702 0.09640102 0.05644087 0.52071835 0.30426425
31.92864658 8.63899594 2.84950945 0.06057527 0.15447275 0.80844396 0.40940508
52.30551561 2.14679783 0.93570447 0.01545365 0.18303494 0.11744906 0.29550891
55.08631255 8.75459875 4.31442681 0.08776837 0.06543927 0.28949915 0.47526864
30.55409377 9.49670319 1.61486070 0.03045088 0.18558034 0.22424968 0.57401623
51.32397052 8.38160239 2.04570297 0.01461199 0.17708714 0.07643876 0.04424009
55.58736748 8.90384740 3.10467206 0.07567208 0.05662815 0.07447172 0.62170266
51.46673953 9.06904910 4.63670042 0.08110434 0.05439235 0.06987336 0.57553175
