53.22069807 3.20766388 0.64063400 0.00877278 0.14827010 0.77948286 0.92641167
29.66955336 6.15359628 4.71946252 0.05507496 0.08791137 0.57197812 0.08692287
57.16128580 9.70141678 4.09002570 0.08924709 0.05471152 0.39385178 0.14325264
47.36902922 2.74628335 3.72852783 0.08928993 0.05552250 0.45824960 0.30511019
54.93070693 9.25297202 4.49698779 0.04873094 0.06496325 0.47696094 0.40985518
59.72722543 4.15932487 1.26790706 0.07399765 0.19619983 0.83699735 0.00079510
56.87515152 8.59330282 4.43804529 0.07331599 0.05365015 0.44714418 0.19446434
34.45309028 4.37426308 2.68259245 0.09802048 0.17889777 0.95726863 0.60971905
33.04584605 4.88972307 1.64554010 0.05819879 0.17624009 0.46069499 0.36929935
59.17577589 8.96695353 4.46345311 0.06915160 0.07160471 0.73634738 0.28439108
52.46226519 9.72233690 4.03795078 0.07639690 0.05270449 0.49058011 0.34333152
54.83588376 9.18689758 4.37848558 0.06117898 0.05293754 0.40618500 0.40615448
48.52965185 0.23634330 1.27343338 0.02777819 0.11309205 0.88267163 0.74513733
53.75204924 8.75163103 4.79550570 0.05894237 0.05705688 0.45558121 0.38021620
43.14884661 8.95685615 1.24445153 0.05439062 0.16497554 0.86683445 0.34387566
57.60764985 9.81870062 3.11969968 0.09357887 0.05304072 0.41657643 0.36453198
55.59436857 9.75684536 4.21814490 0.06855390 0.05663026 0.35609639 0.52925086
40.22576351 2.33947818 4.44865667 0.05641481 0.07355941 0.05236124 0.60912890
58.68127699 9.35494698 4.59508385 0.05987533 0.05157098 0.49655841 0.60378506
24.25469413 6.71132649 4.63263126 0.01601799 0.06975895 0.48804989 0.62327237
39.57943407 0.48022870 3.35124763 0.05980388 0.05251096 0.31576817 0.74289208
20.33279745 9.37224418 3.16239741 0.06481457 0.05786006 0.58329741 0.13157241
42.57889500 7.36908131 3.95498187 0.02807646 0.14312524 0.60756943 0.49350369
53.00140073 8.35161113 3.17369577 0.09030258 0.05237740 0.50066105 0.31008502
55.05231525 8.12199918 4.66546603 0.07763341 0.05555070 0.31165415 0.14287939
56.44503384 9.04429580 4.27657135 0.07707252 0.06951881 0.74839953 0.55553307
53.79361514 8.06377577 4.85812415 0.06279215 0.06758142 0.13720648 0.48519717
59.01634343 9.10687630 4.08628890 0.07328361 0.05909570 0.61226481 0.42987012
54.82300824 1.58380854 0.61187422 0.06697944 0.07914605 0.92318617 0.33913096
57.28334095 8.93261451 4.02375061 0.06926501 0.06014225 0.25404796 0.65462347
55.19636322 8.19191443 4.38089327 0.07094077 0.05085025 0.12361273 0.60977939
38.25588295 9.82398417 1.98199692 0.08112343 0.12747289 0.25724236 0.24383950
58.47827968 8.24113864 4.72632241 0.07153419 0.05670836 0.64451979 0.49903704
50.91287840 9.54383631 3.48591467 0.04410851 0.06870264 0.53493022 0.27358235
52.65025547 9.17818895 4.28189587 0.06311768 0.07174567 0.65254668 0.49366680
56.62085315 8.48957217 4.61750485 0.05690198 0.05696102 0.84365559 0.58209939
55.85412954 7.68027623 3.69970907 0.09726755 0.05753962 0.40497063 0.12289978
31.62943200 3.53598547 4.78355830 0.02089179 0.13269398 0.11678733 0.81368004
57.05806423 6.92284254 4.76780254 0.08220209 0.06126326 0.32559714 0.10794929
58.67668864 8.76490794 4.27333767 0.06513685 0.05140963 0.58845520 0.54072230
55.51019631 9.74233044 4.20168389 0.07650882 0.06292137 0.56356409 0.28614617
44.56905787 8.37001565 3.61940127 0.08119424 0.13880947 0.87408979 0.64075429
58.68041304 5.64902661 3.02448805 0.08211798 0.10371081 0.97920845 0.48001019
59.44286048 7.37326466 2.59952250 0.07336201 0.07123313 0.90862146 0.40369617
51.00631101 3.65390394 2.32934506 0.09761078 0.17730773 0.04817103 0.83694194
50.77190981 8.76708972 1.38003227 0.09059850 0.15081649 0.72159626 0.93554604
50.69628493 5.59254000 2.98042850 0.04858101 0.11637879 0.34197299 0.13993243
59.71253196 9.68345792 4.17678368 0.07125809 0.05354575 0.26903159 0.60369507
54.65022314 8.70933154 4.18285723 0.05024831 0.06584524 0.47918363 0.39532252
54.45960769 8.18496190 4.02879915 0.07418778 0.06435249 0.54904887 0.30280293
49.51319955 6.68829300 3.89119214 0.05515304 0.10015068 0.69120314 0.38284621
31.59783873 8.76974390 1.91210359 0.08508241 0.10973209 0.01222289 0.93090781
55.50524546 8.97644752 4.81688739 0.08219582 0.06083162 0.33647032 0.03771913
55.17883973 8.33110990 4.18759778 0.06241014 0.05909092 0.37661818 0.44579227
44.45329701 2.74522237 4.77578135 0.06270888 0.10712907 0.59073485 0.84662080
46.92534992 7.50864685 1.47750473 0.07025475 0.11236638 0.69685551 0.31640313
59.12263637 9.00300166 4.41303038 0.04860746 0.05259023 0.62865930 0.56143683
54.41487829 9.05593576 4.54562614 0.08207822 0.05531506 0.68562915 0.45319920
49.78448848 9.30605991 3.81404288 0.09884764 0.15992438 0.18273693 0.68856435
51.34645229 8.95784171 4.18104717 0.05452886 0.05799703 0.55869193 0.64501492
28.70891083 6.11440911 3.24284290 0.03487004 0.13432194 0.44020839 0.73405510
32.69846454 3.85245311 1.63700629 0.08323804 0.06936355 0.72111040 0.73220547
50.19520927 8.96184332 4.23219749 0.05684610 0.05194088 0.26626950 0.67026955
56.47432991 9.04061255 3.73929526 0.09034963 0.05402021 0.21158615 0.45855676
53.29799306 8.67577048 4.47546685 0.09018214 0.05497949 0.35180203 0.17465370
55.15984661 9.75801111 4.17305711 0.07213556 0.06833740 0.38983336 0.60685983
51.40221421 2.90700577 4.01840280 0.05745521 0.10298105 0.12227927 0.38145260
58.38363489 9.26940480 4.64867380 0.04608437 0.05760849 0.54381141 0.60929531
57.01130204 7.28942805 0.95763540 0.06762765 0.11383914 0.15633118 0.91635664
49.29410044 8.90967134 4.32993077 0.07860244 0.06434108 0.36678764 0.40457772
57.33304604 9.83591008 4.44046901 0.07876910 0.05849591 0.21213288 0.66879783
30.18417969 9.44440414 4.03063133 0.01659491 0.18923499 0.05379269 0.51967611
32.31169572 0.42220449 3.13815695 0.09468306 0.16187370 0.24633603 0.26191129
56.85427837 9.12505249 4.44551954 0.05227892 0.06171150 0.54047645 0.51910455
49.46956762 7.29698891 1.66586315 0.01395920 0.12161568 0.21790259 0.79743782
40.60202479 3.21265127 1.45542522 0.02335946 0.06182201 0.41303618 0.04132864
50.97279570 4.39584912 2.65759053 0.00247463 0.06877347 0.55079515 0.10895309
55.47835291 8.89431333 4.68672923 0.06986162 0.06291554 0.63901302 0.56817956
56.04660746 8.90870005 4.58330342 0.07058819 0.06696732 0.43281079 0.61163650
30.24652956 9.80004588 3.52710113 0.09984043 0.08407011 0.42772329 0.15144858
59.45819190 8.81581303 3.87341900 0.06472911 0.05379454 0.62742649 0.46839805
50.37452822 9.41360358 3.32618027 0.05136035 0.06019165 0.54923455 0.28379020
33.72498108 7.84484849 3.16071634 0.06081482 0.09647130 0.16600225 0.16915193
49.85605942 8.46081075 4.29301608 0.07618631 0.12585749 0.47219478 0.63482084
58.77134034 8.49346095 4.02529624 0.09339763 0.05059259 0.29478714 0.14129304
21.50620941 6.66269867 3.90993716 0.07466272 0.08471994 0.95228266 0.51653736
35.68175767 1.45415798 2.37603548 0.03190427 0.11333369 0.28182151 0.37763216
54.55270577 8.35871868 4.66093179 0.07960299 0.05306489 0.43309329 0.67420920
58.55716057 9.20885447 4.46382295 0.08150775 0.06802827 0.36154955 0.58421403
57.05701872 9.66740563 4.06763068 0.05466826 0.05546648 0.83184504 0.46162268
53.52060111 9.19241274 4.80971634 0.03883023 0.05550558 0.80086905 0.46369435
24.49637411 8.23058295 4.47860976 0.05926414 0.13983421 0.21841183 0.74621239
53.02191034 9.24291872 4.18190694 0.07044464 0.07199320 0.23334166 0.41220696
59.15287025 9.57190053 2.11777977 0.06014924 0.19485269 0.94725328 0.00722190
23.95186426 6.31048514 2.42435869 0.01510701 0.10695875 0.07151234 0.84553132
35.11980021 7.70357500 4.02643319 0.01533836 0.13776179 0.15318290 0.90564125
31.86445112 2.26325979 2.61515232 0.07050086 0.09536616 0.76328875 0.82234403
56.09797328 8.76603626 4.70673111 0.08193680 0.05697780 0.32630694 0.13526631
56.11515178 8.13001069 3.56294858 0.09589495 0.06322589 0.46451464 0.25633099
32.81776871 9.08860971 4.84301937 0.09586771 0.10781651 0.47309006 0.16133573
26.82636783 0.67330991 3.17686276 0.04421180 0.18334926 0.83876176 0.09422161
54.16302786 8.08217366 4.76639314 0.08525563 0.07492384 0.33211581 0.08311986
21.83752253 7.78953620 1.06979624 0.06381288 0.18426051 0.42618101 0.37882324
51.24381532 9.47095572 3.55971335 0.07668916 0.05683613 0.13368685 0.46991446
57.56614101 8.90120859 3.48702366 0.06069606 0.05844587 0.36857425 0.22973809
55.14290492 9.15101169 4.26886808 0.06987773 0.05772248 0.37890125 0.72842296
53.35912166 9.40451056 3.87230482 0.06824443 0.05236637 0.19136149 0.54827450
54.01625582 9.03168075 4.45421390 0.07300444 0.06416642 0.67160968 0.39089569
43.04633040 4.18851784 3.57425742 0.05024274 0.10733255 0.57427280 0.74235438
56.22101924 7.70022845 4.81094992 0.06216108 0.06422681 0.18997000 0.47512445
59.46253358 9.81573636 3.83092217 0.07438885 0.07108765 0.23857797 0.52266869
21.51219916 4.61080673 0.85039000 0.03480749 0.06456571 0.07768989 0.04286678
27.47245808 0.48162307 4.03305004 0.07047208 0.05165375 0.56456052 0.76450713
57.24757251 5.77161193 3.67145629 0.01272611 0.17408612 0.05270080 0.09294051
51.61005630 8.48547994 3.74383794 0.05157067 0.06130711 0.50450898 0.28351531
29.76880624 7.30842884 1.18464249 0.03981191 0.11567766 0.35713249 0.46274107
58.69278893 9.19627315 4.50068928 0.06824885 0.06914745 0.54679573 0.55133633
55.12258508 8.69004209 3.96190256 0.05639764 0.06583593 0.33890774 0.34617202
49.90828177 9.69242866 3.50516773 0.07822344 0.07339706 0.20015876 0.53176148
50.40477086 8.49973351 4.55374958 0.08168049 0.06406095 0.66399890 0.57701748
33.51377466 8.38433178 4.71854655 0.05344004 0.09423188 0.48532176 0.80469358
25.57088074 8.90057671 3.76010111 0.04765860 0.10862939 0.07932435 0.76568783
56.43659380 8.31068159 4.00250484 0.07460174 0.07023014 0.38938451 0.23463760
21.25464420 9.17240508 4.46707979 0.07380335 0.07049942 0.02932844 0.75093177
58.77569192 9.76701113 4.69936474 0.05013060 0.05130697 0.54979992 0.49123624
55.05214289 9.50586210 4.14212097 0.06255803 0.05893527 0.44899722 0.60159106
56.73588107 8.71603870 4.58418782 0.00813502 0.17417306 0.86990079 0.14275054
43.74090854 8.28908245 1.77493094 0.02648162 0.15896801 0.70123600 0.57842258
