36.62692493 4.27359661 2.37052906 0.04215164 0.11235097 0.41567312 0.41567312
71.74154362 27.69175541 13.92166426 0.23507098 0.05280637 1.55166075 0.42083937
97.96896837 24.32184038 17.16895349 0.27661957 0.06110222 0.66930616 0.31630330
101.42793347 19.64576700 17.72082620 0.21746416 0.05699013 1.85072857 0.45249475
76.95204455 27.31070683 13.55641353 0.25342253 0.05100373 1.56220111 0.32892407
86.33554274 23.73686163 18.86587430 0.29166342 0.05453409 0.74186155 0.37602060
79.22064575 24.20279100 18.34535946 0.30188497 0.05744622 0.48866475 0.23632911
69.91209474 26.52972456 14.02395868 0.24370324 0.06479629 1.46068382 0.25666987
62.11553533 31.61167534 14.50893274 0.18138934 0.05499805 1.71208646 1.09629624
87.45522121 25.71318407 18.37516098 0.28723313 0.05438801 0.51070145 0.41961492
78.17618776 27.43894820 13.48417274 0.26239384 0.05105563 1.55912739 0.56306851
75.39708643 26.71912338 14.12426928 0.25584024 0.06003449 1.48892143 0.49565841
99.70515343 19.69192199 17.89512685 0.22273161 0.05448011 1.84785721 0.44000926
68.21375401 26.43505798 15.05037605 0.25331655 0.05095484 1.39377033 0.45184933
23.30850110 1.01058277 0.87220637 0.00918854 0.06240688 0.08271253 0.08271253
26.14583737 1.70573016 1.19140670 0.01621095 0.07304689 0.15364593 0.15364593
34.11487466 3.65814429 2.08792340 0.03593431 0.10293078 0.35287187 0.35287187
93.47930593 23.54457628 19.33120906 0.26480547 0.06299649 0.62659968 0.37935723
69.06618959 30.32701477 14.72102251 0.14885318 0.05711039 1.57957243 1.15182591
64.26276911 31.16438513 14.54752069 0.13510671 0.05619013 2.02553346 0.97500628
78.84580356 22.99771740 18.16071010 0.28758068 0.06861929 0.53994387 0.14060986
57.68069667 9.43177068 4.73907838 0.09425972 0.19130261 0.94201742 0.94201742
72.38089158 26.57760378 14.51930906 0.25843530 0.07588704 1.44216729 0.26191093
41.75579997 5.53017099 2.94752750 0.05484560 0.13158425 0.54389500 0.54389500
74.00894798 26.15068684 13.96001606 0.26571541 0.05562486 1.60604645 0.50901322
84.48282909 24.95685180 17.99358049 0.28360575 0.05567683 0.59201456 0.40730496
75.45655287 26.78043676 13.93658574 0.23617221 0.05410124 1.64131911 0.35229462
29.53686752 2.53653254 1.57289760 0.02460375 0.08576325 0.23842169 0.23842169
86.59171189 21.66246714 17.94076997 0.30337414 0.05433492 0.48960168 0.31782742
85.90570557 21.12530684 17.78321333 0.30220353 0.05838614 0.70662497 0.52807701
72.45499261 27.13729578 14.02022635 0.26773682 0.06723679 1.46750011 0.32065550
73.68136038 26.78856787 14.33606380 0.25925859 0.06488734 1.40313001 0.39345947
83.62768073 26.32874455 18.25771695 0.28663665 0.05645616 0.57357730 0.52669689
87.30707004 26.22983055 18.16281265 0.27857649 0.07153082 0.51013446 0.41638610
81.70782420 23.54312521 18.10859685 0.29177370 0.05518823 0.47497243 0.20386301
77.84544875 27.18331186 13.31743026 0.24016106 0.05347965 1.58741080 0.34430054
46.52344730 6.69824459 3.48388782 0.06664553 0.14946293 0.66308618 0.66308618
69.31133699 25.39731247 14.82167226 0.25754557 0.05429333 1.48753913 0.31942461
83.17156668 28.06408258 13.72565446 0.26144014 0.05745485 1.33471726 0.51423134
83.94882669 24.30343381 17.91409895 0.29204572 0.05191825 0.52087415 0.16590141
81.29330934 28.37453984 13.58852661 0.26809467 0.06861917 1.40328778 0.60426204
89.50218143 24.89717822 17.16634688 0.28498473 0.05280819 1.11148952 0.61981337
89.97295378 22.70176174 18.09707172 0.29251063 0.05126711 0.78844933 0.42897903
31.55926000 3.03201870 1.80041675 0.02960917 0.09334723 0.28898150 0.28898150
102.50823453 19.05028594 17.78797890 0.21581425 0.05869849 1.93087324 0.49021638
71.68977311 30.80291301 15.63928088 0.17152003 0.05054184 1.58289627 1.25712113
61.92480543 31.84922259 14.09031062 0.15333441 0.05076927 1.83848213 0.88955913
40.97017678 5.33769331 2.85914489 0.05290119 0.12863816 0.52425442 0.52425442
90.35690329 20.32510603 18.34675504 0.19680960 0.06171707 1.42393759 0.18864772
96.27917885 20.59764632 17.95094620 0.21280533 0.07001925 1.97466510 0.51401953
62.88061195 32.72472256 14.37389129 0.15802624 0.05936995 1.88318476 0.93497705
98.98368108 18.88092519 17.90848439 0.21037349 0.05144952 1.98467795 0.48584972
83.49763643 27.64171270 13.46548116 0.26179472 0.05024404 1.48992637 0.55790460
69.62276697 26.86552427 13.70517692 0.24751101 0.06774035 1.40102527 0.25309955
64.37735673 31.64856740 15.52902741 0.15300765 0.05189805 1.59636803 0.85906663
85.84766829 26.42688118 18.03718955 0.30084520 0.05675138 0.51852156 0.41774355
53.60220151 8.43253937 4.28024767 0.08416545 0.17600826 0.84005504 0.84005504
50.63278291 7.70503181 3.94618808 0.07681614 0.16487294 0.76581957 0.76581957
34.08871478 3.65173512 2.08498041 0.03586957 0.10283268 0.35221787 0.35221787
76.65484929 29.72320167 13.91686639 0.24370023 0.07347782 1.53488669 0.64177575
66.54793950 26.56438941 14.11709673 0.23407759 0.07675846 1.41791672 0.27464059
51.02498974 7.80112249 3.99031135 0.07778685 0.16634371 0.77562474 0.77562474
68.80556147 26.75582119 14.15318303 0.23727963 0.05852416 1.66192378 0.19406583
87.37127349 22.98427668 17.07061835 0.25240798 0.05849792 0.86681861 0.53820568
56.47291473 9.13586411 4.60320291 0.09127046 0.18677343 0.91182287 0.91182287
26.49977457 1.79244477 1.23122464 0.01708694 0.07437415 0.16249436 0.16249436
76.89638052 26.38271885 18.37800703 0.28486150 0.05498911 0.55113567 0.48389908
61.65747496 32.43110751 14.22977151 0.16659569 0.06068099 1.97977350 0.95274714
86.20894805 23.73085931 19.10737071 0.29317180 0.05633541 0.78849468 0.40595541
88.16419729 23.91756840 19.74277722 0.28693019 0.05258038 0.70240146 0.49699036
85.24293092 25.71687337 18.10569059 0.29091158 0.05430122 0.72142850 0.39731468
45.77711149 6.51539232 3.39992504 0.06479835 0.14666417 0.64442779 0.64442779
34.01152714 3.63282415 2.07629680 0.03567853 0.10254323 0.35028818 0.35028818
97.02017197 25.49701638 17.13524160 0.26844629 0.05493840 0.86369097 0.36152240
68.32626763 32.54669470 15.20568813 0.16552237 0.05455819 1.68233282 1.11677714
48.65705690 7.22097894 3.72391890 0.07192622 0.15746396 0.71642642 0.71642642
72.11974191 28.18940513 13.95956470 0.25145357 0.06472816 1.58100947 0.26475458
88.67589669 22.64348406 18.19679200 0.29263147 0.05348434 0.83072067 0.41301408
27.56262020 2.05284195 1.35079477 0.01971749 0.07835983 0.18906551 0.18906551
86.92716791 26.76380183 18.34191315 0.29000441 0.05358207 0.51857734 0.41903717
83.60637241 27.38744013 13.06189190 0.24249124 0.06965273 1.39253344 0.38022078
85.47908811 25.37125998 17.76871338 0.29796890 0.06456351 0.62717219 0.42726812
59.94851665 32.60821100 14.57777723 0.18256953 0.05454917 1.77787193 1.11341907
25.02892316 1.43208617 1.06575386 0.01344658 0.06885846 0.12572308 0.12572308
107.35277845 19.70489760 18.56004148 0.21374640 0.05203025 1.80613562 0.20340791
26.40280302 1.76868674 1.22031534 0.01684694 0.07401051 0.16007008 0.16007008
65.80526529 33.04629875 15.43508505 0.16757373 0.05747831 1.56253416 1.11316680
79.32448682 28.17331786 13.40696078 0.23458186 0.05375204 1.58044686 0.20980538
49.21934524 7.35873958 3.78717634 0.07331788 0.15957254 0.73048363 0.73048363
45.91151897 6.54832215 3.41504588 0.06513101 0.14716820 0.64778797 0.64778797
99.69494252 19.01268624 17.18231490 0.21882117 0.05910089 1.95246441 0.51809604
75.24633397 25.67799172 14.46675236 0.26687973 0.06559616 1.57694509 0.61610279
91.30364688 23.02560350 19.25056669 0.26753426 0.05278933 0.80260794 0.39208376
81.88290610 28.70123519 13.25974998 0.22952866 0.06114010 1.44568729 0.32460196
61.38386923 32.67213695 14.74580302 0.17564639 0.05339421 1.69800566 1.04533109
30.55354674 2.78561895 1.68727401 0.02712003 0.08957580 0.26383867 0.26383867
83.22105195 28.22512049 13.25135705 0.23813734 0.05321005 1.52426929 0.44453956
57.46587637 9.37913971 4.71491109 0.09372804 0.19049704 0.93664691 0.93664691
83.56970275 28.24544172 13.72759744 0.26092641 0.06246984 1.32033271 0.55311913
68.02787820 30.45386506 14.89244303 0.14782307 0.06161013 1.65245178 1.06411869
60.17778204 31.01223640 15.07686263 0.14163706 0.05360182 1.89083489 1.12453595
69.84993699 26.21873192 14.65248824 0.26561787 0.06403263 1.37486956 0.30311586
57.71244050 9.43954792 4.74264956 0.09433829 0.19142165 0.94281101 0.94281101
85.74808825 24.38465866 17.22234719 0.29476816 0.05020305 0.74919733 0.52307200
95.99045297 24.68707653 17.39995383 0.26931049 0.05592187 0.86009063 0.41144387
68.29450009 31.12397064 14.85985765 0.13306850 0.05692681 1.95824156 1.07021700
73.43378180 26.94815439 13.92505393 0.24252022 0.06497165 1.51037235 0.35979010
41.31263322 5.42159514 2.89767124 0.05374877 0.12992237 0.53281583 0.53281583
97.65020654 24.19223395 17.26061160 0.26729794 0.06877230 0.87204147 0.37317615
75.42126424 27.56336793 14.27315800 0.26032335 0.06274290 1.44625961 0.26173108
88.49287695 21.64069342 17.73608885 0.29554772 0.05253078 0.64460276 0.64504109
69.88066831 30.50209980 15.30642440 0.18707913 0.05349847 1.52844429 1.34114103
65.80739428 31.47420218 14.96012349 0.15439328 0.05618923 1.53122376 1.06977084
87.83795904 26.95619866 18.17902092 0.30306439 0.05410825 0.63284140 0.43821809
62.37727532 30.75756391 14.56508135 0.15079416 0.05483306 1.63855534 0.99909726
87.08159438 23.31877832 19.17973952 0.26432192 0.05607532 0.75706798 0.45469892
23.94395710 1.16626949 0.94369517 0.01076129 0.06478984 0.09859893 0.09859893
88.26939809 21.90127919 17.46901306 0.25975135 0.06515427 0.81788057 0.49244308
65.08401298 31.03681720 15.79616270 0.15417840 0.05265551 1.66128345 0.95930574
84.55404068 22.33358553 17.94552149 0.29806342 0.05340580 0.77803929 0.48373125
53.78783881 8.47802051 4.30113187 0.08462490 0.17670440 0.84469597 0.84469597
100.82156331 18.78250132 17.43475849 0.21580766 0.06094886 1.96748171 0.48061228
69.86649939 25.92610081 15.01425848 0.25516671 0.06243199 1.46994691 0.33388737
21.49036729 0.56513999 0.66766632 0.00468866 0.05558888 0.03725918 0.03725918
23.91352049 1.15881252 0.94027105 0.01068596 0.06467570 0.09783801 0.09783801
96.05887021 24.57670507 17.53316397 0.26100897 0.06337958 0.81861122 0.39646703
64.33236354 31.84636450 14.99241539 0.16364851 0.07131220 1.66451786 1.09663983
39.91947918 5.08027240 2.74094141 0.05030071 0.12469805 0.49798698 0.49798698
