44.74396329 6.26227101 3.28369587 0.06224131 0.14278986 0.61859908 0.61859908
82.13677843 20.38200997 10.37657029 0.13824709 0.06086992 1.68532936 1.05864191
88.24364271 20.33845049 10.61236226 0.12939663 0.06241979 1.70312908 1.06450591
25.94828575 1.65733001 1.16918215 0.01572201 0.07230607 0.14870714 0.14870714
71.90907795 28.43964791 11.73360293 0.07071001 0.05146081 1.44935119 1.26339272
93.18542651 23.12348281 10.63338410 0.16031701 0.07015688 1.79597352 1.36587553
44.39537903 6.17686786 3.24448014 0.06137856 0.14148267 0.60988448 0.60988448
72.10928266 26.62189062 11.92688589 0.07670837 0.05928254 1.53430163 1.07580481
106.44049242 14.14674268 14.43909325 0.18064145 0.05254129 0.15324334 0.59987906
91.83813968 18.44113217 11.96561688 0.17680081 0.06203200 0.92741650 0.63622282
95.35251605 18.13887755 12.02386372 0.18912290 0.05067953 1.11678294 0.63871038
116.09590882 14.00614252 13.51644835 0.16630976 0.06204892 0.71312779 0.46269738
104.66783748 13.90740630 13.94604333 0.17826463 0.06695227 0.18001931 0.57974643
93.63421816 18.15023916 11.89222440 0.17935325 0.06234757 0.94557300 0.71556967
68.27011066 24.90951735 12.75685023 0.10871097 0.06876462 1.53058631 1.42941928
109.98060818 14.25185480 14.25239729 0.15735233 0.05872354 0.59470308 0.59042862
107.10537576 15.48516204 13.23650577 0.15457125 0.05648326 0.29558592 1.04854947
57.69254393 9.43467326 4.74041119 0.09428905 0.19134704 0.94231360 0.94231360
106.75172053 13.51903848 14.15477902 0.19026370 0.05434753 0.12023159 0.58207619
90.56523683 22.04494097 9.77608296 0.14960818 0.05761222 1.65271158 1.26348575
55.64321984 8.93258886 4.50986223 0.08921697 0.18366207 0.89108050 0.89108050
42.40989591 5.69042450 3.02111329 0.05646449 0.13403711 0.56024740 0.56024740
67.94984475 25.07658022 12.38907434 0.09956566 0.06136482 1.56858813 1.11795936
42.51894007 5.71714032 3.03338076 0.05673438 0.13444603 0.56297350 0.56297350
101.22520622 14.61419803 13.39040254 0.17228836 0.06009340 0.29389557 0.63551664
34.45770085 3.74213671 2.12649135 0.03678281 0.10421638 0.36144252 0.36144252
27.67382640 2.08008747 1.36330547 0.01999272 0.07877685 0.19184566 0.19184566
67.50129856 24.91090727 12.58132670 0.10428199 0.05081228 1.38431137 1.26317583
36.94855024 4.35239481 2.40671190 0.04294766 0.11355706 0.42371376 0.42371376
81.01868454 20.26691167 10.73480551 0.13445837 0.05727844 1.65756886 1.09846872
109.98700887 13.89861188 13.68744463 0.19253642 0.05005545 0.22759012 0.48686809
79.39014351 20.38977536 10.86772457 0.13291493 0.06026646 1.67655430 1.06321334
107.94811456 14.04242788 13.84271822 0.17129247 0.05540745 0.10911971 0.51773536
32.09317069 3.16282682 1.86048170 0.03093060 0.09534939 0.30232927 0.30232927
108.60107431 14.22722159 13.47434010 0.15858469 0.05533117 0.55281050 0.49210172
89.18371758 19.37439415 10.63353431 0.14512863 0.06168212 1.52645635 1.29473824
88.45246463 19.58506821 10.84465413 0.13266453 0.06840956 1.75568868 1.07056294
88.73786702 17.96601577 12.10684090 0.17716248 0.06683240 0.99511174 0.66050053
91.75691359 20.38617517 10.33979588 0.18478069 0.05982922 1.13192907 0.69181472
110.68746922 16.07265338 13.22934942 0.17779345 0.05507439 0.50217008 0.52477681
95.76035483 17.28812949 11.95447007 0.17692819 0.06244107 0.96831411 0.54322955
74.01282805 26.55527358 12.62978438 0.09724103 0.05924568 1.48325793 1.24536085
103.69402532 14.39558538 13.93383794 0.17854473 0.05621166 0.09368365 0.57154192
107.31877280 14.03679592 13.51258280 0.16841808 0.05598191 0.53123297 0.45567088
69.28069536 26.47280042 13.10807241 0.07571506 0.05239700 1.48714265 1.23238693
82.74446941 18.95721309 10.32996939 0.17459593 0.05033187 1.29336113 0.68397865
65.22649700 28.81852525 10.88444139 0.09167715 0.05752893 1.52819715 1.15431859
83.85095382 18.75463058 10.42032489 0.18325066 0.05016394 1.25573898 0.71716108
65.95538017 26.26478069 12.08199546 0.09863814 0.05295453 1.58597060 1.16179094
83.47929977 20.85425349 10.50705656 0.13115604 0.06096053 1.84027451 1.15944665
91.31071165 16.71481093 12.29735747 0.18849342 0.05473020 1.01262774 0.30007551
42.85271149 5.79891431 3.07093004 0.05756046 0.13569767 0.57131779 0.57131779
82.67450890 20.51837751 10.62872918 0.13457057 0.07065990 1.81204230 1.13247037
88.79652947 21.51297839 10.53183820 0.14768855 0.07022562 1.74916231 1.38707806
75.45793276 20.14256913 11.07141142 0.14471138 0.05914988 1.77634224 1.08101908
78.82182351 20.41838512 11.06124869 0.14210379 0.05829772 1.71079416 1.13870578
101.86963132 17.62534718 11.12578762 0.19855901 0.05577161 0.80541694 0.51496641
48.70467049 7.23264427 3.72927543 0.07204406 0.15764251 0.71761676 0.71761676
106.30393568 14.47357975 13.98627075 0.18378220 0.06693173 0.24604757 0.50677946
93.59586733 17.15742629 11.71347521 0.18877892 0.06358173 1.05181829 0.62347537
82.10375870 25.20786963 10.65380153 0.10979625 0.05235383 1.39441602 1.27414777
78.30475274 19.56167447 10.75854115 0.13318675 0.05613344 1.71401216 1.01537648
95.76454023 17.90363697 12.40918535 0.18982958 0.05947892 1.08284730 0.45973781
49.44002255 7.41280552 3.81200254 0.07386406 0.16040008 0.73600056 0.73600056
53.61249693 8.43506175 4.28140590 0.08419093 0.17604686 0.84031242 0.84031242
93.81839572 17.73033930 11.87437706 0.17645240 0.06383842 0.93636450 0.61433572
107.46011578 13.63731714 13.82013200 0.15855811 0.05601547 0.47664633 0.55999214
42.30034374 5.66358422 3.00878867 0.05619335 0.13362629 0.55750859 0.55750859
74.96273954 28.07701595 11.48605142 0.07583569 0.05457006 1.62114388 1.13917796
88.11541325 21.16575785 10.47703724 0.15263550 0.06076395 1.73613215 1.32849475
78.89376795 24.70230406 11.06284997 0.10572645 0.06365005 1.36942371 0.94949047
106.71604633 13.97856548 13.98608991 0.18944447 0.06076726 0.21826620 0.53110101
37.30129324 4.43881684 2.44639549 0.04382070 0.11487985 0.43253233 0.43253233
87.01123217 20.07165523 10.44230058 0.15040680 0.05612800 1.50748062 1.36257024
87.17100922 19.38798608 10.69994890 0.14628284 0.06717966 1.69550485 1.10578526
26.64432273 1.82785907 1.24748631 0.01744470 0.07491621 0.16610807 0.16610807
39.54646728 4.98888448 2.69897757 0.04937751 0.12329925 0.48866168 0.48866168
80.41484100 24.67722274 10.82239377 0.10700053 0.06442331 1.48944159 1.20904714
78.57560315 20.33944295 11.29958565 0.13580504 0.05857361 1.71686615 1.04101462
93.22414355 18.24845962 12.03914641 0.20460027 0.06020912 1.12696733 0.62847441
67.70067028 26.71952837 11.66837698 0.08269127 0.06060747 1.50978381 1.07667142
104.08243960 17.03511844 11.45629195 0.19765366 0.05355678 0.93122902 0.60944764
85.08530834 21.20235531 10.61460272 0.16112731 0.07083422 1.73959783 1.33711790
106.13559234 14.26898815 13.93223468 0.19219858 0.06017785 0.15565489 1.11188348
65.87956266 29.30392321 11.68689678 0.09195092 0.05643594 1.50500878 1.12710072
107.72489082 15.05824595 13.80102523 0.16014850 0.05326620 0.59313200 0.54336052
41.65249103 5.50486030 2.93590524 0.05458992 0.13119684 0.54131228 0.54131228
97.07849995 17.71318244 11.74933005 0.18001542 0.05503349 1.00228375 0.59391857
58.91779893 9.73486074 4.87825238 0.09732155 0.19594175 0.97294497 0.97294497
47.47871156 6.93228433 3.59135505 0.06900981 0.15304517 0.68696779 0.68696779
89.96758141 20.26210799 10.52298421 0.15353625 0.05533427 1.44541800 1.25811682
59.78632530 9.94764970 4.97596160 0.09947116 0.19919872 0.99465813 0.99465813
88.81423923 17.03268836 11.70689733 0.17979102 0.05470110 0.92532895 0.59684635
74.10539054 26.77598877 13.25638881 0.08746210 0.06225972 1.44574356 1.33874630
51.56163822 7.93260136 4.05068430 0.07911505 0.16835614 0.78904096 0.78904096
112.31759098 14.50889684 14.11578328 0.16555439 0.05456189 0.51863539 0.52806085
29.46557107 2.51906491 1.56487675 0.02442729 0.08549589 0.23663928 0.23663928
68.36440810 28.83879999 11.14343395 0.09761696 0.05275430 1.37630247 1.16166097
25.20022277 1.47405458 1.08502506 0.01387055 0.06950084 0.13000557 0.13000557
105.45714616 14.48501325 14.41441457 0.15957433 0.05756372 0.55150450 0.58552922
89.17142072 19.83478159 10.46267977 0.12974165 0.05489958 1.73923756 1.14808626
92.27358920 20.01635029 10.37061940 0.18886357 0.06725746 1.16513979 0.69866304
88.99610636 19.87179658 10.16430719 0.14787855 0.06347243 1.51853504 1.32798859
23.43926180 1.04261914 0.88691695 0.00951217 0.06289723 0.08598154 0.08598154
23.12539252 0.96572117 0.85160666 0.00873535 0.06172022 0.07813481 0.07813481
50.61378144 7.70037645 3.94405041 0.07676911 0.16480168 0.76534454 0.76534454
69.44032293 25.51337568 11.68836035 0.10182568 0.06146546 1.57456337 1.19699307
82.81688146 20.42845066 10.33360935 0.17914759 0.05025330 1.23445175 0.78522959
90.70723736 20.52612576 10.58831792 0.18570333 0.06883344 1.01591413 0.68813335
110.76309363 13.91436959 14.03913359 0.18524376 0.05633174 0.20616694 0.43755759
33.23467470 3.44249530 1.98890090 0.03375582 0.09963003 0.33086687 0.33086687
104.89446805 13.40441900 14.42543944 0.17436000 0.06226084 0.19635839 0.60518656
109.81169799 16.25672110 12.73997076 0.17649237 0.05549913 0.36607477 0.88231958
107.90270770 12.61662687 13.73272799 0.17870226 0.05638156 0.13378704 0.53663190
70.59644376 24.99611480 12.70095938 0.10434772 0.05547115 1.42423140 1.24832680
96.36237894 17.15368260 12.58927271 0.18735349 0.05559826 1.15340685 0.29459405
112.01185427 12.92051700 13.65217905 0.19294326 0.05834795 0.20471586 0.51397841
68.25279026 25.49886464 12.15695737 0.08819113 0.05611063 1.68035463 1.17797345
111.78481504 14.22564152 13.14264219 0.18086211 0.06595513 0.48772037 0.65536985
23.41926082 1.03771890 0.88466684 0.00946267 0.06282223 0.08548152 0.08548152
92.66135736 17.45337284 11.93909590 0.18975151 0.07382364 0.92098859 0.68047819
24.12137100 1.20973590 0.96365424 0.01120039 0.06545514 0.10303428 0.10303428
21.67123391 0.60945231 0.68801382 0.00513630 0.05626713 0.04178085 0.04178085
94.92488741 17.47752379 11.59509601 0.18814598 0.06783172 0.93666813 0.51378375
24.29725782 1.25282817 0.98344150 0.01163571 0.06611472 0.10743145 0.10743145
59.33650209 9.83744301 4.92535648 0.09835784 0.19751188 0.98341255 0.98341255
105.37097582 13.22534530 13.46587822 0.19090652 0.05156344 0.11593307 0.99895862
107.47034338 12.97697327 14.37921176 0.18423094 0.05280901 0.28570800 0.52990648
