50.18411946 7.50271921 4.13993400 0.07678322 0.05039885 0.19675280 0.06027017
51.40728242 9.05935284 4.36551641 0.07794204 0.07497573 0.21398402 0.10698004
56.64438101 9.91330788 4.22219009 0.07410182 0.06423293 0.26903131 0.18776479
56.77018628 8.72815767 3.98869726 0.07059473 0.07042954 0.32927766 0.05765574
50.15505417 8.47747169 4.18621048 0.07409064 0.05780839 0.43840528 0.25140954
54.49707382 9.13821931 4.52943573 0.09817406 0.05560162 0.25532841 0.35801272
57.40325202 9.03244947 4.10019188 0.07422790 0.07264310 0.57668848 0.27700116
46.72938043 0.90765058 3.59794516 0.07656813 0.05795464 0.68063934 0.15789230
26.50686683 4.97335789 1.29305489 0.09566230 0.14063465 0.76770195 0.79107976
29.78625892 2.73694065 4.90276278 0.01427511 0.08894295 0.67148461 0.31776220
55.27285021 9.91125971 4.16051524 0.06566463 0.05483767 0.27539249 0.07166084
27.06038570 9.14524083 1.96806083 0.09549528 0.08532439 0.76932296 0.69892292
36.26698513 8.80659693 2.77963832 0.00893648 0.14098068 0.01624578 0.77063266
57.80278153 9.11217045 4.20741470 0.09530910 0.05847378 0.14599811 0.38680705
40.69493096 1.34577322 4.73349171 0.08228867 0.05513269 0.73141204 0.74272103
25.54178765 9.53231462 4.90803458 0.09769920 0.18290030 0.09517869 0.19040649
45.72811083 7.97635634 3.31811384 0.08894309 0.17652866 0.03530361 0.06122465
54.45025108 9.47992678 4.03193719 0.08869264 0.05684232 0.22845624 0.13599261
29.25376019 3.46512961 4.35561107 0.05925794 0.09792793 0.34302892 0.97382471
56.61638384 8.54452445 3.37400505 0.06138284 0.07932959 0.92778355 0.71371536
53.60142087 9.73306569 4.77737958 0.08354233 0.07133213 0.06198143 0.18044483
29.80540038 9.94889032 3.01556536 0.04744846 0.05108995 0.65641013 0.71180240
46.67881897 1.09863974 3.12454414 0.08561108 0.14700893 0.86739633 0.23933780
40.68455349 1.77411289 3.59458685 0.02667925 0.19612162 0.90900301 0.31411621
26.28767334 2.69830247 1.54078145 0.00319032 0.19722560 0.33584752 0.13335590
35.94652277 3.62211672 3.68339020 0.04051322 0.12965242 0.12573524 0.38645524
57.91672530 9.02235366 4.58367549 0.07783861 0.05631737 0.10708285 0.55753520
44.42950627 7.66899437 0.54968278 0.04407728 0.07943853 0.58225079 0.65243629
21.14798104 8.11898078 1.32930975 0.04577492 0.11696223 0.30151942 0.82666495
50.82858937 8.85118349 4.73094782 0.09769973 0.06955357 0.03135065 0.38177998
56.37524246 9.19518931 4.71000765 0.08902138 0.06251265 0.34580183 0.21323150
27.88461236 3.31285344 1.62070459 0.09955769 0.17513801 0.33444780 0.85699609
46.92632884 4.65073508 3.74530563 0.00588074 0.09101879 0.05336211 0.46059776
55.26447462 9.72907913 4.45302580 0.09543322 0.05385747 0.40553360 0.22612055
30.73559656 3.93737937 1.76745374 0.05685019 0.10963279 0.48030354 0.27805317
56.41212156 0.83688117 3.77360923 0.06748197 0.10524929 0.14033572 0.34897554
56.23816618 8.34400949 4.75473638 0.06264664 0.05024206 0.18745282 0.13604827
24.45844346 6.34336188 1.99621764 0.03126059 0.11280640 0.01132423 0.79618038
57.99028670 8.93847626 4.11701603 0.07163136 0.06559142 0.23529205 0.45889552
57.92098677 2.18818516 1.41861371 0.06606938 0.09343135 0.73571830 0.85415752
33.70310071 6.90726316 3.04818251 0.00116166 0.17997512 0.82104786 0.44257403
54.70861171 5.06036612 1.91205567 0.06857745 0.14420535 0.34436921 0.43817129
40.98871534 6.98441866 3.15828326 0.03813264 0.16474729 0.95197749 0.34936443
31.38210382 1.46279144 3.33450762 0.06512590 0.09854537 0.31590118 0.10691584
50.39622663 8.80173351 4.73304651 0.08738923 0.06574241 0.46041173 0.18001194
51.29241076 9.34205680 4.25450582 0.08056604 0.05700930 0.46881741 0.36860343
49.76473487 8.62875549 4.48995708 0.09531859 0.05946393 0.21227904 0.19112034
36.05989178 1.28011489 3.31749202 0.07845276 0.08857591 0.53156213 0.86719087
58.94119887 1.06925849 0.91408674 0.01039715 0.19400749 0.69661134 0.17608795
58.27226081 3.02458474 4.37103035 0.02842816 0.11949070 0.22436851 0.81421934
37.98122423 7.04417281 2.43767783 0.04865486 0.06331683 0.20438817 0.21399519
22.51216152 9.24810018 3.48214686 0.09524064 0.15791536 0.75711356 0.85030169
52.88447443 5.71357548 2.39934268 0.04349254 0.05095356 0.44364193 0.82741292
40.32665064 6.25356118 3.40719549 0.06709753 0.14511685 0.46712400 0.17461688
21.90286387 4.89420534 4.18826295 0.08176638 0.10420817 0.87276993 0.22499734
55.30168974 9.55927712 4.19320316 0.08617511 0.05433413 0.13768846 0.24107268
44.79424983 7.27025787 2.20121795 0.04906081 0.11012610 0.30651449 0.80176902
58.87862475 8.54944819 1.55226367 0.01667498 0.13687676 0.80356174 0.69041891
49.14263882 4.34478173 3.93759343 0.03702083 0.07383037 0.41851600 0.51369007
51.34400756 8.43617862 4.89467160 0.08054297 0.06144788 0.38906347 0.03962516
54.35916363 9.79396578 3.77155616 0.08208224 0.06501168 0.24940383 0.28686880
45.91869922 7.93224045 1.40187929 0.02239555 0.08559273 0.57137087 0.91114087
58.66422814 9.45999109 4.90821450 0.05979981 0.05866565 0.25010582 0.17890381
54.86429657 9.14634552 4.06012925 0.09547824 0.05151699 0.35143715 0.04070314
37.56400285 1.81911098 3.84721811 0.03960902 0.12221517 0.10365317 0.47813056
55.75879356 8.51181304 4.81659201 0.08002160 0.06090344 0.38265081 0.29674574
52.09068068 8.57408109 4.10162371 0.03390167 0.06620111 0.51074803 0.54408311
51.57001753 1.77124768 2.71869291 0.06946285 0.06248333 0.40977835 0.65329077
57.60908106 9.47335641 4.19893830 0.04803393 0.05107416 0.56733585 0.63948724
59.28380450 8.08681461 4.02893622 0.09595119 0.05119799 0.31653842 0.44803571
53.78106698 8.51585027 4.04763080 0.07499821 0.07384359 0.24449628 0.08675960
54.08561534 9.59170680 4.94821173 0.09195267 0.05666756 0.37215178 0.49362802
54.60746383 9.57928752 4.94661835 0.08579455 0.06492968 0.16480305 0.22791362
59.53108404 5.63294488 3.29199142 0.04685987 0.11186243 0.45558015 0.83751134
54.80162863 8.46351634 4.57959255 0.07254827 0.05498800 0.16963390 0.29831444
52.32808552 9.03548454 4.29631050 0.07869552 0.06640892 0.40686978 0.33233470
47.84506176 3.63313286 4.92830721 0.03126620 0.19268182 0.44182565 0.64511252
27.82290641 7.48858714 3.75774093 0.09889612 0.10676215 0.42410835 0.79752814
52.43516937 9.60960627 4.66803106 0.09238403 0.06267892 0.27209113 0.34097892
44.03651390 9.60643854 0.72352507 0.05201633 0.05372427 0.78590386 0.51955635
25.49665211 3.28769665 2.83558911 0.01508295 0.07270819 0.61313527 0.76317466
50.26798723 4.49594772 1.73234049 0.04932751 0.16836468 0.63434840 0.68215043
25.02215335 5.48041539 4.74245973 0.06512071 0.13849615 0.73612470 0.08100545
42.27725618 9.24523471 4.75087457 0.09980100 0.16619012 0.17521650 0.68582594
57.20905430 9.26858016 4.21205860 0.09952322 0.05536344 0.48783293 0.24655695
32.37126519 7.28988865 2.62150957 0.02463524 0.16132780 0.69540610 0.79692555
55.50910501 8.74929106 4.33356815 0.06596450 0.06928562 0.28949481 0.18889585
49.49815398 5.41577299 3.46774505 0.04685518 0.16308156 0.46258930 0.01159423
45.99804684 8.16932979 1.62031783 0.06711542 0.10658863 0.66983165 0.33380912
48.91854814 9.34563441 3.33481805 0.01313709 0.17127408 0.34168297 0.97022416
32.68539467 2.81869270 3.55416791 0.08599565 0.07865990 0.67875061 0.58638679
20.00660984 0.56351971 0.91025171 0.09103133 0.10352774 0.49860425 0.80143124
31.97503748 4.77995496 1.13385630 0.02726366 0.15263843 0.45486469 0.64482181
54.26989816 8.12377696 4.16229782 0.09857892 0.05943406 0.29258283 0.15760392
58.04879020 9.31846650 4.66711951 0.07123519 0.06357719 0.18597381 0.07704619
49.66036064 9.43622518 3.78977298 0.08447432 0.07663898 0.45490699 0.40709193
57.00955499 8.00957151 4.79944546 0.08880772 0.05713967 0.25486738 0.43888411
22.12472296 1.61126338 2.54816344 0.03331184 0.16483457 0.57693395 0.54158650
40.08993768 0.97049559 1.69132632 0.06660170 0.17846155 0.72332198 0.89737503
59.67342806 7.96900022 4.60514479 0.09356226 0.07177641 0.18247172 0.43071673
26.42795161 9.65268906 4.64331115 0.00537740 0.14527553 0.28372429 0.45523266
50.04983618 8.96836208 4.80705971 0.09224559 0.06058594 0.12890559 0.18701948
49.18170499 9.25918120 4.41537161 0.09754730 0.06495214 0.20819541 0.35731377
31.97399192 1.72192557 1.58441844 0.00507824 0.19889140 0.18016131 0.05380034
58.57205772 2.93315117 4.73482146 0.00331995 0.18517575 0.82234644 0.23982370
51.81908502 9.86977414 4.84051004 0.09021739 0.06145410 0.44154290 0.14708470
52.28833250 9.19885442 4.73594690 0.08218898 0.06170165 0.35386858 0.35940870
53.69625157 9.98312857 0.55409643 0.09101364 0.10552682 0.14187251 0.86311479
26.42936135 1.82715612 3.43527245 0.04473403 0.05533514 0.66332654 0.67099219
54.26723200 9.25204370 4.80915439 0.06324860 0.05410825 0.21658655 0.15163684
40.92765279 1.14661618 3.28251448 0.01561074 0.18520595 0.21403992 0.43874691
45.79248212 1.33884141 3.23058005 0.09435907 0.15178559 0.23365643 0.49956607
28.00655854 1.01286213 0.83761286 0.04552222 0.06786993 0.85212038 0.05761625
57.38775504 8.44729391 4.50125820 0.09557078 0.05390550 0.18528183 0.37007058
40.95000014 2.55262314 2.68907251 0.01705646 0.18120411 0.30974507 0.71514201
33.77918388 8.90224190 1.67692163 0.02340964 0.17658749 0.70669962 0.82642970
53.27229461 8.81214094 4.07690572 0.09851723 0.05852744 0.52221906 0.19873696
53.99754479 8.45657590 4.90272451 0.09792549 0.05127969 0.32244195 0.46121964
59.69783587 8.53303125 4.89150451 0.09424858 0.05605114 0.13145878 0.39914950
58.47052409 7.91717091 4.52447727 0.08959281 0.05830617 0.27008840 0.21859921
27.10545473 7.33948916 3.25911398 0.03111785 0.17894632 0.53386117 0.23997361
52.55916777 0.86644904 4.56634911 0.05744673 0.19557880 0.26212065 0.36086884
35.34932115 5.78605062 4.31864483 0.06815491 0.15852043 0.61896329 0.53696255
41.96359117 6.51744447 1.62906480 0.03214167 0.05229888 0.34894063 0.08640770
28.33568659 9.89889761 1.63597995 0.03347823 0.11611917 0.84880809 0.24247701
33.39670436 2.70346551 0.76685784 0.05863072 0.07619964 0.40586972 0.24679227
59.69469762 9.02482671 4.20417826 0.09599722 0.06746201 0.00944586 0.53740339
54.25197474 5.39943389 1.90967332 0.00404314 0.14656865 0.38087271 0.41884158
