55.10613388 8.39496006 4.34005148 0.08795168 0.17238034 0.87401901 0.88070599
59.94399265 8.58217554 4.82325238 0.09325640 0.18506093 0.91015433 0.87779008
49.60992059 9.61853303 3.74687114 0.09386309 0.19769267 0.72859148 0.84272849
50.87228199 8.54744006 4.41527959 0.08649016 0.18574212 0.95196948 0.81640280
49.85530500 7.95705394 3.57752438 0.07438897 0.16293675 0.82443481 0.82145219
51.60065599 7.94216072 4.05507380 0.07921162 0.16850246 0.79001640 0.79001640
47.70056091 6.98663742 3.61631310 0.06955889 0.15387710 0.69251402 0.69251402
57.24859995 9.34482259 4.78652612 0.09331679 0.18534629 0.89520501 0.78357599
48.58061055 8.13858621 3.89840056 0.09031018 0.17458640 0.83111085 0.85182725
58.16981390 8.72414236 5.19558064 0.09427236 0.18078477 0.77581431 0.93882497
50.25687762 7.16101872 4.10355272 0.07479815 0.16726239 0.76655848 0.76706049
48.97175296 7.33807686 3.85276619 0.06959385 0.14998694 0.62323889 0.77067274
57.32215625 10.08686874 4.90207598 0.09216174 0.18652730 0.92428617 1.03190602
43.86811158 5.63673666 2.85031456 0.05064857 0.13863339 0.56543638 0.57518321
46.52015383 7.33383204 3.59421841 0.07705199 0.14574164 0.72941004 0.80929501
51.48338473 7.28886061 3.56578111 0.07270699 0.15860720 0.71190929 0.76681004
48.93882543 8.56907411 3.81144762 0.08227067 0.15363702 0.61359700 0.78036467
51.62482007 8.52670417 3.88987416 0.09575677 0.15314968 0.79519086 0.80994470
60.18408323 9.19891200 4.24331743 0.08733870 0.17733839 0.80456927 0.79152442
62.80101445 10.00661998 5.15478423 0.01759868 0.05033742 1.05892684 0.99738797
20.85474450 11.09883562 0.50238806 0.00248028 0.05372516 0.96772527 0.07880620
59.51586167 9.69856451 4.68812337 0.10392589 0.18968863 0.96361809 0.94965388
55.96809486 10.01977623 5.27547608 0.08826128 0.19197719 1.04585456 1.01330529
51.16210285 6.96525892 4.09373330 0.07590501 0.15158672 0.74916656 0.70409818
50.43518047 7.45412179 3.75672575 0.07216892 0.15908428 0.69149338 0.89566651
56.84986191 9.19273647 1.12977221 0.09649678 0.17572421 1.07693381 1.01444871
60.81213230 8.92769383 0.75598396 0.08662454 0.05814963 0.90700707 1.04587225
54.95168956 8.42722249 4.51885492 0.08186788 0.19240079 0.93177354 0.89177727
50.33756024 8.10529066 4.07077261 0.07622204 0.14685222 0.64758258 0.77447626
37.53740991 4.49666543 2.47295861 0.04440509 0.11576529 0.43843525 0.43843525
50.31828930 8.84713876 3.72820424 0.07660375 0.17043387 0.77387098 0.78563869
54.40278594 8.72916074 4.20140342 0.09360096 0.17058950 0.85061524 0.76761436
52.31345780 7.81654583 4.52956776 0.08841496 0.17955422 0.83868219 0.78897411
52.73903232 8.22106292 4.18314114 0.08202910 0.17277137 0.81847581 0.81847581
53.99051952 8.32978746 3.88964561 0.08669727 0.17038595 0.81705931 0.83592338
59.13757789 8.99212277 4.92105574 0.09817984 0.19210059 0.95835050 0.90596597
57.97524556 7.94875127 4.28938812 0.11074227 0.17894412 0.92265317 0.86103773
48.44464316 8.29374530 3.80926940 0.07208530 0.16292613 0.79522305 0.70474674
54.86676223 9.33652220 4.40803621 0.08746535 0.16532368 0.84437723 0.81422095
53.92713316 7.64319040 4.08679430 0.08550854 0.17774823 0.82332292 0.70845376
56.61307173 9.21442211 4.54568372 0.10444657 0.16927559 0.73544781 0.85505968
52.74618678 10.19960727 4.40277193 0.08863590 0.17502716 1.03978548 0.94632975
47.34955251 7.21767214 3.77491493 0.07172781 0.16745380 0.81762349 0.75450073
53.00710565 8.99254802 5.05062089 0.08945089 0.16109228 0.86015814 0.94510062
60.46535795 9.34779393 4.58018826 0.08393748 0.16562830 0.72138161 0.84418056
50.41322705 6.95346394 3.99949745 0.06547890 0.16379710 0.71899520 0.90341856
46.16458637 7.38088336 3.99557370 0.07439379 0.16579245 0.84075047 0.82888023
44.06017985 6.09474406 3.20677023 0.06054895 0.14022567 0.60150450 0.60150450
50.19965189 7.87717357 4.67907505 0.09113866 0.16126316 0.74296358 0.63717618
53.33200870 8.00286170 4.38399939 0.08248207 0.16458663 0.78179065 0.75900086
55.40524570 8.64058837 4.32037120 0.07350446 0.17034161 0.75965048 0.78000280
60.65487739 8.43033649 4.13863563 0.09516997 0.17914856 0.84290303 0.80826265
58.46007113 10.48999758 4.67866125 0.08348387 0.17898378 0.88176007 0.88375091
57.26118685 9.18846883 0.91439819 0.10115808 0.06845180 0.90876815 0.86491253
50.91826775 9.19190564 4.61910850 0.08311256 0.18359577 0.97067157 0.85404376
52.82939211 6.63939130 3.65227542 0.07409554 0.14741678 0.70109555 0.65639050
58.01239538 8.74548809 4.59721614 0.09118884 0.17690999 0.86828637 0.91021960
61.53697400 9.88596739 5.28920354 0.00877262 0.05028822 1.12055634 1.00392003
56.24589328 9.31449393 4.73889994 0.08704913 0.19466197 0.85143572 0.89190523
42.62526425 7.28973460 3.42827061 0.05531768 0.14808222 0.62813067 0.64273119
53.83108513 10.23175095 4.20710264 0.09280430 0.18290623 0.81230427 0.91629514
59.83988300 9.03880418 4.29670454 0.10333871 0.18131948 0.96199049 0.81965824
51.87274695 8.00882300 4.08568403 0.07988505 0.16952280 0.79681867 0.79681867
59.66123680 9.76310251 5.25944742 0.10641195 0.20474094 0.99289249 0.96444693
46.01189232 7.54573203 3.36651478 0.06997790 0.16904305 0.77300340 0.73802504
60.35673523 9.41642098 0.81245084 0.09052121 0.06067627 0.95657360 0.99047181
50.40299840 7.28385503 3.87535395 0.06817219 0.16844659 0.63377035 0.74704615
65.10468776 9.32563428 4.77724624 0.09189914 0.17495632 0.05871198 1.05233096
54.58680257 8.63443464 4.49532887 0.08509826 0.16913630 0.94379709 0.92454221
65.33127740 10.26605503 4.90493586 0.10743247 0.06290639 0.93405661 0.97075090
48.79978308 8.64221059 3.96560700 0.08231325 0.16041654 0.82697812 0.83095412
50.90385041 8.00805606 4.36866389 0.08304146 0.17912560 0.86121690 0.84996075
54.71397308 8.33441265 4.13091403 0.08350265 0.17095451 0.76316832 0.84603165
51.50983334 7.23230655 4.12542773 0.07889262 0.16898898 0.75041709 0.84824813
47.69514350 7.36187870 3.98733564 0.07541550 0.15946067 0.67264555 0.81057855
58.81614910 9.70995653 4.86681677 0.09706997 0.19556056 0.97040373 0.97040373
50.14063394 8.74961885 4.70269138 0.08873367 0.17141902 0.80980475 0.93307282
49.90742941 7.00883438 3.86769395 0.08377967 0.17685328 0.74594892 0.68877819
48.07774313 7.41968992 3.58940701 0.07071874 0.15920382 0.66501275 0.79522194
55.19929952 9.15637567 0.78488312 0.10502263 0.19235210 1.01485031 1.01857412
47.40973430 6.82192439 3.44224400 0.07245306 0.14575109 0.79391970 0.66953710
51.83319221 8.85061851 4.57128931 0.09316048 0.15840397 0.81820592 0.71593853
50.89717481 7.64207712 3.45163664 0.06762978 0.16418952 0.71894448 0.80845331
51.24175957 7.85423109 4.01469795 0.07832335 0.16715660 0.78104399 0.78104399
62.16395822 11.82273454 4.93041321 0.10992214 0.17815130 0.03556754 0.99591333
42.26300601 6.01985663 3.40867144 0.05819969 0.14225812 0.73892963 0.64599347
48.62172649 6.54724165 4.26774441 0.07350557 0.15822910 0.78431993 0.75067941
47.46890362 7.41035402 3.93259072 0.06464275 0.14841427 0.81815521 0.71502291
53.65904887 10.03216124 4.32148205 0.09600698 0.17031013 0.73323299 0.84601705
49.49087171 5.80179889 2.81358003 0.05312014 0.12573653 0.61842180 0.56587844
28.74793576 2.34324426 1.48414277 0.02265114 0.08280476 0.21869839 0.21869839
55.31892361 8.45589965 4.54578952 0.09341098 0.18281474 0.87950306 0.96748381
41.08198212 5.36508562 2.87172299 0.05317791 0.12905743 0.52704955 0.52704955
42.35253831 6.49243965 3.09037510 0.05486899 0.14756756 0.56282905 0.45853905
59.26177518 10.02966100 0.88300641 0.10932956 0.19073248 1.02656802 1.00523240
50.12796791 7.96381620 3.83637003 0.06261180 0.16167568 0.77677503 0.70831809
48.05105604 7.48027347 3.88926540 0.07494331 0.16019644 0.78006271 0.78578738
51.59401327 10.09065466 0.52904539 0.10028608 0.18288869 1.04387729 1.06097961
56.12461677 10.21456343 1.05832507 0.10132924 0.17789856 1.03737266 1.05664432
58.72462724 10.16941754 4.88892129 0.09898116 0.19140218 0.88401874 0.85122419
55.56432409 7.93978955 4.61669844 0.08668694 0.17263730 0.88889178 0.85556356
60.89204823 10.34464913 1.02277429 0.10074396 0.17091528 0.97582544 0.96413663
56.83374138 8.47283043 4.08027013 0.09868294 0.17152024 0.82447025 0.85343279
50.79978805 7.42676424 4.11740494 0.09303519 0.18420283 0.74923994 0.84958646
55.29076675 8.21627238 4.03000912 0.08044264 0.16458229 0.82041247 0.87836192
49.35717076 8.09330177 3.89344397 0.07849631 0.17564536 0.71776375 0.83312799
58.27022058 9.12829745 4.49563558 0.09078136 0.16021750 0.74373630 0.86686923
54.76669992 7.98552777 4.43166816 0.08954529 0.16700027 0.81712563 0.72599415
50.30135772 8.07662117 4.14941865 0.07987570 0.16564170 0.73056434 0.88777102
56.39041670 8.77056699 4.22947144 0.09239530 0.16768838 0.88356810 0.86338867
60.02459431 9.37640721 4.87243764 0.10876753 0.05552615 0.95693999 1.04053533
57.18814822 9.81080458 5.17124858 0.10168297 0.19217195 1.19487781 1.11684555
43.74386815 7.40380833 2.92883595 0.06502343 0.14230271 0.63695238 0.67359067
54.12544698 7.89780938 5.03200734 0.09882923 0.18364416 1.02283375 0.88173119
64.57029978 10.03017845 5.57400426 0.09457000 0.18230316 0.04114544 0.97802335
56.71434474 9.33562169 4.81901763 0.09387567 0.21101049 1.03230541 1.02257622
54.13711736 8.20156692 4.39846290 0.08495268 0.17130518 0.77940020 0.86737407
56.31290708 8.97503591 4.23406082 0.09534940 0.18094344 0.83002140 0.82057136
53.00256043 8.88156351 4.28229340 0.08609204 0.19083168 0.95576582 0.90043738
53.91795665 8.19344700 3.81888042 0.09288901 0.17501845 0.91253207 0.76602838
50.71409757 7.75915426 4.39412390 0.08679407 0.16918470 0.71053716 0.89399994
53.81739217 10.66040567 0.75339594 0.10441480 0.18223351 1.17212819 0.85979773
61.48953571 10.11449691 1.09478927 0.09774350 0.19152885 1.10059976 1.00020917
53.57067514 9.31597724 4.39905104 0.08727311 0.17968374 0.71710290 0.92277096
57.86977129 8.63086820 3.98809025 0.09514811 0.18424084 0.94567069 0.90300396
50.92477947 8.61496889 4.26715962 0.08691094 0.18952931 0.86787913 0.84289426
53.77414649 6.96420562 3.92937463 0.08418971 0.16470017 0.80005132 0.81442546
51.31170766 8.39639585 4.82241487 0.07869610 0.17699106 0.64718738 0.78007779
