81.62865654 18.91282196 9.94873142 0.07375584 0.06390143 1.35364667 0.92252756
104.47270146 12.60631143 8.99715777 0.13859019 0.05784249 0.65311327 0.64585177
54.51081294 8.65514917 4.38246646 0.08641426 0.17941555 0.86277032 0.86277032
42.36550563 5.67954888 3.01611938 0.05635463 0.13387065 0.55913764 0.55913764
90.46954853 15.97941293 8.45214922 0.11407777 0.05500089 1.47751057 0.89418468
58.58009491 9.65212325 4.84026068 0.09648573 0.19467536 0.96450237 0.96450237
85.64236067 17.74952063 8.65889726 0.15022338 0.07293540 1.52369586 0.65215291
84.22849097 17.98998761 8.86397773 0.13786811 0.06635874 1.47604774 0.79256688
101.72114254 16.92869700 8.47734489 0.16190669 0.06644333 1.19462575 0.98349727
38.32955012 4.69073978 2.56207439 0.04636564 0.11873581 0.45823875 0.45823875
71.17294549 19.66335481 10.35602379 0.04860247 0.07284916 1.42462804 1.04103204
95.34888880 15.57304744 7.72160240 0.16047598 0.05521862 1.48784836 1.03284025
43.63257481 5.98998083 3.15866467 0.05949062 0.13862216 0.59081437 0.59081437
72.02486358 24.42247197 8.82494058 0.05426226 0.05285549 1.16032164 0.94121865
100.54646278 11.78072499 9.95595736 0.12834506 0.06388530 0.62573601 0.56699097
106.44747951 12.94378956 8.83203773 0.14674303 0.05196080 0.59004480 0.56335310
37.40058098 4.46314234 2.45756536 0.04406644 0.11525218 0.43501452 0.43501452
97.88406695 16.43536523 8.60493066 0.16221097 0.05166792 1.39555077 1.06166552
95.31504227 12.56847606 8.41622239 0.17885121 0.07030680 0.74974332 0.88070138
100.43213009 14.23179025 8.82783524 0.14458427 0.06289938 0.62233169 0.59516965
75.12230540 19.28014382 9.77879561 0.07196500 0.05886060 1.37136559 0.97237828
59.14620752 9.79082084 4.90394835 0.09788686 0.19679828 0.97865519 0.97865519
78.01078434 19.65964819 9.84409329 0.07239289 0.05349718 1.72475302 1.21698433
75.76658060 20.48268515 10.10694091 0.06668310 0.05768785 1.54353130 0.92692086
30.95547972 2.88409253 1.73249147 0.02811481 0.09108305 0.27388699 0.27388699
26.22035460 1.72398688 1.19978989 0.01639538 0.07332633 0.15550886 0.15550886
48.83460403 7.26447799 3.74389295 0.07236564 0.15812977 0.72086510 0.72086510
32.81028567 3.33851999 1.94115714 0.03270546 0.09803857 0.32025714 0.32025714
104.56838354 12.32751534 8.90877061 0.14448476 0.06039496 0.64116195 0.53107923
20.22977541 0.25629498 0.52584973 0.00156869 0.05086166 0.00574439 0.00574439
96.66855992 16.56662770 8.38217497 0.13632674 0.05631605 1.43346395 1.09290823
37.95364711 4.59864354 2.51978530 0.04543528 0.11732618 0.44884118 0.44884118
85.11697962 16.24350364 7.78942410 0.14110764 0.05998296 1.52675682 0.89001438
88.15136590 16.89352303 8.65296980 0.14213954 0.07075431 1.47786854 0.71980791
48.99239125 7.30313586 3.76164402 0.07275617 0.15872147 0.72480978 0.72480978
81.52024113 18.38729721 8.23553529 0.14353010 0.05337480 1.47181848 0.92816414
32.73685081 3.32052845 1.93289572 0.03252371 0.09776319 0.31842127 0.31842127
85.24945191 17.88879496 8.51860490 0.14104263 0.05217457 1.13510364 0.91908260
82.61531694 18.16788967 8.88920469 0.14758142 0.05584287 1.48516618 0.87534928
90.28523238 17.56704955 8.65890678 0.13552417 0.06838267 1.51838896 0.73807651
73.02262221 23.01035058 8.80462183 0.05284685 0.05492432 1.20293778 0.92221407
78.97530050 19.61754511 10.26464173 0.06818855 0.05665726 1.71344796 1.11976119
75.61214555 19.67423258 9.93379875 0.09613996 0.05285080 1.80419761 1.05022538
73.98026986 22.06626900 9.66159387 0.08239112 0.05223012 1.62777507 0.85434944
83.94640070 16.96082048 8.32289436 0.14034034 0.06876873 1.51360990 0.80976986
107.06362676 10.58253947 9.15104390 0.15025171 0.06311134 0.75185558 0.50639500
79.27185113 17.33410656 8.46587412 0.13204519 0.05404451 1.46182342 0.86121684
86.24389315 17.26566769 8.52390583 0.13562176 0.05449800 1.41162399 0.86308515
73.93409764 19.03729624 10.38444490 0.06974877 0.05980461 1.50985188 0.90115751
23.59385033 1.08049333 0.90430816 0.00989478 0.06347694 0.08984626 0.08984626
79.40056343 17.40566240 8.23844105 0.13645265 0.05186543 1.50812417 0.93864289
44.89639241 6.29961614 3.30084415 0.06261857 0.14336147 0.62240981 0.62240981
76.38480597 17.30466907 8.39437649 0.13450428 0.05941130 1.48410180 0.92108252
101.46795554 12.12560491 8.91557153 0.15625993 0.05693502 0.46437844 0.70349761
95.02065137 15.94634740 7.75060828 0.16083553 0.05760247 1.50709480 1.05830608
74.34365200 19.29838953 10.13424542 0.07424366 0.05054556 1.44322941 0.99633731
50.45699047 7.66196266 3.92641143 0.07638105 0.16421371 0.76142476 0.76142476
103.56636756 15.37233999 8.69578117 0.16057707 0.06554806 1.32681369 0.95494781
92.61397805 12.92701537 8.58561166 0.18098284 0.05940183 0.89446664 0.82861882
104.21060354 13.54120349 9.67014469 0.15469273 0.05027021 0.52175319 0.58612367
90.80845246 17.20618975 7.89160371 0.16098842 0.05288811 1.55645601 1.15899625
97.12439649 16.89449187 7.96017851 0.16074549 0.06574849 1.38275574 0.93410553
104.80662878 10.30381788 8.66947944 0.15095959 0.06651497 0.72121349 0.53157435
103.30554292 13.06201114 9.25750524 0.15637851 0.05634541 0.67377814 0.53449021
35.42708197 3.97963508 2.23554672 0.03918203 0.10785156 0.38567705 0.38567705
73.03767360 21.09017594 9.65877134 0.06951708 0.05030603 1.38846437 1.07812790
106.42013566 10.09889046 8.52965655 0.17452064 0.06246680 1.05789175 0.64446624
35.67403683 4.04013902 2.26332914 0.03979324 0.10877764 0.39185092 0.39185092
28.49105048 2.28030737 1.45524318 0.02201535 0.08184144 0.21227626 0.21227626
45.26955756 6.39104160 3.34282523 0.06354215 0.14476084 0.63173894 0.63173894
100.54740459 13.33639401 9.45503770 0.16273602 0.05106191 0.59743905 0.63234039
83.43137366 17.89621251 8.17077816 0.14335055 0.05097079 1.37214958 0.83576793
101.34161696 13.43543207 8.99767700 0.14067463 0.06097661 0.73567364 0.39891407
91.92988993 18.01937431 8.68838843 0.14022226 0.05258468 1.42735485 0.77790419
46.32206007 6.64890472 3.46123176 0.06614710 0.14870773 0.65805150 0.65805150
76.07482047 17.94792661 9.78218623 0.09647991 0.05860470 1.50375058 0.98603127
74.36670262 20.43186684 10.18076843 0.08532870 0.05184843 1.41780017 0.84716338
103.61859777 11.36699997 8.47054627 0.17695090 0.05942374 0.89006351 0.73824452
57.60337837 9.41282770 4.73038007 0.09406836 0.19101267 0.94008446 0.94008446
73.51209858 24.06208736 8.31551326 0.06242536 0.06541587 1.20103110 0.92040154
96.43539442 18.13696017 8.62461229 0.17350441 0.06890793 1.39171138 1.09923672
77.50501233 22.14113115 9.11107796 0.08283361 0.05906168 1.55709929 0.86149094
66.67250794 19.77241513 10.27807580 0.05389261 0.06078092 1.48862175 0.98929669
101.98996185 11.88702298 9.73757544 0.17055182 0.05564019 0.77545554 0.89685588
107.02841309 11.26027199 8.21328421 0.17403113 0.05518619 1.07160522 0.51615799
76.71564909 17.61777892 8.51691697 0.14339375 0.05271474 1.48672698 0.90601801
101.79633719 12.62379043 9.56065493 0.14183812 0.06408898 0.75949319 0.68547642
68.66613630 21.07955117 10.51983253 0.05541719 0.06263543 1.50143807 0.96496775
82.60127865 18.07841772 8.33188782 0.14065222 0.06103014 1.14821434 1.04645388
71.72235405 18.88692347 10.55306352 0.05279973 0.05134455 1.46025538 1.04766747
54.87040794 8.74324994 4.42292089 0.08730426 0.18076403 0.87176020 0.87176020
77.79615721 21.69568312 9.54548666 0.08217028 0.05514064 1.63662334 0.90988036
78.62026746 22.06391098 9.28224460 0.08521330 0.06404502 1.58609394 0.93649291
87.92322838 15.82017830 8.18914966 0.13962283 0.05281708 1.60432181 0.95675438
95.14217391 17.75716601 8.65704042 0.15963653 0.07137413 1.32969724 1.06414116
100.00606500 12.72246340 9.32604895 0.13699948 0.05954409 0.81569784 0.64767945
67.55606729 20.10391999 10.38238697 0.05115536 0.05594544 1.48086455 0.96067114
101.00130210 15.50351487 8.48767381 0.15986287 0.06771677 1.37602571 0.91136827
102.68155967 13.30117114 9.17151647 0.16042021 0.05738647 0.49248197 0.54092987
70.31704667 21.48760197 9.45188316 0.07015071 0.05026879 1.45944270 1.05998238
87.77119870 17.81815699 8.64950258 0.13778435 0.06468260 1.44423100 0.76952799
103.40361860 14.65949691 8.48555869 0.13313220 0.06143098 1.15985255 0.38207448
73.55004841 17.92390122 9.91600504 0.08433393 0.06261496 1.49779893 1.12920347
54.79871644 8.72568553 4.41485560 0.08712682 0.18049519 0.86996791 0.86996791
80.09099579 22.53605314 9.68692722 0.09198939 0.05057148 1.62694173 0.88022748
76.63120147 23.34322414 8.48509406 0.05544042 0.06037177 1.22364441 0.98061731
102.22069452 16.84742425 8.60662833 0.15910824 0.05862207 1.28999336 0.96324800
39.62733225 5.00869640 2.70807488 0.04957765 0.12360250 0.49068331 0.49068331
20.22410734 0.25490630 0.52521208 0.00155467 0.05084040 0.00560268 0.00560268
29.70792987 2.57844282 1.59214211 0.02502713 0.08640474 0.24269825 0.24269825
49.27729707 7.37293778 3.79369592 0.07346131 0.15978986 0.73193243 0.73193243
96.24047127 15.29124008 8.75737426 0.15501111 0.05393579 1.52899675 1.07717842
105.40421994 12.30376425 9.02333228 0.16687737 0.07298167 0.61145274 0.61448913
100.30606833 16.12458207 8.25001309 0.17140501 0.05475630 1.44550666 1.02975214
106.62272178 14.88540066 7.90667694 0.13738061 0.05693567 1.16247673 0.49066862
100.85536647 13.29938239 8.83825867 0.15188031 0.05846091 0.73586712 0.59939604
73.55046287 18.04481968 10.43420462 0.08051030 0.05625218 1.51529559 0.88402543
102.16999999 12.83034173 8.69920181 0.13249552 0.06261458 0.80598062 0.70949450
23.30332778 1.00931531 0.87162438 0.00917574 0.06238748 0.08258319 0.08258319
98.47109829 16.46547098 8.53778745 0.16187905 0.05830467 1.30576018 0.94282302
55.43019183 8.88039700 4.48589658 0.08868972 0.18286322 0.88575480 0.88575480
99.11850086 12.92099703 9.42917090 0.13644151 0.06386404 0.71629567 0.62152555
37.38107047 4.45836227 2.45537043 0.04401815 0.11517901 0.43452676 0.43452676
109.46891017 11.61844466 8.58163773 0.17462910 0.05703265 0.70498162 0.78467837
85.33306812 17.28303473 8.18519122 0.15201542 0.05307783 1.68380752 1.05380558
52.58633193 8.18365132 4.16596234 0.08165117 0.17219874 0.81465830 0.81465830
101.01029842 11.94811586 9.43618940 0.18319032 0.06826642 0.87883116 0.77762118
101.86527210 12.34631885 8.93436530 0.16751995 0.06168066 0.80757691 0.79563930
