34.43632239 8.42031558 4.22145100 0.06125424 0.13092560 0.66683197 0.75535182
46.49449127 4.60585496 1.59896954 0.03119515 0.07469993 0.32029016 0.15802195
45.17050537 6.04495507 3.35719844 0.09906006 0.10308327 0.28042349 0.35123711
52.58800174 8.90153060 2.95897430 0.07633321 0.05416677 0.12163243 0.56772378
51.97515055 8.36888905 3.08659891 0.06731470 0.05825373 0.46182294 0.19147209
59.84776888 6.15381471 1.83542289 0.09783422 0.19945316 0.84073401 0.29013650
41.22748063 2.46171539 1.13935473 0.06308230 0.17600980 0.53910523 0.59621696
52.46266571 8.61088360 3.37451789 0.05308578 0.05381982 0.62284126 0.45461189
57.61270621 6.69289202 4.89442073 0.03584454 0.10611630 0.48844010 0.90165058
52.99318985 8.56979887 3.30079766 0.05772002 0.05725543 0.26190521 0.91558471
48.37093912 9.03742096 3.52750095 0.07049649 0.05660000 0.36549064 0.35524877
49.72992645 2.77327420 2.78729116 0.00104429 0.13750666 0.92216517 0.73256100
52.81724449 7.95013222 3.99488806 0.04049206 0.05168040 0.12435820 0.91750300
58.39832055 8.89102724 2.69897642 0.04871622 0.05457653 0.44062957 0.64083988
52.66805493 6.45808664 3.49294486 0.05844875 0.06577308 0.44012554 0.28369394
54.88725198 8.53546066 3.31815624 0.05760372 0.05956445 0.42122418 0.50950350
50.17447869 8.76910849 2.72214529 0.06245750 0.05748153 0.16725825 0.45963221
46.63299768 8.11696834 3.93627044 0.06391179 0.05433853 0.23762388 0.09527815
47.33578999 4.55140459 3.98353615 0.03177870 0.08696277 0.51917926 0.64400912
47.13641517 9.27290115 3.74950712 0.05265733 0.06384734 0.20781694 0.81499246
45.00054939 9.81916513 4.17494459 0.06533261 0.05731179 0.10051505 0.72430781
55.23301028 8.53398998 4.68770087 0.05636846 0.06446885 0.11247494 0.87089140
22.04361530 2.08660956 4.69060737 0.06472440 0.19575423 0.17480380 0.61978563
52.43267462 8.92524068 4.04204554 0.04301241 0.05923692 0.22597162 0.85086421
57.84277610 8.74711049 2.68128445 0.05947444 0.07125292 0.56378392 0.29317216
31.92039915 7.27968474 2.82335252 0.02476935 0.11338154 0.43983428 0.70522046
27.15972896 1.30463692 0.74409821 0.03400120 0.19615257 0.48474264 0.03372210
54.81409089 8.11049615 2.80189247 0.04696674 0.06198768 0.60742807 0.43940353
56.55641980 9.48873104 3.47112582 0.05009819 0.05364340 0.25203241 0.70427228
58.85837752 3.37641581 4.02086581 0.06549697 0.17827064 0.88154791 0.02391745
51.70858491 2.97485350 0.55432844 0.04492834 0.05833973 0.61658371 0.46042410
57.49642288 7.51327140 4.00774413 0.03727298 0.06267957 0.14119786 0.69066759
51.94636291 8.62809018 3.33437736 0.06034077 0.05373745 0.34835698 0.47730279
57.90844742 8.05107449 3.67491708 0.04954330 0.05855791 0.09390426 0.42730945
56.42055924 8.97042102 2.72495849 0.05397893 0.05035863 0.38452905 0.65832896
50.35543965 9.62473216 2.78863434 0.04825822 0.05992952 0.55288986 0.37148660
31.16635767 7.44226903 1.73006395 0.08358584 0.12826424 0.08618185 0.21636174
51.37869696 9.20104891 4.12267851 0.03213630 0.05309589 0.33601508 0.47574941
54.80787623 9.04440478 3.89358094 0.04649154 0.07232877 0.00677641 0.58646648
58.86417475 9.11189626 3.41088663 0.05563846 0.05265912 0.30792376 0.72749735
56.99568826 9.43132625 3.53053055 0.05898536 0.06284006 0.59411248 0.31987201
46.47357505 9.35750780 3.41823869 0.06050679 0.06518513 0.27335728 0.67987588
58.44899468 5.36520632 1.69276598 0.04644164 0.17120361 0.50314549 0.13767215
43.47325145 9.55498195 3.99828586 0.06799097 0.05246524 0.11188689 0.81752851
57.45907770 8.43295692 3.00594128 0.05076608 0.05762426 0.43332602 0.69041058
56.20037852 9.33296470 2.97898705 0.05943017 0.06008918 0.48331964 0.65558619
52.37487328 9.63571947 3.08237424 0.04984014 0.05409117 0.63140439 0.30255373
57.74461860 9.15857004 2.87538177 0.05513505 0.05646773 0.38985176 0.45194394
56.57148918 8.95479964 3.41065969 0.06080055 0.07763105 0.57652266 0.28208231
44.59692437 8.95483997 4.13857049 0.09557048 0.05414390 0.64380130 0.54066296
27.84089268 4.47004546 1.78162484 0.08407760 0.05210388 0.99738168 0.00533747
46.43768293 9.48279314 3.16034360 0.06438292 0.06501141 0.17417071 0.56135502
49.69687266 0.58516407 4.69940508 0.05357166 0.13422919 0.11282401 0.73990585
44.51185639 9.95150856 3.90624078 0.05766620 0.07297116 0.10817630 0.76434303
51.11736779 9.17907734 4.96276354 0.03140860 0.06290208 0.39704033 0.59543270
52.88842857 7.91766747 3.46955227 0.04274967 0.06919627 0.60780723 0.17814083
46.37668588 9.42660200 3.21468328 0.05603843 0.05744513 0.08527783 0.45969214
58.87380076 9.91147950 3.39835129 0.04788262 0.05354190 0.13795644 0.72822309
46.95541714 9.33881274 3.97840194 0.04369935 0.06255486 0.23215887 0.38842371
47.09461170 9.52108768 3.78023133 0.04052256 0.05157153 0.17972904 0.73085551
47.71192788 9.23169129 3.59011494 0.04515809 0.05520942 0.36429420 0.62829020
50.07275540 8.96028860 4.17463289 0.06499180 0.05992471 0.38487845 0.32946649
34.48200997 2.27256092 4.97204746 0.04426745 0.09697930 0.97635300 0.98654576
57.59144752 9.50877602 3.35475970 0.04514257 0.05643986 0.26885381 0.86399667
23.25255103 2.80434139 1.46288848 0.00162125 0.07457571 0.50839617 0.37573310
54.74236704 8.31564461 3.17480796 0.04497363 0.07511635 0.57957716 0.19859651
52.66168343 9.38323780 3.91554142 0.05253972 0.05082104 0.52070222 0.24673774
38.06304095 3.21493799 4.40785626 0.02624783 0.08157178 0.12853008 0.01969932
58.79010861 6.64437034 3.13847660 0.05132032 0.13080433 0.49375871 0.61218229
52.60437020 7.55645264 3.26612066 0.05710040 0.05308167 0.37328622 0.50198565
58.16352898 7.60774313 4.10404278 0.04699036 0.06178810 0.16787274 0.80800117
46.29863695 0.58125480 4.11859619 0.03172023 0.08315022 0.93058614 0.17031335
57.12340911 7.76529211 3.55283319 0.04961928 0.06277708 0.16838302 0.73054370
57.27035638 9.00781042 3.62977082 0.06269219 0.05781467 0.59682256 0.38824917
26.85234095 2.47815118 0.60919335 0.06625326 0.18517107 0.22217637 0.39222931
44.76827527 8.77792146 3.98301573 0.05015937 0.05135539 0.24734675 0.15479799
54.39999048 8.15839072 4.52690027 0.03475137 0.05510239 0.30863861 0.57831837
45.60271522 9.93373779 4.36756201 0.05803531 0.05473272 0.90589637 0.60293115
59.81349179 7.64505440 3.12610484 0.05635978 0.05945966 0.41298871 0.46480420
45.35029547 9.34407677 3.60061744 0.05127368 0.05450923 0.25317734 0.72518888
45.93930796 9.56806599 3.57907864 0.06753505 0.06735654 0.25695583 0.71944425
55.95453178 8.47584118 3.61594319 0.06146705 0.05396805 0.28402659 0.83847020
56.37060908 7.64366216 4.12882433 0.05189851 0.06571719 0.30848234 0.76740367
54.78594383 9.33453712 3.22834616 0.07685812 0.06397161 0.11650609 0.57327697
27.52739238 9.43676835 3.88137546 0.07701100 0.17555036 0.43913875 0.70113120
43.52385649 8.31221500 2.01732875 0.09159939 0.08187387 0.69249458 0.35849560
38.61970440 2.02243921 3.54163139 0.07572784 0.13170111 0.33135653 0.58086635
41.43325646 8.78878356 3.14989357 0.01075487 0.13228368 0.00599768 0.99147610
37.02060300 2.44574059 1.59690530 0.03911945 0.17080751 0.60206800 0.93634447
47.11284218 8.92027386 3.14231655 0.05351192 0.05161297 0.38472878 0.45646514
28.72808242 6.52871035 3.22699577 0.00559160 0.15344029 0.89982329 0.72397698
43.68523546 7.75781161 2.93332098 0.03788696 0.13787094 0.72883695 0.20439184
53.81133433 9.43975948 2.89169599 0.04786213 0.05712665 0.52969854 0.42591261
55.50858081 8.47873418 3.29515580 0.06494888 0.05236164 0.53261198 0.14997209
46.64162593 8.90756087 3.55615460 0.03881156 0.05808331 0.24176062 0.27194846
53.21999500 7.34910782 3.58772656 0.05318117 0.08222589 0.60007684 0.25534062
48.85690418 9.85743356 4.09760036 0.06554086 0.06877840 0.10377997 0.70102982
44.98314839 9.92004435 3.42327748 0.04816851 0.05182066 0.27606625 0.44867221
58.22295066 9.31572936 3.07896335 0.04268850 0.05847310 0.17504065 0.69463482
56.24387402 2.38210876 4.82669885 0.01601221 0.07824652 0.44518977 0.43286009
43.47514277 5.59369819 4.99995465 0.07221809 0.07063991 0.70878581 0.01205086
55.72883665 9.25591551 3.31614392 0.04636096 0.05084424 0.75751111 0.34435742
49.17649448 9.94861804 3.24955835 0.06723620 0.06517056 0.14856964 0.63199537
54.90372447 8.73404523 3.44155843 0.05271342 0.06354291 0.16040486 0.64378233
58.12328436 9.46412000 4.58577164 0.03899846 0.05815848 0.07670174 0.82486815
38.64522021 4.18425357 0.68877083 0.06843449 0.07529166 0.38393831 0.78353564
55.60421889 8.25880744 4.17791700 0.03032486 0.05681458 0.12728913 0.67355505
58.04254007 8.05285593 3.31898347 0.03975881 0.06303626 0.08951662 0.56659757
45.39287752 9.74489041 3.52721963 0.04766770 0.05942258 0.37106542 0.40605396
57.97782459 9.81056004 3.73270430 0.04302121 0.06261728 0.20251135 0.68969680
58.90465433 9.53425278 2.97700157 0.05514229 0.05159662 0.41818657 0.44479374
52.81204205 9.39694897 4.13579665 0.05754868 0.06072019 0.39532592 0.33041261
48.19478777 8.68877590 4.11135151 0.04539554 0.06251652 0.15161428 0.77172837
58.27627212 8.09832375 2.37548452 0.01261849 0.07347634 0.33436497 0.67645896
42.00780721 6.42789719 1.36466881 0.06864308 0.17948187 0.15972134 0.11631713
58.34564036 8.92159089 4.03082809 0.04325071 0.05556249 0.01129871 0.39489518
46.71710271 8.85635518 3.82606736 0.05688972 0.05503057 0.16126238 0.48636952
21.77943756 9.54156998 2.97997536 0.04692091 0.13374092 0.38458548 0.34615100
53.21984638 5.48162051 4.21422383 0.08242863 0.18475392 0.30329395 0.02369903
57.80278574 9.10693106 1.29079334 0.02446512 0.08557936 0.03838857 0.07624948
54.77701452 7.20406106 3.49313868 0.06327307 0.05154981 0.52940687 0.32712591
38.13650217 7.15102151 2.62771043 0.07258195 0.17707724 0.40355122 0.99276574
59.98375212 9.78260377 3.12741788 0.05196759 0.05979725 0.46226293 0.93170591
35.32375897 0.61991924 1.92221767 0.09837055 0.15618782 0.68559528 0.38468715
35.80038368 0.33285387 1.75531897 0.00621078 0.14510839 0.63877778 0.42355402
31.29190922 9.95188784 3.98971056 0.01647812 0.14487802 0.98235316 0.84348179
50.85133221 9.42241799 3.56200277 0.07372416 0.05754302 0.38099553 0.52916837
53.77000228 8.75010553 3.32750690 0.06566367 0.05789248 0.57126971 0.37098694
