63.21028118 33.06182530 13.91420853 0.05993552 0.06045653 1.52916999 1.11914088
68.92798821 29.35402205 12.95728110 0.08072022 0.07241687 1.41876014 1.14441154
108.48778432 18.52816791 12.51068674 0.16859122 0.05707376 1.10368655 0.31457131
104.17008215 17.43741715 12.87551714 0.17969609 0.05055357 1.20150628 0.07984623
62.65837969 32.07157564 13.53222320 0.03184211 0.05688319 1.41152191 1.19650796
111.85432462 16.10187465 17.06555668 0.16739629 0.05559619 0.54870937 0.53119144
135.47519466 15.31965987 15.60522432 0.17225078 0.05647911 0.51933421 0.29822851
62.06387835 32.70022889 13.38815543 0.04533996 0.06653432 1.45102659 1.07971459
87.71784978 25.68539579 14.05549402 0.13437579 0.05331577 1.14855590 1.26615184
123.44052810 15.28858633 16.33067145 0.16545629 0.05160466 0.50304975 0.30412399
63.15783941 30.56269584 13.11029784 0.07946541 0.06206332 1.35394166 1.09925060
34.87386572 3.84409710 2.17330989 0.03781282 0.10577700 0.37184664 0.37184664
59.09178363 32.39937305 13.96092543 0.04556945 0.05919379 1.48944026 1.06044538
119.16298744 13.16899714 15.82575002 0.15368887 0.05850398 1.01359291 0.20791140
61.92031428 32.04298345 13.94641397 0.05423788 0.05648081 1.43475956 1.17358267
111.09821708 16.32359232 16.93983659 0.15475368 0.05565216 0.81703814 0.11353234
83.16459307 26.41986594 13.74056875 0.12945423 0.06965826 1.23338038 1.20416760
67.27644469 29.22302523 12.86723597 0.08070670 0.05339423 1.36845293 1.03736586
82.32310506 26.73057533 13.77421542 0.13218074 0.05590802 1.25762403 1.19311752
100.39632948 19.38237762 13.58540743 0.19804689 0.06868314 0.79457288 0.83299450
32.69690480 3.31074168 1.92840179 0.03242484 0.09761339 0.31742262 0.31742262
61.01150121 31.75412544 13.47154732 0.05048693 0.06843221 1.33988220 0.86670701
67.52599584 31.69240903 13.91026039 0.07009334 0.05021264 1.46963165 1.23304045
109.66847706 18.15734748 12.70089442 0.17883622 0.05109842 1.14455390 0.14121993
111.19412390 17.04491529 17.23678362 0.15676437 0.05696063 0.43310082 0.59671774
76.89627519 20.90490614 12.72090304 0.21920619 0.05312897 0.98727580 0.54895790
88.44078827 21.95864790 12.05216333 0.20106337 0.06003572 1.16131729 0.52161226
68.72022130 28.79883484 13.24897879 0.08379833 0.05320068 1.13413117 1.21947297
69.14965663 29.00404022 12.76650225 0.09000609 0.05722015 1.11570942 1.24481485
96.80741762 20.13219479 12.54701734 0.18814375 0.05299642 0.96660634 0.79075996
60.73104058 29.98602826 13.00048260 0.07570798 0.06788774 1.36960926 1.10381325
105.70666564 17.14107491 12.40397357 0.17741660 0.06105061 1.30324798 0.26203900
40.89702706 5.31977163 2.85091554 0.05272014 0.12836385 0.52242568 0.52242568
65.17554542 31.20628515 13.78627228 0.07332037 0.05960782 1.47837871 1.25004050
103.25814184 18.96608478 11.88954408 0.17288877 0.06192383 1.45090545 0.01912481
60.86078921 32.54351709 13.62735361 0.03722660 0.05445889 1.48244321 1.00121492
112.84908945 16.71888145 16.92439779 0.17223665 0.05172799 0.51927793 0.58539700
118.40577159 13.46738953 15.79642005 0.15637649 0.05947046 0.82505102 0.21087601
57.81220741 9.46399081 4.75387333 0.09458521 0.19179578 0.94530519 0.94530519
80.26285515 20.79583837 12.46343619 0.21382157 0.05969053 1.01481930 0.61017303
113.69731719 17.88785597 16.19995082 0.15568506 0.05670725 0.37547206 0.26387488
25.50173480 1.54792503 1.11894516 0.01461679 0.07063151 0.13754337 0.13754337
86.78858601 21.07871417 12.68509087 0.21391538 0.06678351 1.01588583 0.52638442
64.14670741 32.91750631 13.84725525 0.07666254 0.05880317 1.50310092 1.12513950
71.39106981 29.28380007 12.60893630 0.10593519 0.05138442 1.07513603 1.08589761
30.38748663 2.74493422 1.66859225 0.02670903 0.08895307 0.25968717 0.25968717
108.12833233 17.18769342 12.43415880 0.17447565 0.05789894 1.27025044 0.25807289
24.52046155 1.30751308 1.00855192 0.01218814 0.06695173 0.11301154 0.11301154
97.03090405 20.26142992 12.55803662 0.20172711 0.06550828 1.08957993 0.85282420
102.19427886 18.23689464 13.37359467 0.17573700 0.07313101 0.94689626 0.85010517
63.08635153 30.15504566 13.98429644 0.05185302 0.05065372 1.32405491 1.05925823
83.55694616 28.38838240 13.22159897 0.11852016 0.05146302 1.38678895 1.15999985
92.66661288 25.69051915 12.31963456 0.12371245 0.05884923 1.30842334 1.27320925
32.29489227 3.21224861 1.88317538 0.03142986 0.09610585 0.30737231 0.30737231
94.67374525 19.95447529 12.81397870 0.19607106 0.06071440 1.03052417 0.71141578
86.23067142 24.93584347 13.60470293 0.12667083 0.05943732 1.20339801 1.29583442
21.39922933 0.54281119 0.65741330 0.00446309 0.05524711 0.03498073 0.03498073
134.07129839 14.89429541 15.99480409 0.18242094 0.05752703 0.56606442 0.29881330
81.07198252 26.25302651 13.26940394 0.12707933 0.06376275 1.16442098 1.26543553
59.81571575 9.95485036 4.97926802 0.09954390 0.19930893 0.99539289 0.99539289
42.79993249 5.78598346 3.06499241 0.05742983 0.13549975 0.56999831 0.56999831
83.76366039 27.42635882 13.32826222 0.13214936 0.05788178 1.24781597 1.21212508
93.77444922 22.74382236 12.19285657 0.19953816 0.05971694 1.15840443 0.47244490
65.38318091 29.90711165 13.06494375 0.07194283 0.06164790 1.33772823 1.09795602
52.88098839 8.25584216 4.19911119 0.08238045 0.17330371 0.82202471 0.82202471
118.59638389 12.26746815 16.03676171 0.15529389 0.05890596 0.79175093 0.07482703
56.59494529 9.16576160 4.61693135 0.09157249 0.18723104 0.91487363 0.91487363
83.93166332 21.96341147 12.55326429 0.20018104 0.05253826 1.18012012 0.71270345
85.17097919 25.75134525 13.85867413 0.12459088 0.06220271 1.24672769 1.24307185
65.31725638 32.96756832 13.07932916 0.04985463 0.05278905 1.51032049 1.21999575
112.64639443 16.82136050 16.20223361 0.18068198 0.06920560 0.79062218 0.34510687
89.48329866 26.33906864 13.94772036 0.13453639 0.05067198 1.25377286 1.28827760
37.73636585 4.54540963 2.49534116 0.04489751 0.11651137 0.44340915 0.44340915
64.72991570 30.18111857 13.23771366 0.06707663 0.05748051 1.23544586 1.07700087
98.61206694 19.77181077 13.96033063 0.20746446 0.05012292 0.74154778 0.80740570
60.70536018 32.95997125 13.63575207 0.04498870 0.07490983 1.39818235 1.13074492
21.22722273 0.50066957 0.63806256 0.00403738 0.05460209 0.03068057 0.03068057
118.47327552 15.20294002 17.31781004 0.18097735 0.05595077 0.53439506 0.49327734
20.60693404 0.34869884 0.56828008 0.00250216 0.05227600 0.01517335 0.01517335
103.32730027 18.73729362 13.83382080 0.17601530 0.06676048 0.82015928 0.95254775
32.22298714 3.19463185 1.87508605 0.03125189 0.09583620 0.30557468 0.30557468
90.92403324 21.39260232 12.07181232 0.20951408 0.05383224 1.17930085 0.62050075
100.29595292 19.68600123 12.90724352 0.17934200 0.05576621 0.93210933 0.76553406
122.73578971 12.33287815 15.24539170 0.15449539 0.06656629 1.02613030 0.18373115
106.20752476 17.75976784 12.51147409 0.18890117 0.06318109 1.24420796 0.34504812
81.10554597 20.53249249 12.50942670 0.20575818 0.05634410 1.14240995 0.47052446
23.49220586 1.05559044 0.89287316 0.00964321 0.06309577 0.08730515 0.08730515
55.51601997 8.90142489 4.49555225 0.08890215 0.18318507 0.88790050 0.88790050
91.28032158 21.83790532 12.38098297 0.20618934 0.05443040 1.14260552 0.46505198
134.01466425 15.02887661 16.01476355 0.17058189 0.05072007 0.49937584 0.29969871
69.40098087 30.51467534 13.15904371 0.08688198 0.05303636 1.41468112 1.18423372
65.46480073 30.05108960 13.06102147 0.08209350 0.07011228 1.39122158 1.22710069
28.94037480 2.39039183 1.50579217 0.02312743 0.08352641 0.22350937 0.22350937
105.76566385 18.43877146 13.04362854 0.17495987 0.05919504 1.08341907 0.35190304
118.40568221 13.86264120 17.07478079 0.17675983 0.06476859 0.59316600 0.40454876
86.56037635 22.00069555 12.20274442 0.20547996 0.06130602 1.04096461 0.50590049
90.96489506 20.15024099 12.27930729 0.21727981 0.05091611 1.06310653 0.52187008
83.71961590 25.37103596 13.93365984 0.13292343 0.06813460 1.26947847 1.27496246
109.97845851 17.59000028 12.11560689 0.18300796 0.05793906 1.30022871 0.25884398
60.04599785 32.90580109 14.05400608 0.05664262 0.05696581 1.49659869 1.03699702
58.99992089 32.87379140 13.51101870 0.03565327 0.06638553 1.37330924 1.12831373
103.72846725 18.86073478 13.77449682 0.20722324 0.05831759 0.71619608 0.78276162
73.20720084 29.12529289 12.60100176 0.10641410 0.05215491 1.12745226 1.05247244
65.91996913 30.01662958 13.89168080 0.06785750 0.05695865 1.34713345 1.14343836
84.53192534 25.39956197 13.46746327 0.13116573 0.06525742 1.14464280 1.23373420
44.81711741 6.28019376 3.29192571 0.06242237 0.14306419 0.62042794 0.62042794
67.46775836 29.69467363 13.01120349 0.06953376 0.06497672 1.42431797 1.18898751
65.52741997 29.92951117 13.57610103 0.05727061 0.05396063 1.39136423 1.17091743
59.55431664 9.89080758 4.94986062 0.09889693 0.19832869 0.98885792 0.98885792
84.50209392 26.75259925 13.64833523 0.14007202 0.07002897 1.12350390 1.17470068
30.54925511 2.78456750 1.68679120 0.02710941 0.08955971 0.26373138 0.26373138
119.89970888 12.42448816 15.61247058 0.15555438 0.05017247 0.81998446 0.10331553
116.27245469 16.67593107 16.84403052 0.16660825 0.05698179 0.56916772 0.57001060
98.23433292 19.05025691 13.65681494 0.17874745 0.05950730 1.01803635 0.97413093
63.54000848 29.83389449 12.91658506 0.07882217 0.06298832 1.33160032 1.09791944
42.08813014 5.61159189 2.98491464 0.05566812 0.13283049 0.55220325 0.55220325
63.11966868 32.10356234 13.14368666 0.04708591 0.05961501 1.41771598 1.19352270
85.62118599 21.39350534 12.58317507 0.21598265 0.05982964 1.06004901 0.49504486
50.32848109 7.63047787 3.91195412 0.07606299 0.16373180 0.75821203 0.75821203
63.48295417 32.13721463 13.44223106 0.04663488 0.05050907 1.43194550 1.12619714
113.46243972 17.52602103 15.75634732 0.15591482 0.05292326 0.52476372 0.35811692
107.86362930 17.92416685 13.09571168 0.18176990 0.06219790 1.22260086 0.14057231
114.46408798 17.25376254 15.78951817 0.15315339 0.05569161 0.36017925 0.22208141
63.02835780 31.58473823 13.61069069 0.04980547 0.05316409 1.49712249 1.23856311
109.56681236 17.56374109 12.82993761 0.17885932 0.05441717 1.24783334 0.19735471
59.82039124 9.95599585 4.97979401 0.09955547 0.19932647 0.99550978 0.99550978
29.22406204 2.45989520 1.53770698 0.02382955 0.08459023 0.23060155 0.23060155
66.86021315 30.93035366 13.39324836 0.04916969 0.05151727 1.63144813 1.29597985
