48.97678887 9.14188343 3.70116647 0.04390031 0.05767645 0.37524248 0.68398465
51.35743777 0.22809420 1.87823672 0.02915942 0.14385826 0.52220874 0.35433468
54.36032022 9.85154809 3.10484979 0.07294759 0.05163724 0.62336076 0.40139720
58.18385168 9.03193321 3.60324834 0.04982817 0.06237752 0.29131265 0.67351748
46.52949862 8.10532043 3.61465402 0.06679777 0.05493777 0.37246382 0.46215084
41.26112185 9.99083420 2.96355419 0.04958667 0.17077291 0.22399388 0.03976571
59.59303607 8.92369404 3.20600681 0.06127902 0.06164435 0.57050369 0.32850066
55.89828470 9.65705001 2.84932603 0.06511567 0.05174554 0.38240178 0.71103288
35.27924350 2.23183138 4.72276280 0.02576928 0.07609453 0.21431431 0.85908589
53.54104848 8.14923328 2.88081535 0.06206204 0.06730215 0.36798869 0.54710239
52.73792764 8.83304437 3.91356398 0.05307607 0.05389425 0.17237548 0.86313695
57.83544274 9.97126129 3.33412042 0.04965930 0.05472174 0.22041670 0.39464306
55.58696831 9.47850840 3.04338082 0.06233263 0.05723665 0.58826835 0.44704794
46.91015037 1.72073568 1.01758714 0.09062045 0.05211129 0.31206452 0.14786168
55.42919840 9.01346552 2.98373699 0.05895633 0.05771193 0.41924519 0.62666859
47.67500464 5.11952418 2.49272763 0.00891803 0.14247301 0.23308284 0.20633618
26.83393169 4.74638499 2.53712581 0.02282502 0.18315208 0.69558925 0.94144649
56.53940098 9.35322676 3.04421290 0.03653024 0.06135674 0.14440177 0.71088799
31.10189077 4.07954405 1.05531434 0.01666866 0.06512253 0.00007251 0.00306748
20.34870437 3.60280388 2.38179268 0.07170359 0.19842955 0.11710137 0.06473750
53.64411365 8.47131081 3.18738671 0.07498059 0.05745030 0.09227076 0.59538914
26.74696785 3.71654900 4.88301471 0.08569364 0.12927557 0.44027864 0.24497690
59.37266843 9.59017897 3.57306465 0.05627821 0.05937536 0.62426510 0.40426021
37.95961382 1.07922175 1.58662606 0.05349273 0.15282010 0.10481496 0.38475872
43.51167984 6.93425985 3.16715951 0.08261525 0.19175393 0.68086863 0.68136649
54.92572403 8.58497893 4.57279209 0.03639929 0.06260285 0.23801814 0.57906027
21.73217307 7.71714485 1.03461931 0.07170824 0.06570672 0.55209888 0.92420688
55.30582400 9.25481087 4.07250834 0.04803948 0.05069547 0.25444411 0.87639440
28.00017740 1.99730454 2.92925876 0.04067727 0.08258952 0.63129665 0.12078526
34.14291761 0.60399437 2.09293370 0.03143283 0.06057053 0.12063155 0.22418378
56.68913816 8.89762463 3.50898529 0.04705590 0.05585498 0.23283612 0.79247151
32.80163762 5.27256007 0.83842915 0.03932945 0.10906135 0.49141084 0.48768108
55.87945686 8.86621172 2.84461981 0.06099665 0.05749477 0.55616420 0.31397867
27.40071736 0.79373832 3.49645949 0.09711022 0.17548800 0.95115945 0.75529128
53.70950402 8.21404240 3.55267283 0.05670791 0.06240495 0.18333201 0.83192894
30.04673096 8.53396783 1.94179485 0.08288324 0.12487088 0.23893554 0.27189742
45.58170068 9.24417645 3.41422203 0.04684403 0.05810059 0.60960411 0.25011565
46.69587029 9.10782764 3.62032884 0.05796682 0.06158637 0.25493706 0.46192273
54.18579018 8.51791783 3.52773679 0.05030396 0.05181838 0.17490203 0.72690033
21.89296785 1.33651998 1.10292993 0.04982975 0.19100078 0.97215356 0.25801285
56.89276379 9.16219694 4.08195017 0.04362884 0.06667899 0.16855342 0.73173594
29.22810396 8.81542057 3.88081010 0.04479529 0.14634065 0.39603715 0.61078869
27.45413075 4.52738145 2.59117633 0.01848512 0.19120464 0.77858259 0.79504546
21.86079738 7.41512603 1.87834255 0.00274503 0.05006593 0.38522933 0.94204616
59.20166354 7.92589169 2.92847386 0.05330831 0.06127135 0.36986779 0.41351077
46.41941235 8.21902709 3.05951415 0.06859733 0.06916510 0.55593000 0.49633445
20.18261872 4.97518247 3.87973053 0.06238546 0.16339137 0.14812086 0.51547183
55.58138000 8.60672711 3.14845181 0.06595228 0.05143607 0.42787273 0.68845317
31.33080408 3.25061822 3.15788379 0.07589589 0.06868446 0.44671848 0.19002698
53.98458292 8.83304189 3.11488937 0.05650778 0.05129769 0.16339469 0.92979588
53.86787069 8.34078591 3.81058873 0.05106525 0.06144067 0.02107576 0.84443967
59.32464941 8.33449807 3.45213477 0.05338125 0.05992765 0.50381323 0.54391305
45.30374019 8.68333477 4.06171858 0.08878088 0.05280204 0.66368018 0.60632195
58.87700503 1.10001276 3.09611911 0.09935512 0.07470359 0.03029530 0.22241811
49.11678449 8.95652702 2.86358128 0.07721766 0.05824137 0.17138745 0.55372965
45.49154411 9.54045324 3.72829690 0.08196254 0.06293955 0.33225361 0.41914514
59.85777816 9.79184824 3.52599273 0.03975532 0.06778040 0.17790530 0.61056081
51.32028625 8.96796698 2.82549979 0.07035484 0.05187937 0.56700461 0.16883682
51.90162205 8.48554118 4.14280667 0.02807414 0.05470105 0.27823962 0.44180801
53.03477628 7.53079353 3.44777178 0.06316147 0.06084284 0.57107719 0.40765778
56.12199040 8.34273518 3.42564608 0.05943970 0.06366358 0.74107661 0.39616540
50.72046983 8.84980966 4.71610241 0.03912445 0.06755423 0.50496360 0.62256512
29.56530451 6.77527732 3.38615925 0.09698987 0.10150890 0.96032279 0.25405050
21.11543073 8.28184382 1.96981087 0.04684972 0.16286041 0.49972099 0.43688462
43.55162026 9.69568778 3.33850948 0.04422111 0.05821445 0.26718253 0.45087232
41.27265892 9.07040836 4.15051175 0.09790988 0.05684313 0.62726539 0.55521782
51.36046825 9.27234698 4.07595530 0.02940325 0.06067171 0.09028657 0.71516222
54.84894711 7.00525166 4.61963633 0.02771823 0.06399407 0.33042221 0.63375511
48.81331264 8.90831332 3.00279408 0.08146563 0.05216476 0.06970034 0.52380298
52.79128138 7.61619585 3.47664910 0.05950726 0.06586451 0.28994572 0.90636072
56.88366049 9.01512803 2.73151969 0.05577128 0.05691068 0.50998179 0.46651939
49.80829105 9.05034333 2.81133520 0.06851484 0.06890473 0.06213538 0.54437112
36.44465740 2.61423685 2.59301465 0.04913605 0.09094407 0.72662171 0.85677278
51.24732157 8.81351045 3.91347605 0.04199263 0.05429018 0.61441855 0.29714422
24.44648312 4.57518777 4.04964789 0.05760946 0.09129986 0.18472990 0.49506817
58.09754360 8.31346617 3.64959603 0.06074797 0.06007321 0.14413752 0.83920754
47.41388270 9.39401308 3.19782715 0.07156104 0.05433355 0.45234146 0.52547638
59.11464831 7.48207535 1.81781672 0.07935240 0.05463529 0.45115284 0.65710677
50.40565570 8.57859206 3.53211929 0.05996483 0.06574140 0.21156757 0.82049241
24.72001005 7.97797851 3.51474137 0.06869075 0.08558846 0.63785749 0.71082800
56.57700072 7.11326828 1.57891650 0.03182497 0.16181277 0.10145305 0.96648842
40.27138930 3.09848869 3.75889856 0.03189860 0.11982089 0.60922250 0.08899256
57.94701998 5.01136209 2.09131559 0.08598675 0.10587318 0.72404766 0.26716075
51.83358836 8.56879752 4.98743398 0.03643375 0.05796946 0.55391564 0.59267971
27.07656325 3.50995696 3.43200675 0.03292505 0.09223221 0.21583551 0.43888239
54.67282225 8.42231770 3.74466033 0.05103860 0.06456488 0.28119132 0.79939562
35.47104981 5.75647753 3.47924384 0.01481066 0.10590016 0.62241002 0.65930998
32.07023726 7.73135442 2.01547328 0.03229948 0.06431629 0.70532998 0.45503496
59.81532470 9.39693160 3.23896472 0.04693840 0.05768331 0.19237820 0.66152026
37.99928348 2.70663583 2.43671629 0.01232683 0.17902083 0.24303474 0.52103477
52.24428681 7.47117492 3.88596498 0.06105758 0.06481777 0.19281338 0.72560717
38.23277732 9.99073812 3.64753715 0.04443203 0.05432485 0.19734572 0.35517470
57.91350690 9.55692500 3.12669867 0.05363986 0.05123479 0.41644089 0.46992390
35.04582319 0.26908650 1.31038119 0.00500701 0.06924593 0.79756983 0.35489192
51.92107065 9.37797089 3.92309193 0.06951850 0.05314262 0.33218085 0.41926067
54.70406681 8.92428506 3.08880330 0.06537248 0.05118380 0.41212082 0.52780584
54.49591413 9.52244745 4.02882620 0.03094010 0.06388437 0.31715151 0.48527362
24.47120794 2.67668589 4.32937736 0.07805078 0.15889815 0.71974662 0.27738286
28.41297761 5.76836503 2.50290108 0.07582147 0.19471432 0.95991779 0.44909050
42.50954439 9.04685114 3.89499475 0.07035642 0.06111876 0.20190093 0.11393960
55.04721473 8.92062841 3.57374568 0.07566303 0.05572609 0.44556203 0.48797487
48.24522069 3.25633649 2.83497596 0.04217648 0.15453927 0.92464579 0.70801395
51.37298312 8.71302389 3.14724291 0.05224552 0.06676984 0.54877171 0.25584724
49.10809865 8.75569843 3.26660528 0.04847412 0.05556494 0.51329184 0.45539366
58.35082555 8.37679553 3.05725708 0.05024347 0.06027759 0.19738693 0.86662200
49.73023334 8.95484267 3.42541242 0.05158505 0.05212235 0.30943419 0.43902186
53.83029447 9.33469684 3.58192739 0.05189812 0.05482921 0.54961319 0.27166518
44.30845587 9.13637902 4.13560279 0.08628294 0.06403739 0.65471032 0.51757327
58.29118718 9.37703790 3.35429071 0.04472602 0.05271101 0.19180055 0.62423854
56.26600087 8.18836021 3.15522054 0.05520297 0.05257817 0.10494719 0.91524318
47.79053516 2.45015705 1.12635406 0.04910467 0.16914524 0.61999397 0.66253033
57.98766224 9.58791910 3.25169941 0.05457026 0.05696418 0.22102754 0.65027425
39.94855247 7.84849788 2.93551168 0.09075544 0.15495328 0.77625464 0.59778273
22.37257528 2.04773822 2.87481082 0.07082063 0.12024658 0.54289557 0.58824618
52.81987960 8.13100816 3.57882990 0.04362565 0.05235483 0.29774162 0.65335962
52.20505577 9.09520397 2.62275464 0.06588666 0.05804215 0.11316342 0.61157027
42.65761100 9.86853359 4.56422875 0.07148113 0.05264331 0.21975258 0.73942093
47.02728194 9.57238312 4.31912109 0.06059618 0.06181136 0.08902943 0.71594690
53.69541984 7.74144218 3.90365567 0.03061908 0.05884861 0.21295450 0.57320080
40.39993639 8.71327975 4.43603584 0.08402162 0.11121497 0.38655101 0.02243096
54.79020556 8.61098334 3.52974457 0.05975317 0.05658864 0.28421303 0.87158084
30.66273909 9.39154486 1.98391722 0.03179543 0.10125030 0.12170433 0.20099797
49.71142971 8.77282433 2.77465276 0.06953767 0.05167167 0.54626804 0.19051484
53.93012693 9.41810015 3.71092553 0.06118180 0.06646227 0.24246417 0.82171029
48.52239506 7.40250914 4.03983226 0.05930685 0.05890253 0.16874922 0.05166558
50.62469712 8.50390052 3.88245730 0.04140673 0.05435520 0.23072260 0.46629439
24.73078347 0.52350237 3.77394120 0.09887728 0.13932110 0.24764999 0.25284323
51.39536683 8.62343005 3.48257224 0.06769574 0.05706108 0.67381817 0.37360759
