118.64447353 15.73068232 17.46615674 0.19511606 0.05386032 1.21944893 0.23090176
79.65887589 22.18663533 15.82969206 0.24384451 0.05090919 0.78186010 0.98171924
123.22302555 12.25596880 16.82461739 0.20577084 0.06842705 1.10509093 0.19069014
98.93756071 22.72162500 16.73557683 0.26847021 0.05779212 1.06061517 0.71330585
82.84003273 20.90015514 16.07021887 0.26697836 0.05836055 0.78275413 0.89727329
51.99061242 8.03770004 4.09894390 0.08017677 0.16996480 0.79976531 0.79976531
99.25275656 22.08296488 16.64078162 0.27024565 0.06609327 1.02368730 0.75442373
89.54703244 20.68211687 17.05135642 0.23723043 0.06201997 0.94271737 1.30303227
127.21352466 13.42467791 16.69110522 0.18289891 0.06370694 1.02232575 0.06412377
50.86612180 7.76219984 3.97243870 0.07739365 0.16574796 0.77165304 0.77165304
82.87574345 24.60657272 13.11849250 0.23054859 0.05759943 1.34979776 0.61120044
131.19997543 13.96376877 17.22662761 0.17907472 0.07145128 0.93717830 0.11302029
96.33808759 20.73070925 16.05974949 0.25411191 0.06759375 0.66777600 0.83035608
56.00407190 9.02099762 4.55045809 0.09011008 0.18501527 0.90010180 0.90010180
87.25183206 21.84178632 16.55406962 0.24966827 0.05256742 0.88268150 1.23434440
23.78009685 1.12612373 0.92526090 0.01035574 0.06417536 0.09450242 0.09450242
85.32315170 21.82658577 15.99636347 0.24545264 0.06295745 0.83711215 1.10090705
29.22137132 2.45923597 1.53740427 0.02382289 0.08458014 0.23053428 0.23053428
121.76337048 17.11302993 17.88632435 0.20260706 0.05154186 1.11364113 0.07385851
49.66607354 7.46818802 3.83743327 0.07442353 0.16124778 0.74165184 0.74165184
45.32186208 6.40385621 3.34870948 0.06367161 0.14495698 0.63304655 0.63304655
120.11243352 14.16862120 18.59167454 0.17169142 0.05266802 1.23710174 0.52444403
39.16209466 4.89471319 2.65573565 0.04842618 0.12185785 0.47905237 0.47905237
57.77727734 9.45543295 4.74994370 0.09449876 0.19166479 0.94443193 0.94443193
121.50294100 11.48525700 17.19239725 0.20708762 0.05705133 0.62256819 0.19826828
126.38298147 12.88490688 16.83934317 0.19832930 0.05037856 0.61802258 0.08254509
100.05628734 22.62453243 16.60703618 0.26342718 0.05548101 0.94278041 0.64358247
70.56104072 25.39270143 13.40502904 0.25857499 0.05486754 1.36748927 0.46661619
73.46028933 25.60673410 13.27270242 0.24803522 0.05961546 1.36957712 0.49263256
25.24022429 1.48385495 1.08952523 0.01396956 0.06965084 0.13100561 0.13100561
125.67909192 13.45084573 17.25195235 0.17430882 0.06072178 0.87967557 0.11680785
87.00131229 21.17764109 17.70562657 0.21869125 0.05174730 0.76969033 0.77588993
123.16569755 17.72739340 16.63696005 0.21064042 0.05167327 1.25792426 0.09874753
116.10486670 15.31768041 17.30439206 0.19749933 0.05822040 1.35807056 0.19847670
125.17514359 13.06625001 16.92588663 0.20056485 0.07049298 1.19756667 0.19627953
84.25270894 21.50061326 15.77165906 0.24210111 0.07116932 0.82094925 1.06650367
32.21462536 3.19258321 1.87414535 0.03123120 0.09580485 0.30536563 0.30536563
129.15112019 11.86362188 17.11331920 0.20545878 0.05266019 0.71171515 0.01294223
24.33590817 1.26229750 0.98778967 0.01173137 0.06625966 0.10839770 0.10839770
108.66001196 17.83061141 17.66684312 0.21069413 0.07099608 1.24189603 0.24054033
83.86967577 23.89858298 13.14167654 0.23267508 0.06583599 1.32413233 0.64023907
88.30354195 21.22473479 16.58723779 0.25043995 0.05048485 0.89712139 1.17203842
119.57990748 17.03896360 16.76578572 0.19789838 0.05172317 1.17940734 0.02287974
79.34434346 21.96438144 15.23355838 0.24064784 0.05339167 0.66856345 1.00936030
20.17115771 0.24193364 0.51925524 0.00142362 0.05064184 0.00427894 0.00427894
35.29072694 3.94622810 2.22020678 0.03884455 0.10734023 0.38226817 0.38226817
120.31568590 16.79233743 17.16989508 0.18797479 0.05637470 1.20072067 0.08212135
85.81874699 21.34173921 17.05108386 0.25604465 0.06606830 0.78844088 1.09656107
76.79566931 25.28523235 13.84272396 0.24872706 0.06664974 1.31399270 0.54313520
91.54812830 21.46875560 17.37908933 0.23466824 0.05930750 0.95768930 1.29457698
87.57321668 20.87407971 16.43728964 0.24174029 0.06095351 0.87895638 1.13049505
69.93155913 31.38384918 13.19753742 0.14508445 0.05237437 1.75424465 1.32313227
42.91278811 5.81363309 3.07768866 0.05770915 0.13592296 0.57281970 0.57281970
91.22460723 20.54095638 16.62550468 0.23487375 0.06113971 0.93730295 0.99020561
117.69390365 17.85590223 16.63733093 0.20977836 0.06181770 1.26089834 0.05339281
119.22753176 18.27072900 17.43550004 0.19952770 0.05554727 1.09652110 0.09601305
120.09460315 17.54085276 16.89752132 0.19482825 0.05166274 1.21117695 0.05060218
105.01994963 20.07325668 15.49659440 0.27623509 0.06271190 0.44428478 0.54312810
97.58541497 22.14879096 15.36098043 0.26045116 0.06001159 0.67591480 0.09459029
100.81814066 22.02139081 16.18229202 0.26244899 0.05107746 0.91703120 0.75064167
85.70153996 21.48547756 17.77615002 0.22094068 0.05882795 0.77452425 0.65283484
68.14355728 25.24749027 13.65209860 0.25383991 0.05176710 1.32558317 0.40369990
92.10676970 20.93594394 16.16435571 0.23207522 0.06646622 0.87332549 0.97276462
33.60237186 3.53258111 2.03026683 0.03466587 0.10100889 0.34005930 0.34005930
76.24187043 25.70343742 13.36916629 0.25941389 0.06253635 1.41503369 0.52812863
119.60550112 16.89506961 17.33438455 0.22414308 0.05799188 0.99478529 0.13321304
21.11115957 0.47223409 0.62500545 0.00375012 0.05416685 0.02777899 0.02777899
27.78625039 2.10763135 1.37595317 0.02027097 0.07919844 0.19465626 0.19465626
91.75572160 21.69528883 16.09221906 0.24562384 0.07022533 0.97470683 1.18046111
25.39446405 1.52164369 1.10687721 0.01435130 0.07022924 0.13486160 0.13486160
47.91895183 7.04014320 3.64088208 0.07009941 0.15469607 0.69797380 0.69797380
24.57339506 1.32048179 1.01450694 0.01231915 0.06715023 0.11433488 0.11433488
49.61460802 7.45557897 3.83164340 0.07429615 0.16105478 0.74036520 0.74036520
30.23244163 2.70694820 1.65114968 0.02632529 0.08837166 0.25581104 0.25581104
106.83027921 17.74474791 17.27267400 0.21386779 0.05803721 1.26155635 0.16420795
116.61897284 16.73230610 17.30018415 0.19784541 0.05103316 1.12312226 0.06311654
91.33975474 20.88233064 17.80499130 0.23028154 0.05913646 0.72134160 0.64805869
51.02469423 7.80105009 3.99027810 0.07778612 0.16634260 0.77561736 0.77561736
30.35749004 2.73758506 1.66521763 0.02663479 0.08884059 0.25893725 0.25893725
51.83515645 7.99961333 4.08145510 0.07979201 0.16938184 0.79587891 0.79587891
64.00139964 32.45225244 12.99595401 0.14067259 0.05571599 1.80088761 1.39818878
117.77842955 18.05772791 17.20922995 0.21231920 0.05066675 1.18015161 0.15359294
87.77126575 23.13385764 15.86718231 0.24279905 0.05050223 0.72518985 0.99731411
126.15436928 13.73108690 17.30523710 0.18086032 0.05901481 1.00142453 0.11612994
41.90671042 5.56714405 2.96450492 0.05521911 0.13215016 0.54766776 0.54766776
71.76613178 25.74846754 13.21761599 0.25190487 0.05094249 1.40417642 0.52772644
117.55957727 16.21486399 17.29631493 0.18935433 0.05485731 1.03809334 0.15970925
88.09957527 22.17009058 17.36400261 0.22195046 0.06155638 0.74288495 0.70334808
91.61366877 20.03975019 16.27478047 0.24202040 0.05561970 0.92488531 1.01706608
85.85940738 21.84919992 16.60219436 0.25016676 0.05329008 0.79401571 1.07350893
123.30421239 15.76450533 17.60751885 0.19015978 0.05447329 1.35169502 0.34408015
48.20230799 7.10956546 3.67275965 0.07080071 0.15575865 0.70505770 0.70505770
64.88366578 32.09453512 13.04813023 0.13555132 0.05163309 1.68617675 1.40290580
118.49074040 16.31253188 17.24688978 0.18386318 0.06937222 1.34894425 0.31234946
117.10458165 17.96964976 17.01973939 0.19666680 0.05163336 1.16393026 0.17155424
90.66305075 21.61310547 17.43109462 0.21902488 0.05553929 0.69057907 0.65919546
82.64318666 24.24251826 13.30564531 0.23451127 0.05848176 1.42874403 0.43159889
34.80680157 3.82766639 2.16576518 0.03764683 0.10552551 0.37017004 0.37017004
86.49252148 23.78354815 12.77583199 0.23447345 0.06003610 1.39525331 0.51679044
126.23313647 10.49582586 17.00457505 0.20971733 0.06922909 0.63967998 0.16863444
119.94134990 12.54906576 17.37922339 0.20268045 0.05559664 1.18477363 0.34160334
45.01141111 6.32779572 3.31378375 0.06290324 0.14379279 0.62528528 0.62528528
20.15693192 0.23844832 0.51765484 0.00138841 0.05058849 0.00392330 0.00392330
83.62687689 22.38965362 15.91357333 0.24693642 0.06704364 0.85112732 1.16842985
122.39652934 10.60947249 16.95771909 0.20682366 0.05659403 0.55729037 0.15957763
89.85126094 21.80950573 17.41375237 0.21599891 0.05903996 0.72620630 0.59741907
118.21578353 18.06157060 16.65771314 0.20346300 0.05126741 1.18535951 0.07023421
26.24334403 1.72961929 1.20237620 0.01645228 0.07341254 0.15608360 0.15608360
82.78165341 22.99087925 16.21577409 0.23567348 0.05541364 0.92251070 1.00083677
90.49312575 22.04950825 16.59000308 0.25405021 0.05414447 0.86225726 1.22244682
126.44168564 11.86363301 16.68712902 0.20625654 0.06349908 0.55488261 0.05040384
53.28065525 8.35376054 4.24407372 0.08336962 0.17480246 0.83201638 0.83201638
28.93058107 2.38799236 1.50469037 0.02310319 0.08348968 0.22326453 0.22326453
24.88634933 1.39715559 1.04971430 0.01309371 0.06832381 0.12215873 0.12215873
119.69925605 16.59709591 17.79218149 0.19444107 0.07321068 1.06883009 0.24588077
85.48736031 21.58392787 16.57589566 0.24298891 0.05733270 0.96005536 1.15208771
50.92493158 7.77660824 3.97905480 0.07753921 0.16596849 0.77312329 0.77312329
126.20713033 17.91510724 17.91138582 0.19651052 0.05654303 1.22039521 0.17868202
49.69419328 7.47507735 3.84059674 0.07449313 0.16135322 0.74235483 0.74235483
120.44411589 15.90355830 17.42134961 0.19186924 0.05906383 1.16398792 0.24432988
46.04750379 6.58163843 3.43034418 0.06546757 0.14767814 0.65118759 0.65118759
123.29863350 17.51846384 17.65721286 0.19344592 0.05046448 1.06960166 0.18477727
33.43625109 3.49188152 2.01157825 0.03425472 0.10038594 0.33590628 0.33590628
120.75531357 16.81024667 17.98811179 0.20131902 0.05044469 1.05574997 0.19237769
124.49735193 13.19228297 16.81322657 0.17587224 0.05794609 0.98167649 0.10965178
51.51844174 7.92201823 4.04582470 0.07900814 0.16819416 0.78796104 0.78796104
127.17178908 14.92627970 17.02685672 0.17710203 0.06003312 1.02735872 0.04782930
122.61348422 10.24495785 16.89376460 0.19697667 0.05761083 0.59109685 0.11419717
