59.07325192 8.66833516 4.67668227 0.04481207 0.05541774 0.20600096 0.68000685
52.37154506 8.96409056 3.52046826 0.06977643 0.06843234 0.40188494 0.38600275
53.06386965 8.44104940 4.55453150 0.07747254 0.05672806 0.27898393 0.15299239
55.62223205 9.88395512 4.68741673 0.08449735 0.05160374 0.29032180 0.07450682
50.76175651 9.15097737 4.58751083 0.08803788 0.06221828 0.41591974 0.54344322
24.60001819 4.23483668 1.12296012 0.04741974 0.17625205 0.13172509 0.00758204
57.00063052 9.47569568 4.10583145 0.07074297 0.07222863 0.48110569 0.06376734
51.87194451 9.85377773 4.73199146 0.08141004 0.05191073 0.14425697 0.65068605
54.47251879 7.96973690 4.21130854 0.09288508 0.06007100 0.33819899 0.55903874
24.99778043 1.71592287 0.84300831 0.06188375 0.14780429 0.69429506 0.15380677
52.85041521 6.11178571 3.24057058 0.09664862 0.10525600 0.87661315 0.67010550
55.06488136 8.75556006 4.97410417 0.08517893 0.06279041 0.49620650 0.18700198
30.60248326 0.95483421 3.52289350 0.00319998 0.13295466 0.63783056 0.42270716
29.29795087 2.88137245 3.17702963 0.03591705 0.07639560 0.29940743 0.55626734
57.23528930 1.45072596 2.83603937 0.04833064 0.16612744 0.46349574 0.45450616
54.53176575 9.01329076 4.24365387 0.08212637 0.07093760 0.25454729 0.11539695
59.30283164 8.87027142 3.69770781 0.06439752 0.05181404 0.47324725 0.07636949
22.47450020 7.28011392 2.47129752 0.07659159 0.12820585 0.98703284 0.16991998
59.17996343 8.42412587 4.34316226 0.08618970 0.07151873 0.40562359 0.03954207
47.79761311 8.93795687 3.28530621 0.05791679 0.05585177 0.25195503 0.22697656
57.15667470 8.95381263 3.19015458 0.06135752 0.06221636 0.37563741 0.46377193
27.32100887 7.83211959 2.41189891 0.06130210 0.13081519 0.40542104 0.29264140
50.87271022 9.37327861 3.62567184 0.09635265 0.06307744 0.32214029 0.15353592
40.57048725 8.29899840 0.97726819 0.06309194 0.07634988 0.36507609 0.93628346
59.41741642 6.52280338 4.69182189 0.08630019 0.05474237 0.24996898 0.39654159
50.63007278 9.13467661 3.75925198 0.06871855 0.06117987 0.22262942 0.14745120
54.38843046 9.70542486 4.55686425 0.08687952 0.06527874 0.24219813 0.05329123
57.09376745 9.17131978 3.37805735 0.06871559 0.06222778 0.16879878 0.47413238
25.42406734 9.19140800 4.54698494 0.06455422 0.11730033 0.32416071 0.38584508
55.70038695 9.82776965 3.75874620 0.09540908 0.06316294 0.24417469 0.09937729
21.84369053 8.53873094 1.68413606 0.03499249 0.07810032 0.88891147 0.52653173
58.47703287 9.91339996 3.15757808 0.06160751 0.05046699 0.43430713 0.55165561
47.73772291 0.82806615 0.73139934 0.07494224 0.05506881 0.31874247 0.68444419
47.94204036 9.99138330 3.88797589 0.08646327 0.07524176 0.26814447 0.01290194
51.26261273 2.42654872 4.84927703 0.04772923 0.15683061 0.20716593 0.45212190
51.98810722 8.68112937 4.02024137 0.08565837 0.06265049 0.33792506 0.17428906
55.35013960 9.24598749 4.10992258 0.05739725 0.05136389 0.00891808 0.64864332
59.12406961 8.58346014 4.36757058 0.04519788 0.05261548 0.42522331 0.54085542
58.46146413 8.02912083 4.58522028 0.08496387 0.06088104 0.27396749 0.36809820
53.50505620 9.96793750 3.89684548 0.09081254 0.05902185 0.35475218 0.29431121
45.32975974 8.97855108 4.57267552 0.07262068 0.12471852 0.94579842 0.73905886
59.04832329 8.64258071 4.39885907 0.08684214 0.06683397 0.43460734 0.20760058
52.40413023 9.58119605 4.73479892 0.08473412 0.06060775 0.26804856 0.45102597
58.39919026 6.78208804 4.47305209 0.07948180 0.06416746 0.25027057 0.32385961
32.70653918 2.95541445 4.28431660 0.04470013 0.05091217 0.86597831 0.90011286
30.01572202 5.52059630 1.52072046 0.00431643 0.17934852 0.59911009 0.75861251
57.16473747 8.82071663 4.46858738 0.04111191 0.05728547 0.27384090 0.60639933
53.27644794 8.38511912 3.68036576 0.09829352 0.06914348 0.29401004 0.12140581
54.56526905 9.87440174 2.65290257 0.08658618 0.06577239 0.20605273 0.58088136
52.18075390 1.94635390 3.72520526 0.04077917 0.18850194 0.21221360 0.76163927
47.42136449 9.96572672 3.59707191 0.05645334 0.05169523 0.30052623 0.19472760
31.60427736 9.18713642 2.93831296 0.04948678 0.18176241 0.48373352 0.53573011
51.90038225 8.30079536 4.72858103 0.08894529 0.06107422 0.17659979 0.17193951
52.42222620 8.21352221 4.28354798 0.05464287 0.06420450 0.27717655 0.93996645
26.33640958 2.93456183 2.79700812 0.00676845 0.12600590 0.32768657 0.29340535
33.72795944 7.91600399 4.83261633 0.05488903 0.08326722 0.14606071 0.36425524
48.72478108 9.32554641 4.51443035 0.09467299 0.05643908 0.20732362 0.36998406
45.61969554 8.51308071 4.00738078 0.09204294 0.09882416 0.19118725 0.44079947
49.66054909 6.63366466 2.76282769 0.09282829 0.11916933 0.22610540 0.85819356
56.43190200 9.62704703 3.32989308 0.08545578 0.06860645 0.30258816 0.16140907
57.50852769 7.89917282 4.32709605 0.07897812 0.05095276 0.19347134 0.15806574
58.94780743 3.64046784 3.10164817 0.04974482 0.14469382 0.76121998 0.38967172
54.45512333 9.16007995 4.22701223 0.09662023 0.06749872 0.37794827 0.34965912
56.44963599 8.24455109 4.88777991 0.07134021 0.06422749 0.39287269 0.43633245
51.31551657 9.38882731 4.21072487 0.08395437 0.05228411 0.40841642 0.26198182
31.56441286 0.56147505 0.88819040 0.07877201 0.12120074 0.52813711 0.36222020
58.39753068 9.55072881 3.91758944 0.05538683 0.05643663 0.39383250 0.06159626
55.88531486 9.00144200 4.43567443 0.07785897 0.05824235 0.34379801 0.09038260
55.69303580 6.50282819 0.77475221 0.01391275 0.12149924 0.06446638 0.62648548
59.25109365 8.66715782 4.77540554 0.08567079 0.05249449 0.21762281 0.53384664
59.93498892 8.83715503 4.53351413 0.08802987 0.06309206 0.34283156 0.16773874
43.14694506 6.81993566 4.71949719 0.00581758 0.18973148 0.73370189 0.77936566
51.53321153 9.55654428 3.60270775 0.06196258 0.10309608 0.19317095 0.50753165
57.45970375 7.66421045 4.22472522 0.09326836 0.05703211 0.18326195 0.46560447
42.58635931 9.31252099 3.05615335 0.02289456 0.07474181 0.28532089 0.13495612
54.69813157 8.93134767 4.41818390 0.08819863 0.06722767 0.40745073 0.39861090
50.01712711 9.16712040 3.32359814 0.07779501 0.07404339 0.16446073 0.40050301
52.78022591 9.13731364 4.76835478 0.08457331 0.05001727 0.27907656 0.48567746
54.46688286 8.82207793 4.39514418 0.05989906 0.05826063 0.30173983 0.36469409
52.97178647 9.84307640 4.85441794 0.05621056 0.06010790 0.05033215 0.71575407
49.43044745 8.94504701 4.74716697 0.08400856 0.06101739 0.25453483 0.19096717
57.83272597 6.69761316 4.77108075 0.08972447 0.06475548 0.25826241 0.45758301
55.54287402 8.54596751 4.40468400 0.08719378 0.05166748 0.30667798 0.39457366
50.53666293 9.32901999 3.87720620 0.08314579 0.18968688 0.76677837 0.63906385
56.73802931 7.64436613 1.64512672 0.00405169 0.18923978 0.06124603 0.96094088
46.59811098 5.34585895 3.45024156 0.00560297 0.11400353 0.07451179 0.85736582
59.84032847 7.77547422 4.36288940 0.09428296 0.05602913 0.24506711 0.39316085
54.93751480 8.89374254 3.80284414 0.09884853 0.05562601 0.22821010 0.42029425
52.92585335 9.42509724 4.15100522 0.08570269 0.05154877 0.46723938 0.41866218
55.87921044 8.57694137 4.69309481 0.07604858 0.05287635 0.25416999 0.27082886
35.20440715 4.35512227 0.92227321 0.07833927 0.15662544 0.85115567 0.95402363
49.98923670 8.55957027 4.47165278 0.07924155 0.05836646 0.39157783 0.10625411
54.21393421 8.55801958 4.48800154 0.09720729 0.06065149 0.21909180 0.38529245
52.27802520 8.86881168 3.95314753 0.09415754 0.05649276 0.33065682 0.16440787
51.17302735 8.87014164 3.91136158 0.09284248 0.05913520 0.09547470 0.42125476
54.84488181 8.33457356 4.88476478 0.09848814 0.06861280 0.13549268 0.45340176
53.56650718 9.42762920 4.59038307 0.08323416 0.05015650 0.20335549 0.55159975
53.71960732 5.06945936 2.96075003 0.06165771 0.06593398 0.98974663 0.88065651
27.17827409 7.47423092 3.20491433 0.06596247 0.13947442 0.25755883 0.69592548
53.72361713 8.52509939 3.75899118 0.08272194 0.05571281 0.34353855 0.37915885
50.43168532 8.75459444 4.11411302 0.05045708 0.05474011 0.01775952 0.60385810
53.27751038 9.03524887 4.41799060 0.06743074 0.05799452 0.31588573 0.17575637
52.60708034 8.89768567 4.51819182 0.09222817 0.05105562 0.36160630 0.40174671
53.86536620 8.93551081 4.58987514 0.06961220 0.05208509 0.14950131 0.37135480
21.16246184 6.06430072 0.53078740 0.04301895 0.18886085 0.24308982 0.76876332
50.83616350 9.87477309 4.95803317 0.07074569 0.06065343 0.38851446 0.37981429
53.11087935 7.95205659 3.74377428 0.08115293 0.06232668 0.09475900 0.15683800
56.01722413 6.39924591 2.80280461 0.00986774 0.08088641 0.33044246 0.64454143
51.15620687 9.68836808 3.46685323 0.08896836 0.06008980 0.14930907 0.37508003
38.87028301 8.22143160 2.86185706 0.03883901 0.06353491 0.68790284 0.11737003
59.18507570 9.76658944 3.09384887 0.06755139 0.06174704 0.43477034 0.47693478
55.78231923 8.89179587 3.96267513 0.03981427 0.06888620 0.34174351 0.49658297
40.85580558 2.68473705 2.39795041 0.08647483 0.16866544 0.15493883 0.00149706
52.19938239 8.81764666 3.73957811 0.08363848 0.05493444 0.16801031 0.14122190
54.68091598 8.78844340 4.10202053 0.07162960 0.06323084 0.48868615 0.57453073
57.54214043 8.14575486 4.14989046 0.08745410 0.06781676 0.35250096 0.09393777
51.66140772 9.14295553 3.78891093 0.08683651 0.06136655 0.11485596 0.45619154
56.13439506 9.29884733 3.42644058 0.05856111 0.05788647 0.22378480 0.32620785
54.57092674 1.42994078 0.63437305 0.09153964 0.06111464 0.91312600 0.77768647
59.08438400 9.36117841 3.33521716 0.06716128 0.06635527 0.38416143 0.44087608
35.64434702 6.39944434 2.09943355 0.09828126 0.17202621 0.12497168 0.07866804
54.51066732 8.70602206 3.91985582 0.09119360 0.06595505 0.43192732 0.40448020
55.70730842 8.03537034 4.60165432 0.09197342 0.06760184 0.27122307 0.24807614
48.24290654 7.44765358 2.70536656 0.02184310 0.18367231 0.54644966 0.83107031
52.05151879 8.31722870 4.45219300 0.08728626 0.06615918 0.21392311 0.14365601
30.94259126 3.01148176 3.40364922 0.04918242 0.14805904 0.41942156 0.80008346
54.97717913 8.58106570 3.54889953 0.07980093 0.05307644 0.24618401 0.18506434
25.36448107 1.14416976 4.34710965 0.05311659 0.18047112 0.32344594 0.68069126
