73.97365428 30.40594746 14.08483764 0.23277657 0.05557520 1.49132256 0.62059310
88.23014243 24.29103073 19.54298408 0.32679392 0.05890071 0.34822758 0.48740515
93.64907929 23.24782386 18.96382634 0.32107011 0.05778767 0.39419718 0.30215580
35.34546285 3.95963840 2.22636457 0.03898002 0.10754549 0.38363657 0.38363657
107.23773357 15.42191963 18.46749163 0.22472114 0.05833359 1.81642381 0.33480351
66.71127522 30.11632950 14.72784787 0.24604285 0.05935337 1.39613567 0.33072723
51.63239046 7.94993566 4.05864393 0.07929017 0.16862146 0.79080976 0.79080976
73.00828911 30.14571156 14.38278858 0.23902064 0.06264501 1.32845641 0.42826153
26.82942945 1.87321022 1.26831081 0.01790284 0.07561036 0.17073574 0.17073574
78.87761146 29.75102546 13.53657336 0.27275715 0.05158059 1.71366968 0.46015424
89.19740210 23.37013677 17.74802727 0.30183822 0.05970928 0.59107646 0.29679964
100.44535405 22.88172947 20.46704653 0.32410946 0.06915982 0.71601247 0.26904370
93.54482358 22.36410657 18.78753224 0.30972291 0.05791280 0.54074845 0.40658578
72.17390965 29.56474816 14.54848773 0.24005188 0.05243455 1.47331087 0.52361047
99.85167045 23.55494102 20.93930688 0.30557194 0.05117766 0.76739932 0.23324344
95.65029853 23.46950764 19.63295981 0.29441480 0.05287461 0.60012263 0.31265409
83.94489873 22.88376332 17.77502082 0.29072058 0.06102276 1.02512221 0.38754279
92.28777374 25.42495068 18.00689786 0.33694900 0.07303213 0.72428095 0.33197302
86.47654765 22.15079275 18.20388160 0.29553563 0.05053902 0.64006602 0.23360910
102.19269515 24.04515306 20.33386149 0.32022516 0.06964419 0.85416954 0.22453795
80.72897602 26.19528451 13.62928417 0.27765180 0.05215133 1.81466218 0.46677380
76.43208939 28.07008747 14.58256323 0.24593242 0.07224000 1.56189513 0.35617673
69.07874968 31.01022578 14.68470655 0.23627674 0.05869923 1.52711261 0.40873525
22.33355762 0.77172162 0.76252523 0.00677556 0.05875084 0.05833894 0.05833894
49.39256874 7.40117934 3.80666398 0.07374661 0.16022213 0.73481422 0.73481422
85.59390943 25.25795409 18.00332638 0.28105288 0.06523244 1.09679601 0.16302467
96.40531336 24.56127631 19.77483914 0.30582602 0.05224544 0.77716162 0.27136136
22.33040819 0.77095001 0.76217092 0.00676776 0.05873903 0.05826020 0.05826020
89.38394366 22.18654919 17.99126859 0.30782362 0.05080955 0.94247445 0.31243413
88.77141378 22.75013774 18.08075802 0.29617113 0.05616326 0.68308629 0.24904352
29.08973454 2.42698496 1.52259514 0.02349709 0.08408650 0.22724336 0.22724336
76.09999767 27.02536253 18.09844227 0.27592607 0.05895116 0.75849707 0.80743803
97.33739428 23.82136853 19.72285515 0.29881182 0.06038583 0.71176592 0.52316202
49.84756657 7.51265381 3.85785124 0.07487273 0.16192837 0.74618916 0.74618916
98.19819074 24.95383642 19.46064729 0.31124478 0.07931901 0.32279102 0.36803053
100.16243807 24.14558013 19.65072229 0.29897610 0.05727900 0.72576546 0.28636613
27.71436316 2.09001897 1.36786586 0.02009305 0.07892886 0.19285908 0.19285908
39.64389026 5.01275311 2.70993765 0.04961863 0.12366459 0.49109726 0.49109726
57.68278770 9.43228299 4.73931362 0.09426490 0.19131045 0.94206969 0.94206969
89.90351449 22.90375672 19.82672095 0.32351491 0.05459277 0.44359667 0.43215782
97.50535131 23.06703019 20.27980122 0.31248932 0.06580116 0.28073055 0.33813066
87.31087238 22.28433636 19.61374449 0.32676214 0.05823020 0.47420395 0.39940445
89.89839705 22.52893022 17.64155850 0.29720054 0.05982476 1.00329785 0.32265390
93.74932018 23.97018530 18.30612224 0.33290988 0.05854700 0.77448268 0.29898031
41.29589611 5.41749455 2.89578831 0.05370734 0.12985961 0.53239740 0.53239740
84.93949060 22.85198070 18.49296231 0.28448020 0.06681601 0.63338441 0.19339857
91.66398840 23.68290332 19.02681099 0.30420276 0.05488268 0.51115753 0.37712410
91.42766461 23.35482194 17.56718253 0.30108514 0.05262216 0.94330467 0.32651778
88.04589304 23.58039683 17.51737812 0.31020548 0.06165446 1.14385153 0.29826211
84.50885039 24.42094250 17.34859897 0.29097606 0.05195106 0.94865800 0.42217475
21.10799683 0.47145922 0.62464964 0.00374229 0.05415499 0.02769992 0.02769992
89.19251592 24.14098017 19.52356585 0.28981654 0.06253219 0.58051596 0.25312623
21.72229377 0.62196197 0.69375805 0.00526268 0.05645860 0.04305734 0.04305734
33.93333750 3.61366769 2.06750047 0.03548501 0.10225002 0.34833344 0.34833344
68.89371965 29.98986360 14.47540974 0.23839230 0.05798852 1.41589192 0.56072829
78.72918347 25.54762038 18.01116749 0.26606471 0.05701859 0.75254947 0.75328176
78.03115858 29.86410804 14.94622055 0.23538603 0.06399638 1.38288407 0.42331138
98.30813588 23.26929872 19.98982751 0.31680760 0.06852577 0.32557823 0.27425896
75.31406356 30.35431021 14.21959039 0.24303593 0.06237513 1.37606189 0.44198636
21.27681491 0.51281965 0.64364168 0.00416012 0.05478806 0.03192037 0.03192037
90.04555949 22.57720114 18.58375773 0.31392124 0.06426669 0.47522301 0.40348355
72.68540382 30.03623267 14.33506576 0.24045552 0.05782006 1.48972417 0.33048567
94.87214204 24.05723877 19.17539037 0.29285052 0.07173830 0.51645158 0.28281437
95.73466351 23.97384277 19.91478034 0.31630643 0.05193802 0.72342307 0.44851000
43.30182462 5.90894703 3.12145527 0.05867202 0.13738184 0.58254562 0.58254562
59.42003538 9.85790867 4.93475398 0.09856459 0.19782513 0.98550088 0.98550088
24.36121283 1.26849714 0.99063644 0.01179400 0.06635455 0.10903032 0.10903032
58.72802587 31.45524276 15.03938862 0.17532944 0.05021085 1.78858475 0.95068106
90.81098519 22.96123791 17.92126607 0.32568226 0.05483710 0.49724403 0.36811556
26.92234070 1.89597347 1.27876333 0.01813279 0.07595878 0.17305852 0.17305852
90.62914834 22.56350105 17.81771566 0.32555634 0.05325345 0.49881613 0.25178440
105.98144125 16.17759008 18.46254434 0.20264762 0.05735644 1.87358814 0.31271060
43.84702943 6.04252221 3.18279081 0.06002140 0.13942636 0.59617574 0.59617574
38.64113769 4.76707874 2.59712799 0.04713682 0.11990427 0.46602844 0.46602844
35.40999257 3.97544818 2.23362416 0.03913973 0.10778747 0.38524981 0.38524981
87.80256188 23.58952521 19.90015052 0.32465856 0.06288330 0.40864025 0.39912494
88.37817184 22.43554407 19.73704680 0.33515828 0.05897812 0.45323924 0.40470831
22.69665858 0.86068135 0.80337409 0.00767423 0.06011247 0.06741646 0.06741646
77.89603483 27.02784717 13.76532444 0.28151431 0.05437219 1.70037904 0.32226249
75.57665943 30.77201879 14.25274493 0.23258546 0.06730155 1.38593322 0.43891543
96.63283373 23.84845035 18.36652250 0.29375854 0.05163309 0.54309328 0.44836682
24.73086298 1.35906143 1.03222209 0.01270889 0.06774074 0.11827157 0.11827157
79.18595002 22.74572242 17.61696555 0.33679939 0.06222670 0.63908532 0.53177359
90.50095236 22.89037707 19.23267572 0.32225799 0.07672399 0.53313555 0.38295396
93.48943712 22.94682961 18.17044948 0.29506483 0.05835180 0.67307177 0.21939384
88.66194051 24.25623865 19.59211256 0.32681891 0.05768727 0.47166526 0.45638587
91.36775799 22.92559150 18.03633724 0.31126269 0.07256203 1.08375160 0.31155659
52.88043303 8.25570609 4.19904872 0.08237907 0.17330162 0.82201083 0.82201083
73.18567225 26.91968974 18.31104572 0.28278960 0.06051351 0.77887943 0.73097483
92.36177120 23.65385657 18.92351702 0.32434084 0.06426589 0.43017024 0.30655635
26.95143377 1.90310127 1.28203630 0.01820480 0.07606788 0.17378584 0.17378584
32.48007002 3.25761715 1.90400788 0.03188817 0.09680026 0.31200175 0.31200175
29.18430311 2.45015426 1.53323410 0.02373115 0.08444114 0.22960758 0.22960758
87.67832594 22.63690569 17.84338712 0.30064861 0.05981628 1.00713384 0.35397078
88.76374031 22.48966193 17.76556407 0.29475129 0.05596289 0.67442418 0.19776519
93.62603982 24.72337652 18.14021337 0.32680457 0.07867284 0.71971488 0.32110956
77.74293823 26.88343383 13.97771355 0.26036463 0.05240624 1.65852477 0.50340658
85.68530782 25.39567125 17.76290244 0.28489823 0.05904992 0.89363332 0.33053343
71.90923933 29.78156554 14.24127400 0.25430727 0.05918998 1.63370256 0.28727693
88.91121284 25.77486637 18.22150172 0.30300050 0.05722587 1.00711647 0.43826544
34.07786156 3.64907608 2.08375943 0.03584271 0.10279198 0.35194654 0.35194654
90.79036554 22.30826550 18.22169199 0.30013969 0.06346181 0.57313177 0.19259894
90.28754228 23.47578425 17.55130066 0.29490056 0.05101701 1.00108916 0.38078531
80.58924322 22.76013948 17.78152609 0.32637757 0.05553442 0.49685372 0.52384222
98.35979100 22.65483962 19.30816442 0.29500653 0.05137517 0.46097159 0.33040835
88.04745291 22.73274780 18.22264788 0.29410754 0.06055834 0.64655778 0.19211283
57.94633652 9.49685245 4.76896286 0.09491718 0.19229876 0.94865841 0.94865841
86.60704102 22.88811788 19.24009973 0.32200762 0.05014942 0.49853238 0.43058097
83.58349535 24.39966481 19.39975398 0.32860930 0.06550262 0.37745789 0.43740862
82.29536398 29.05106288 13.93188908 0.27023214 0.06649724 1.69802744 0.48191302
97.25970266 23.28160400 19.72356126 0.28486664 0.05486812 0.37619849 0.13288986
80.16927777 29.65075907 14.19663033 0.24362566 0.06876087 1.48954467 0.33036330
40.75992771 5.28618229 2.83549187 0.05238082 0.12784973 0.51899819 0.51899819
27.49960079 2.03740219 1.34370509 0.01956151 0.07812350 0.18749002 0.18749002
73.53422737 31.25737589 14.23551349 0.23529737 0.05542701 1.36940420 0.45823356
95.32866598 23.47504388 19.70946011 0.31173742 0.05589100 0.35771384 0.28242206
50.32172662 7.62882302 3.91119425 0.07604627 0.16370647 0.75804317 0.75804317
89.23746253 21.09978060 18.46969920 0.30622577 0.05960614 0.69056270 0.13503059
26.70424491 1.84254000 1.25422755 0.01759301 0.07514092 0.16760612 0.16760612
70.41447394 30.46243742 14.48234013 0.23165413 0.05215216 1.54599160 0.45963244
78.56778775 29.32118976 13.74578243 0.24810475 0.06377520 1.46041375 0.33614361
92.59414320 23.62613038 19.49823444 0.32222717 0.05681960 0.84538160 0.45299798
74.56826490 28.01340495 14.07370882 0.26021813 0.06023194 1.64079738 0.42623599
95.73299977 24.71026660 19.65699727 0.31045500 0.06927511 0.77084441 0.32467461
91.70478615 22.63255736 19.16906297 0.30272550 0.07001010 0.55285944 0.42855536
88.85852355 24.82311630 17.25242703 0.28710238 0.05825831 1.02421799 0.16351537
81.84140412 25.05988641 18.20709611 0.29317781 0.05993955 0.73992197 0.66833393
31.62519016 3.04817159 1.80783389 0.02977235 0.09359446 0.29062975 0.29062975
