59.09287316 9.74910206 3.97948065 0.07031503 0.07381658 0.81185305 0.15723836
59.75299576 8.52723757 3.62006456 0.08116784 0.06766803 0.20586654 0.28191494
55.13442929 7.90011788 4.18149882 0.06722200 0.05704471 0.34927243 0.36917981
55.60909077 8.28775551 3.67581730 0.05953220 0.06524024 0.85293297 0.22861474
20.79646220 4.72252196 0.86954801 0.02161531 0.09229905 0.86485423 0.82807970
54.00770326 6.42626153 3.27211981 0.08605492 0.13749491 0.10853865 0.17944359
55.36586671 9.54428582 3.36828596 0.08452338 0.06636782 0.51789187 0.10098920
58.01167618 0.41600470 3.36415969 0.04159641 0.09553619 0.99994860 0.56829404
54.75093380 9.34736843 4.27658432 0.05979471 0.05963283 0.15025381 0.81331982
55.27054501 9.11881671 4.66232367 0.06437204 0.07367065 0.93253919 0.33083536
45.64255445 5.89698107 2.03155378 0.04088367 0.16037894 0.96894231 0.66886969
50.10173365 9.54310264 3.74138784 0.06949045 0.06073495 0.79665790 0.17343279
34.74381564 3.80269275 2.99270488 0.05074874 0.05312997 0.50254710 0.98110869
57.32480448 9.53325431 3.68957249 0.07276971 0.05735133 0.52939295 0.24253366
57.97690601 9.10750780 4.31732970 0.05738090 0.06955021 0.50775011 0.18960327
54.28923124 7.94606507 4.55883393 0.07094307 0.05685546 0.38989840 0.04103747
52.34464812 8.10078601 3.68768058 0.08340394 0.05536068 0.44531488 0.26668046
52.66373371 9.94296958 4.12302885 0.06164593 0.07259498 0.51233595 0.17598505
52.37320224 8.37103353 3.98700395 0.06875513 0.07446152 0.82422814 0.08161024
34.45421630 3.38741392 2.72573911 0.04312911 0.08878828 0.17069769 0.03364535
54.98403768 9.43142881 4.23512848 0.07444588 0.06104442 0.65218618 0.23006122
56.08695073 6.77121101 4.56701527 0.06960109 0.07053320 0.42385281 0.02076771
28.38843404 4.06502370 3.59803547 0.07759665 0.08371447 0.53715947 0.11903731
37.22686618 4.92390069 3.84203983 0.00390015 0.05940708 0.15334248 0.24373969
56.51020391 7.94801051 4.65470782 0.07490074 0.05815112 0.44044074 0.12082188
54.59083032 9.50340537 3.88034147 0.05402004 0.05137541 0.70007896 0.13677018
53.16204524 7.98767100 3.98789609 0.07821149 0.06325075 0.39003347 0.02808535
57.02294033 9.67440862 4.74390101 0.04737242 0.06299175 0.71113995 0.44466732
48.87538047 8.15748282 2.56371988 0.07182837 0.19260640 0.30707305 0.14996657
54.21386411 8.41867530 3.76136799 0.07309768 0.05289190 0.61358790 0.42760582
55.86225810 9.94219054 3.58158673 0.05417473 0.05753706 0.62263171 0.07490579
59.12989329 8.25140294 4.63667994 0.04165256 0.05801641 0.69171367 0.55880849
23.98936693 0.84885592 1.05942014 0.05007838 0.10790738 0.88696022 0.86601167
50.73265102 9.51122295 3.81548221 0.06694951 0.05096658 0.42350628 0.40179381
34.20449478 1.09210099 3.52368837 0.00341877 0.08930070 0.47021709 0.31497634
56.26349481 7.84116816 4.41880658 0.08537607 0.07563893 0.69949205 0.33782167
56.67610505 9.30528822 4.06138250 0.05903176 0.05023726 0.81459367 0.04186377
59.06968846 8.96584559 4.53548999 0.02810917 0.07317793 0.47602667 0.36807768
20.25557928 4.06598611 4.96927153 0.02803834 0.15057920 0.67385189 0.09993103
35.96054513 8.38249798 0.89464795 0.09469368 0.17649151 0.77959299 0.92179297
34.38314395 7.70424964 1.67703792 0.09559929 0.16035165 0.64627608 0.56968735
57.72807753 9.17785503 4.18786252 0.04495307 0.06606205 0.54670510 0.58314453
52.38513877 8.32375397 1.97842418 0.07844611 0.09953811 0.59662818 0.50299496
56.64331766 8.59779602 3.16306519 0.08364168 0.06892460 0.61463138 0.13640582
57.62050473 8.13645655 3.39713387 0.07819898 0.05266633 0.56022040 0.16835691
57.13728541 2.45652538 2.46449315 0.01488787 0.13487401 0.89824928 0.13357146
39.76343804 8.00053999 2.61952822 0.01155954 0.11937238 0.59059853 0.28767389
57.14681352 8.43223251 4.46886812 0.05834026 0.05297887 0.46628697 0.33940167
36.50151432 1.30995559 1.90563939 0.04853718 0.11016399 0.69271268 0.91411828
55.50289669 9.79877970 4.62940333 0.04149662 0.05760788 0.58657400 0.56884684
54.04180049 0.74769842 0.85340797 0.03203580 0.12089723 0.17025908 0.85928647
53.14367101 9.71522483 4.60215508 0.07050604 0.07585657 0.58713419 0.06711214
55.24994761 7.45307928 4.29558928 0.07630367 0.07037604 0.44880761 0.09679854
31.69059813 6.35974351 0.79937383 0.05317199 0.10493288 0.99215027 0.21880573
20.99988441 1.95166691 4.21989274 0.04741573 0.08649105 0.94153804 0.04108665
42.25170741 6.03482324 0.95488744 0.01059912 0.09859655 0.25224559 0.27846483
44.94120030 5.63513272 4.66982890 0.08556793 0.18949082 0.03953321 0.80125375
52.70033039 8.79253396 3.42980007 0.08509932 0.05613133 0.61471304 0.47014016
51.39175875 8.96118972 4.07034293 0.06747646 0.06322066 0.67212609 0.10740203
34.69385325 2.14139691 0.68392665 0.07512600 0.08463301 0.44340326 0.09078083
54.30988374 8.68254957 3.45762767 0.07763658 0.06604216 0.67329330 0.30303012
58.52263889 8.55110958 4.26860575 0.03663158 0.05768871 0.53315773 0.40302704
47.07389427 7.59307791 2.94387331 0.00328694 0.14688835 0.08186620 0.82474204
51.23079452 7.87644618 4.12249421 0.06146290 0.05330164 0.73219804 0.28072391
37.79963392 5.02525960 2.00802933 0.06674187 0.16891491 0.72216679 0.23845137
54.52154226 8.34522637 4.66116140 0.05954101 0.06456172 0.53304921 0.41406319
56.19404556 9.07086361 4.49175167 0.06751093 0.05546141 0.58565496 0.47512094
51.44379684 8.46294307 4.71293843 0.06471550 0.06792724 0.40771279 0.35268749
53.22827612 9.51488080 3.27630194 0.07741692 0.06114896 0.59287144 0.14777246
53.28692565 9.94025843 4.56268178 0.06309071 0.05653750 0.59141502 0.23556723
51.38276123 1.37410684 4.94190261 0.07706440 0.18067829 0.71319071 0.23588626
57.48260978 8.39562744 4.58648576 0.06576321 0.07257584 0.39840785 0.10434443
56.98648413 8.43196731 3.31107361 0.06635327 0.05695577 0.69145892 0.17901430
38.53363663 4.89168595 0.68590525 0.00161706 0.09791047 0.94955115 0.57895600
59.00985158 8.83129512 4.40826173 0.06290857 0.07097571 0.45632300 0.07326760
58.21872735 8.07766022 4.60391939 0.08810441 0.08796625 0.58713861 0.29421942
58.38492443 9.08394336 4.41530373 0.07334133 0.05191369 0.62443931 0.31079291
30.92625695 3.02338491 1.03971616 0.07206581 0.10989274 0.22010507 0.91479838
56.46524808 4.36336323 2.92283853 0.09220878 0.15599188 0.34415164 0.92227739
39.32870338 2.67587544 2.41432955 0.01838951 0.19798400 0.50443755 0.31629386
23.70824283 6.84403242 3.84442151 0.09849546 0.15538117 0.41219267 0.98448131
38.83176576 8.85753636 4.85693316 0.02374849 0.11398730 0.28216467 0.94230132
45.65127875 4.82633979 1.53745297 0.08590359 0.12844031 0.57868338 0.19575287
40.81892053 3.73586320 4.86875628 0.04181254 0.06621547 0.23503290 0.27109596
35.79865622 3.45227378 0.92441773 0.04112857 0.08305499 0.11041336 0.60700565
39.56155833 9.14905535 4.85939714 0.00758591 0.16015933 0.06406512 0.51670809
47.36394015 9.64332582 3.92720989 0.02326312 0.05119525 0.69768074 0.12070469
57.33175220 8.35299904 3.86335161 0.06336442 0.05263675 0.89159687 0.26943145
50.43060335 9.26145355 4.33900579 0.07222370 0.05160412 0.84771127 0.22957533
29.25691115 1.00528933 1.05745057 0.01452632 0.07375690 0.43905601 0.23475254
53.17384581 8.96252982 3.79540329 0.08680446 0.06226383 0.52575563 0.10432137
52.56484493 9.97033017 4.00157837 0.07931820 0.05846656 0.59446026 0.15967551
55.63288788 8.58490886 4.87551154 0.09027571 0.06480047 0.46120501 0.21216247
38.09935892 4.13281158 2.95517859 0.04687518 0.09387618 0.11535026 0.23133513
59.90497473 5.94313370 0.71127413 0.09011420 0.08540218 0.84013685 0.85999851
55.26034988 9.65020590 4.30195586 0.05757835 0.06450084 0.68579260 0.19096517
56.92039216 9.60959931 3.79531070 0.07592494 0.05058048 0.92382914 0.21544673
35.48828910 3.92573266 2.34122461 0.06196928 0.10997243 0.32071335 0.62662335
58.97719767 9.85365985 4.12375191 0.03881390 0.06644666 0.84225210 0.18648053
43.23340611 1.10674782 0.65954792 0.02825410 0.05203852 0.37312911 0.22950261
52.96128514 9.00572144 4.63132393 0.08254347 0.05044557 0.53805571 0.24356303
55.61013120 8.96099766 4.32110605 0.06758977 0.05779192 0.76559614 0.09356877
56.95089425 8.66518571 4.37554730 0.08513487 0.07068272 0.72532374 0.26798845
52.72098009 8.31121616 4.19724048 0.07677527 0.08206925 0.68320077 0.23797322
45.39664237 8.65108742 0.74735468 0.06012066 0.10101460 0.07034386 0.58263796
52.82620183 5.75821324 4.69336506 0.03578965 0.06293089 0.19328142 0.86701674
55.95678893 9.18903545 3.94988407 0.07249285 0.05316954 0.42748474 0.31924362
52.33660109 8.10265351 4.18149920 0.08009772 0.05585382 0.44029666 0.10600357
56.10078745 9.16619070 4.44089391 0.08055546 0.05268417 0.49334872 0.33033719
54.29022520 9.76995280 3.60356715 0.09097232 0.06498052 0.56710571 0.05396597
52.15086096 9.27586006 3.95901567 0.08500137 0.05621548 0.57487991 0.06909226
52.13232117 9.55126666 3.88443041 0.07441707 0.06741378 0.68560403 0.23658444
50.28249440 9.07928436 4.27051964 0.06711679 0.05598142 0.58628526 0.29635541
27.77020910 2.00633415 3.75717985 0.05261547 0.09608632 0.94586758 0.90349617
55.04511480 9.54033788 4.18853852 0.03626425 0.07180904 0.73123526 0.36489141
50.51579631 9.82612305 2.62883266 0.07239271 0.07412197 0.65024982 0.95022967
56.13868212 9.73181561 3.77491983 0.03809609 0.06163031 0.84106049 0.18951281
58.37425797 8.88341552 4.30723778 0.09450513 0.06537608 0.52121911 0.11239665
52.19407384 8.90374387 2.83011711 0.03740331 0.05809162 0.29260976 0.61138138
57.21557834 9.56264843 4.07381980 0.05562391 0.05392514 0.49284342 0.48201059
41.21345413 0.85936197 2.92597993 0.09126477 0.08148562 0.48544061 0.27608257
58.02673348 9.81389794 3.90820638 0.06701374 0.05151108 0.43335259 0.28133387
28.65845944 7.09162723 2.74768834 0.08918677 0.08219000 0.25773597 0.29537198
25.43361384 5.92327019 3.14903439 0.05445365 0.07286160 0.46158990 0.71074148
54.86863115 9.41272481 3.80864979 0.05380177 0.06613287 0.09660670 0.78161155
52.62466438 9.83087798 3.65923389 0.05541582 0.05445730 0.72234065 0.20668998
58.81074797 7.45398969 4.22344134 0.06334211 0.06390054 0.40484124 0.48071883
56.99249088 9.34641656 4.42206849 0.02971981 0.06242724 0.75901187 0.00380820
