52.00059935 8.37277059 4.38375945 0.08139913 0.06155161 0.64949061 0.24566361
54.11851805 8.85272005 4.88207072 0.07428892 0.06080654 0.64433999 0.20871399
37.16354033 6.53658921 1.19496159 0.03411978 0.06371931 0.54671502 0.26060093
59.00050600 9.19751262 4.71790098 0.06683587 0.06789059 0.65385402 0.31450511
52.85482108 9.65673290 4.06348781 0.05809349 0.05032103 0.75069077 0.19827219
55.13915268 9.55552419 4.69630673 0.05536230 0.06379704 0.67399627 0.37982805
23.05899106 8.48638027 3.63101869 0.02055705 0.15434052 0.19149399 0.60050442
55.41963120 8.71651158 4.19644902 0.07595483 0.05145315 0.52607322 0.52017196
56.16225225 8.67069462 3.83954200 0.09059466 0.06596701 0.73710635 0.14701767
59.40752922 8.12447968 1.06796502 0.02935612 0.13638894 0.59507115 0.30078662
45.16594507 9.65771182 2.55029264 0.09774888 0.13401009 0.83091958 0.29757994
29.99284830 9.90566086 3.52843656 0.01434479 0.17219995 0.97011248 0.90777648
52.42612744 7.95004743 4.64632656 0.08493435 0.06219277 0.59690787 0.16680690
56.55825988 8.46116761 4.18707417 0.06629983 0.06129034 0.63866621 0.23429558
55.36939906 9.98242752 4.38876181 0.07756516 0.06390223 0.72447133 0.12073216
36.68744218 0.46436138 3.04443078 0.08528645 0.09204434 0.61364995 0.21996739
56.88437293 8.83089783 4.77968893 0.07384938 0.05927271 0.58167648 0.14882193
39.25547174 5.94017070 3.40300166 0.02269412 0.11967014 0.86158743 0.50036148
59.83787663 8.47680650 4.83737135 0.09060834 0.05393761 0.69763223 0.09555412
46.01012876 3.91211267 2.97273670 0.02695243 0.11579322 0.73393242 0.75784448
56.30176637 9.26244162 4.04132777 0.07503900 0.06959751 0.49198604 0.45986952
54.78037230 2.76968778 3.38371785 0.04890185 0.14061403 0.74857370 0.56743192
58.63482715 2.70341067 3.23212138 0.05226525 0.06059856 0.05337755 0.52076784
23.99655042 8.34091784 2.15168784 0.08813692 0.17477217 0.86383206 0.34268046
23.33046197 9.43716831 3.76583948 0.04603551 0.19934701 0.46345024 0.99682466
56.69012460 8.73612974 4.26550439 0.05663325 0.06015251 0.61311347 0.33545496
59.18144362 9.22682462 4.30008931 0.05159028 0.05037469 0.41789388 0.23668691
44.20261204 6.32870440 2.02193760 0.02335945 0.08214745 0.07923538 0.68633769
55.03343481 7.19518809 1.58079731 0.07805902 0.19917883 0.29953993 0.04486800
53.77461263 9.78791510 3.80274935 0.06430609 0.05379716 0.62389581 0.44018494
52.95656373 9.61173356 4.69794547 0.08849503 0.06031057 0.30521622 0.49300752
47.03745634 4.51789171 3.91691073 0.01324062 0.15325900 0.40339452 0.21915745
59.93700658 6.96416747 3.60178452 0.02723893 0.18278712 0.11951474 0.61703731
48.28802730 6.14102014 4.45475795 0.06891703 0.15393759 0.70436411 0.25791439
39.46904698 2.09999661 3.25916238 0.02900539 0.19601145 0.92345331 0.86815355
55.27365706 9.91012437 4.06321714 0.06376328 0.05682292 0.79350234 0.21787115
26.95830786 3.45293888 1.77903386 0.04589039 0.11876801 0.18172251 0.68476607
21.70314479 0.61025471 3.23342984 0.09318523 0.06069145 0.00888674 0.08763018
54.32386671 9.30396186 3.57864190 0.00557578 0.16282828 0.44716139 0.90807302
42.80792899 3.03535394 3.08557418 0.09239332 0.11059164 0.37843723 0.77993119
53.24414652 5.14980206 1.68827868 0.02814700 0.19338296 0.27859412 0.05094347
55.11553517 8.38935397 4.79038738 0.07178097 0.06477027 0.53248072 0.39262276
48.50629831 8.06168429 4.38093221 0.08528157 0.05161050 0.60773175 0.04335097
52.72506111 8.99993922 4.76546929 0.06157378 0.05668177 0.74263265 0.35033415
58.93054067 4.23084909 1.80775484 0.05514063 0.05383332 0.63770740 0.44849832
57.99720400 6.10384708 1.36640937 0.01412155 0.16971043 0.00063064 0.62904574
54.07743896 9.60259765 3.95213091 0.06198016 0.05180345 0.60615445 0.53157870
47.41344993 9.63020086 4.46283516 0.07929536 0.05804776 0.84492956 0.27925235
53.63709669 9.04006994 4.50426553 0.05974560 0.05755097 0.44975504 0.30895447
32.14534143 5.44736139 2.91926765 0.06347452 0.12537466 0.80168746 0.04446725
54.58272393 9.12894259 4.47618242 0.05928589 0.05774916 0.73771889 0.18868805
58.36603607 3.69300127 3.91582486 0.06439986 0.14950498 0.61330409 0.86826917
25.83323502 7.52721957 3.27510034 0.04022270 0.05413761 0.13647846 0.68261694
21.17252665 1.39075175 0.77215825 0.05785166 0.10443833 0.87582791 0.32769517
54.57612695 8.26674360 4.30688932 0.08799060 0.05913487 0.66606379 0.18330991
28.74160030 9.57105303 1.73426967 0.05436216 0.16770993 0.36267045 0.54252963
53.15220241 8.66524853 4.61511605 0.07911619 0.05713914 0.67558025 0.21420590
59.00910653 8.94413281 4.13248001 0.08872008 0.05902753 0.51674534 0.23580891
50.97530581 9.04701206 4.51840098 0.07811916 0.06142184 0.57066033 0.32458474
53.02709172 9.59508141 4.68659421 0.05653796 0.05860597 0.68480041 0.35627295
53.35231866 6.28338468 1.83530057 0.09794783 0.18006546 0.82420130 0.92118359
45.03936712 8.81030319 2.06673894 0.00894218 0.15506967 0.59345275 0.72980578
56.03588180 7.92749640 4.47578917 0.09785386 0.06082865 0.71110798 0.19702712
57.98396920 8.85908452 4.51242668 0.09860855 0.06313162 0.63781074 0.21664380
54.65513370 8.80019077 4.57221646 0.07338792 0.06253537 0.81582473 0.21993112
51.47267843 9.96009178 4.78719121 0.08349986 0.06404518 0.36371170 0.43176535
52.54039662 8.99905172 4.75845358 0.05629007 0.07886013 0.36971203 0.31696024
52.39864110 9.49982896 4.39949934 0.06412248 0.06178271 0.51176185 0.29054330
56.61166331 8.52721240 4.59321408 0.06152888 0.06748493 0.71717897 0.26755413
38.89630835 2.34900185 3.94543789 0.04585177 0.14461399 0.66937430 0.86279000
56.64667141 9.08444671 3.70707773 0.06405005 0.05779686 0.67737791 0.22878937
26.62587440 8.60971317 0.88293603 0.05384379 0.16561959 0.87043302 0.06392619
57.02397632 7.96785839 4.35456213 0.06910875 0.05585569 0.72111170 0.30913946
56.47601051 8.60681016 4.03288982 0.06709212 0.05215068 0.72284454 0.22037814
23.90595859 4.33612225 3.58328895 0.02187750 0.05235729 0.47590595 0.49454102
55.93178609 8.34233353 3.77476774 0.05839831 0.06882701 0.75093163 0.30755085
30.36233983 5.97841814 4.09203419 0.03712667 0.08378611 0.54610137 0.33749339
40.54680996 7.85439562 1.62488071 0.05941064 0.14095355 0.26487708 0.27711567
57.77571126 8.73907382 4.43337090 0.07698364 0.06290905 0.36180149 0.32071944
54.09243553 8.38213484 4.16582332 0.08846752 0.05404182 0.36787688 0.20206368
55.81582568 9.37790560 4.07700947 0.05597119 0.06914431 0.63977282 0.44932666
31.68029257 5.14578455 1.31670597 0.07414282 0.19011877 0.55782777 0.16250211
55.19301769 9.11211699 4.68721475 0.06784358 0.05842792 0.65050812 0.22861927
54.81297259 9.13940199 4.65778885 0.07179380 0.05168576 0.74483488 0.19021782
53.13810895 8.28073370 4.55456054 0.07273936 0.05401319 0.54766141 0.30040829
31.60208815 6.10519854 1.01314688 0.03361975 0.14784674 0.83771249 0.17706822
40.18777394 3.11563746 3.42467053 0.00602246 0.19142895 0.41588672 0.47445897
52.10795218 9.40624843 4.71974600 0.05434915 0.06525220 0.40939143 0.38042348
58.77118753 8.51803582 3.28707363 0.02991871 0.18547627 0.64476933 0.57719398
23.69332388 3.34046653 1.84726702 0.01633748 0.12002146 0.66634493 0.52396962
53.95015650 9.46101439 4.27304065 0.05814576 0.06504175 0.72120262 0.23216249
47.96184503 5.20086744 2.71476634 0.02435308 0.08892301 0.49403181 0.38215100
25.46582469 5.27236190 4.02592124 0.04961455 0.10111444 0.34811103 0.26524249
57.02656913 7.98037943 4.57308360 0.08515154 0.07251691 0.59157407 0.13006984
37.84382276 1.98352029 4.89342630 0.02388945 0.17039305 0.53557251 0.24996081
58.71776698 8.71035397 4.26967250 0.08748954 0.05896818 0.83953821 0.34180219
55.40875041 2.73733210 1.80040841 0.01980346 0.12531897 0.71218623 0.14283260
38.14805020 5.36295199 0.78180160 0.07232016 0.19652707 0.79669422 0.71025267
51.14927500 2.49396437 0.77875263 0.05315206 0.06175854 0.06337455 0.97757846
58.92468001 7.25145962 3.49483561 0.08445907 0.05678528 0.90530679 0.12061088
23.53476405 5.26359292 1.81598247 0.01401771 0.17739488 0.22711478 0.37736091
57.73462757 8.61129183 4.79243289 0.07759313 0.05655291 0.72240456 0.20581349
57.90640050 8.76703457 3.91275741 0.06210826 0.05762901 0.62754126 0.46365839
58.75586887 7.83017111 4.29991851 0.08695250 0.06004734 0.93929452 0.26028866
50.52561405 1.15975731 0.74232274 0.06220873 0.18010811 0.86461243 0.82277271
51.80343808 8.80090689 4.54655588 0.07692617 0.06470379 0.73283318 0.17464331
50.09798288 9.90259290 4.53157659 0.08172076 0.18898299 0.38512883 0.01939948
24.29168379 7.68755811 0.50853464 0.04233522 0.07357097 0.20588437 0.69444115
58.85219298 9.11459852 4.82805809 0.06939661 0.06551540 0.64724538 0.20940033
58.87140820 8.94597924 4.53240176 0.03832166 0.05492371 0.41245324 0.31669562
52.54137102 9.35902451 4.78798973 0.06998013 0.07321411 0.91079039 0.39049291
56.29985550 8.64028221 4.37205748 0.06774730 0.06228402 0.74346452 0.31757746
36.54685901 1.55352861 0.90231324 0.07839202 0.11533828 0.61573466 0.07420748
59.29018944 9.16530478 4.80758096 0.07610063 0.05009624 0.90837838 0.02785770
53.93895306 8.05997002 4.24147656 0.08344910 0.06338620 0.61754117 0.31264060
45.74008819 1.33147346 2.48064361 0.04095426 0.16936013 0.70539887 0.22893875
54.02522076 3.87370708 0.56365234 0.01320612 0.11513633 0.23797811 0.54103270
53.00940454 7.80105730 4.49266797 0.07518631 0.05578621 0.64871813 0.19843509
50.40827904 9.42525797 3.91854978 0.05909761 0.10845264 0.98688473 0.90832013
48.45366050 8.49679005 4.50478616 0.08920745 0.07352219 0.65638430 0.19599935
53.72506891 9.73666584 4.55930771 0.08519812 0.05166084 0.42077808 0.45887958
56.42448022 8.58159362 3.94765775 0.08247733 0.05885864 0.74120580 0.30677730
58.43147433 7.46957158 4.37048236 0.07441177 0.05232478 0.54198781 0.27677184
57.50959235 7.66253545 4.02748586 0.07077353 0.05099537 0.66584302 0.24837045
57.24654393 8.39985301 4.25247143 0.08331594 0.06324256 0.75665793 0.21266759
56.32776001 9.28934557 3.97059443 0.08350278 0.05276475 0.41163225 0.23714220
50.36365635 9.30564691 1.01360063 0.00666823 0.06387739 0.72016986 0.05684968
35.23725584 2.01163790 2.06344727 0.03264918 0.09792157 0.32271040 0.79091058
