35.33463812 3.95698634 2.22514679 0.03895323 0.10750489 0.38336595 0.38336595
48.24386279 7.11974638 3.67743456 0.07090356 0.15591449 0.70609657 0.70609657
54.31710827 8.60769153 4.36067468 0.08593484 0.17868916 0.85792771 0.85792771
34.39277216 3.72622918 2.11918687 0.03662211 0.10397290 0.35981930 0.35981930
50.51886752 7.67712254 3.93337260 0.07653420 0.16444575 0.76297169 0.76297169
34.52071794 3.75757589 2.13358077 0.03693878 0.10445269 0.36301795 0.36301795
29.57643239 2.54622593 1.57734864 0.02470167 0.08591162 0.23941081 0.23941081
32.35079050 3.22594367 1.88946393 0.03156821 0.09631546 0.30876976 0.30876976
26.61851782 1.82153686 1.24458325 0.01738083 0.07481944 0.16546295 0.16546295
59.79113923 9.94882911 4.97650316 0.09948307 0.19921677 0.99477848 0.99477848
33.53664445 3.51647789 2.02287250 0.03450320 0.10076242 0.33841611 0.33841611
61.89343765 9.94500756 0.82508575 0.00815389 0.20588079 0.99824590 0.01997478
40.35773767 5.18764573 2.79024549 0.05138540 0.12634152 0.50894344 0.50894344
21.16724095 0.48597403 0.63131461 0.00388892 0.05437715 0.02918102 0.02918102
48.20722941 7.11077120 3.67331331 0.07081289 0.15577711 0.70518074 0.70518074
60.01618063 9.96114259 0.72246300 0.09732893 0.21171635 0.98557701 1.08356138
62.24976083 9.90624639 5.31824541 0.09530033 0.05286582 1.03970696 0.02485229
29.32090518 2.48362177 1.54860183 0.02406924 0.08495339 0.23302263 0.23302263
56.04220341 9.15579111 5.07678954 0.10023107 0.19538187 1.04667493 1.09324018
22.66620030 0.85321907 0.79994753 0.00759885 0.05999825 0.06665501 0.06665501
60.61921388 0.35911080 5.25924870 0.09441323 0.06675701 0.02099946 0.01412856
40.98550225 5.34144805 2.86086900 0.05293912 0.12869563 0.52463756 0.52463756
57.48273598 9.38327032 4.71680780 0.09376977 0.19056026 0.93706840 0.93706840
56.72084181 9.19660624 4.63109470 0.09188408 0.18770316 0.91802105 0.91802105
30.85199403 2.85873854 1.72084933 0.02785869 0.09069498 0.27129985 0.27129985
59.04371465 0.60235226 4.72403343 0.09143127 0.05184745 0.95095848 0.00453055
57.01498187 0.72302452 5.33667791 0.09418904 0.05270414 1.04701399 1.02596648
20.43025547 9.51473257 1.04829701 0.09348863 0.05621323 0.10023100 1.01005796
64.06376405 10.56214698 5.07449112 0.08917738 0.19278172 1.03831203 1.00219686
22.18842634 0.73616445 0.74619796 0.00641636 0.05820660 0.05471066 0.05471066
41.43693822 5.45204987 2.91165555 0.05405642 0.13038852 0.53592346 0.53592346
23.52928665 1.06467523 0.89704475 0.00973498 0.06323482 0.08823217 0.08823217
59.30133235 10.86811966 0.76299717 0.10765967 0.20977624 1.03166264 1.05638534
28.74637179 2.34286109 1.48396683 0.02264727 0.08279889 0.21865929 0.21865929
20.55992653 0.33718200 0.56299174 0.00238582 0.05209972 0.01399816 0.01399816
61.02014255 9.96595369 5.09905757 0.09883296 0.20042147 0.98251986 0.93882077
55.62529923 8.92819831 4.50784616 0.08917262 0.18359487 0.89063248 0.89063248
23.13048349 0.96696845 0.85217939 0.00874795 0.06173931 0.07826209 0.07826209
61.38821371 9.56480519 0.53904862 0.00576754 0.20266991 0.92730285 0.99080026
37.44912333 4.47503522 2.46302637 0.04418658 0.11543421 0.43622808 0.43622808
31.05688074 2.90893578 1.74389908 0.02836578 0.09146330 0.27642202 0.27642202
49.01962114 7.30980718 3.76470738 0.07282356 0.15882358 0.72549053 0.72549053
33.16638570 3.42576450 1.98121839 0.03358680 0.09937395 0.32915964 0.32915964
50.84828778 7.75783051 3.97043238 0.07734951 0.16568108 0.77120719 0.77120719
20.00801556 0.20196381 0.50090175 0.00101984 0.05003006 0.00020039 0.00020039
51.06569359 7.81109493 3.99489053 0.07788759 0.16649635 0.77664234 0.77664234
41.86073623 5.55588038 2.95933283 0.05510532 0.13197776 0.54651841 0.54651841
61.48289599 9.39089750 4.99732294 0.09581777 0.19662432 1.03210851 0.97766420
53.59491689 8.43075464 4.27942815 0.08414742 0.17598094 0.83987292 0.83987292
55.04738869 8.78661023 4.44283123 0.08774229 0.18142771 0.87618472 0.87618472
20.35624737 9.38257120 0.76839452 0.09274163 0.06222819 0.91098966 0.00924815
57.78556669 10.45725470 0.62397804 0.09496949 0.20007638 1.02763998 0.04422070
58.13146922 9.54220996 4.78979029 0.09537539 0.19299301 0.95328673 0.95328673
55.37473373 8.86680976 4.47965754 0.08855247 0.18265525 0.88436834 0.88436834
26.44996781 1.78024211 1.22562138 0.01696367 0.07418738 0.16124920 0.16124920
52.09105253 8.06230787 4.11024341 0.08042536 0.17034145 0.80227631 0.80227631
20.04949484 0.21212624 0.50556817 0.00112250 0.05018561 0.00123737 0.00123737
27.36466306 2.00434245 1.32852459 0.01922754 0.07761749 0.18411658 0.18411658
61.69907591 10.02276796 5.17011426 0.09583689 0.19779570 0.02650520 1.00266076
47.42565696 6.91928595 3.58538641 0.06887850 0.15284621 0.68564142 0.68564142
35.66596673 4.03816185 2.26242126 0.03977327 0.10874738 0.39164917 0.39164917
49.54291875 7.43801509 3.82357836 0.07411872 0.16078595 0.73857297 0.73857297
42.20485230 5.64018881 2.99804588 0.05595701 0.13326820 0.55512131 0.55512131
51.32736681 7.87520487 4.02432877 0.07853523 0.16747763 0.78318417 0.78318417
36.99603570 4.36402875 2.41205402 0.04306519 0.11373513 0.42490089 0.42490089
40.20917025 5.15124671 2.77353165 0.05101770 0.12578439 0.50522926 0.50522926
53.88932110 8.50288367 4.31254862 0.08487607 0.17708495 0.84723303 0.84723303
20.42261303 10.23837670 0.84041905 0.10244953 0.20164179 1.11150692 0.02971308
45.67498186 6.49037056 3.38843546 0.06454558 0.14628118 0.64187455 0.64187455
23.46920453 10.59904284 0.92198377 0.10256422 0.05289304 0.06225937 0.97170609
24.85509675 1.38949870 1.04619838 0.01301636 0.06820661 0.12137742 0.12137742
43.45647803 5.94683712 3.13885378 0.05905478 0.13796179 0.58641195 0.58641195
29.35715931 2.49250403 1.55268042 0.02415897 0.08508935 0.23392898 0.23392898
50.61718066 7.70120926 3.94443282 0.07677752 0.16481443 0.76542952 0.76542952
40.58707226 5.24383270 2.81604563 0.05195300 0.12720152 0.51467681 0.51467681
60.32867933 9.82547763 0.51657963 0.09607166 0.21100326 0.88009611 0.84232171
49.36724344 7.39497464 3.80381489 0.07368393 0.16012716 0.73418109 0.73418109
32.22259209 3.19453506 1.87504161 0.03125092 0.09583472 0.30556480 0.30556480
25.79562816 1.61992890 1.15200817 0.01534418 0.07173361 0.14489070 0.14489070
59.90369780 9.48375726 0.94783941 0.09862211 0.19829494 1.03922228 0.99384207
57.31141596 10.03210709 0.50473400 0.00438400 0.19805693 0.03074716 1.02804096
55.16624937 8.81573109 4.45620305 0.08803647 0.18187344 0.87915623 0.87915623
25.22092860 1.47912751 1.08735447 0.01392180 0.06957848 0.13052322 0.13052322
58.66477822 9.67287066 4.84978755 0.09669533 0.19499292 0.96661946 0.96661946
52.11260185 8.06758745 4.11266771 0.08047869 0.17042226 0.80281505 0.80281505
59.32111331 9.94720002 0.59713669 0.10542170 0.20372461 1.00896043 1.12518634
56.90883243 10.02158734 4.99955226 0.09858235 0.19650487 1.00919828 0.99858135
30.54974030 2.78468637 1.68684578 0.02711061 0.08956153 0.26374351 0.26374351
22.59169028 0.83496412 0.79156516 0.00741443 0.05971884 0.06479226 0.06479226
49.82237102 7.50648090 3.85501674 0.07481037 0.16183389 0.74555928 0.74555928
52.34138121 8.12363840 4.13840539 0.08104492 0.17128018 0.80853453 0.80853453
53.12563068 8.31577952 4.22663345 0.08298594 0.17422112 0.82814077 0.82814077
50.01527791 7.55374309 3.87671876 0.07528781 0.16255729 0.75038195 0.75038195
56.03234789 9.02792523 4.55363914 0.09018006 0.18512130 0.90080870 0.90080870
53.67959402 8.45150053 4.28895433 0.08435700 0.17629848 0.84198985 0.84198985
41.81334802 5.54427027 2.95400165 0.05498804 0.13180006 0.54533370 0.54533370
36.94154612 4.35067880 2.40592394 0.04293033 0.11353080 0.42353865 0.42353865
57.05191034 10.63205932 0.56161520 0.00622157 0.19595487 1.05074242 0.93305435
64.24496726 0.40089497 5.05906147 0.01191787 0.06138170 0.98374592 1.01694706
50.34323304 7.63409210 3.91361372 0.07609950 0.16378712 0.75858083 0.75858083
51.95091138 8.02797329 4.09447753 0.08007851 0.16981592 0.79877278 0.79877278
23.97095846 1.17288482 0.94673283 0.01082812 0.06489109 0.09927396 0.09927396
42.59067238 5.73471473 3.04145064 0.05691191 0.13471502 0.56476681 0.56476681
23.87702757 1.14987176 0.93616560 0.01059564 0.06453885 0.09692569 0.09692569
29.43208328 2.51086040 1.56110937 0.02434441 0.08537031 0.23580208 0.23580208
44.81829208 6.28048156 3.29205786 0.06242527 0.14306860 0.62045730 0.62045730
35.55727219 4.01153169 2.25019312 0.03950425 0.10833977 0.38893180 0.38893180
57.58791623 9.40903948 4.72864058 0.09403009 0.19095469 0.93969791 0.93969791
22.72354204 10.54606348 0.98661837 0.00303088 0.05146324 0.97953702 0.01408867
33.35037009 3.47084067 2.00191664 0.03404217 0.10006389 0.33375925 0.33375925
42.87643254 5.80472597 3.07359866 0.05761917 0.13578662 0.57191081 0.57191081
42.47327176 5.70595158 3.02824307 0.05662135 0.13427477 0.56183179 0.56183179
28.73959309 2.34120031 1.48320422 0.02263049 0.08277347 0.21848983 0.21848983
55.52004639 8.90241137 4.49600522 0.08891211 0.18320017 0.88800116 0.88800116
59.91807132 9.45452408 0.82621983 0.00133142 0.21521222 0.92135008 0.98425345
28.34790417 2.24523652 1.43913922 0.02166106 0.08130464 0.20869760 0.20869760
62.45392601 10.02626023 1.03094818 0.09818562 0.05393246 1.02863894 0.05459142
35.08439590 3.89567700 2.19699454 0.03833388 0.10656648 0.37710990 0.37710990
22.60551617 0.83835146 0.79312057 0.00744865 0.05977069 0.06513790 0.06513790
55.43701323 1.33044084 5.34496283 0.10354365 0.06034269 1.03823857 1.00467355
39.07216701 4.87268092 2.64561879 0.04820361 0.12152063 0.47680418 0.47680418
55.46744876 8.88952495 4.49008799 0.08878194 0.18300293 0.88668622 0.88668622
25.19616394 1.47306017 1.08456844 0.01386051 0.06948561 0.12990410 0.12990410
58.53096809 10.52121873 0.55403788 0.00206223 0.20032048 0.04318734 0.98641328
39.91683720 5.07962511 2.74064418 0.05029417 0.12468814 0.49792093 0.49792093
61.75651311 9.76022292 4.97739483 0.10533150 0.06847740 1.03365815 0.98167212
40.84981694 5.30820515 2.84560441 0.05260330 0.12818681 0.52124542 0.52124542
56.66649537 9.62770226 0.70694948 0.10332960 0.19129626 1.00944839 1.05856713
