47.89224261 5.46197153 2.52855487 0.02079601 0.17965015 0.79146449 0.63211777
49.93669340 9.91835832 2.98491922 0.06650237 0.05952894 0.13072492 0.55309629
58.27408642 9.16083457 3.52639162 0.04768570 0.05993867 0.17576348 0.67819239
45.48643789 1.38092778 2.97895115 0.05075735 0.11125897 0.88881097 0.14516394
49.54173203 9.63869501 3.59979454 0.07973337 0.05825049 0.38408698 0.39637469
58.57360997 0.67745336 4.02537392 0.00752661 0.12306271 0.30930801 0.70390577
46.73228258 9.39102275 3.55716655 0.06522239 0.07121595 0.25935281 0.73188202
56.87929176 9.20591887 3.08277418 0.06440520 0.06386477 0.51617126 0.54034354
51.37333335 1.57678218 4.93887399 0.06868115 0.17121776 0.66942453 0.74556871
51.18850047 8.82519271 3.52668833 0.05032791 0.05574226 0.51115176 0.22377454
41.71703921 3.56292587 2.59458916 0.08037803 0.11847091 0.90319024 0.45987110
53.42789364 8.16702077 2.16873917 0.09570591 0.09055650 0.63105815 0.79989010
53.82099046 6.97633821 3.37775399 0.05652716 0.05264317 0.45165486 0.28166659
49.73938053 9.10322454 4.11404499 0.05391021 0.06058376 0.33880936 0.34324050
56.74602539 9.40553401 3.33443497 0.05290161 0.06835290 0.15481169 0.71877697
39.69001400 2.74901025 1.56907923 0.06335682 0.12930628 0.89454536 0.88948186
48.88326140 9.62399731 3.98008133 0.06022444 0.06447023 0.30068912 0.24982728
50.92234646 7.33836318 3.87928556 0.06742663 0.07072509 0.37045482 0.33583200
58.24394854 9.25180719 3.81023330 0.04703274 0.06578573 0.15241329 0.85240136
55.23961477 9.12964555 2.94744355 0.05443050 0.06594883 0.55808051 0.40027211
23.64651292 4.76286588 4.60259283 0.01031524 0.06409381 0.48022168 0.42451078
50.99861635 8.15575917 3.21603326 0.06864173 0.07085524 0.28704881 0.40480835
51.95578594 8.83102393 2.92108259 0.05830660 0.06970291 0.57207266 0.34101354
53.13652599 8.30626333 3.20116057 0.06043710 0.05348325 0.51951606 0.30514685
45.73477192 9.40669709 3.06501369 0.05799006 0.06154348 0.16988500 0.55725648
46.42457971 9.70723962 4.55145564 0.05928711 0.05483499 0.24305439 0.17425149
45.44461254 9.63925134 3.69931736 0.05547537 0.05761027 0.14819994 0.53602122
56.64470273 9.87353373 2.95503407 0.06170446 0.05407236 0.41364847 0.64412552
52.33909808 8.21179030 3.63770077 0.05090553 0.05423083 0.21522088 0.75512128
40.67383703 1.43585398 1.78191109 0.00160206 0.05341814 0.12529124 0.87238358
45.43121338 9.04602221 3.44489109 0.06206679 0.06796516 0.40018611 0.23382151
51.81778501 4.70899732 4.24349458 0.01649497 0.07652413 0.49287181 0.38516980
54.66131594 9.52673618 3.39901567 0.05140326 0.06786937 0.21399893 0.76712743
59.38207279 5.58886931 3.63578973 0.03022948 0.17439890 0.74605731 0.50903364
57.16548573 9.81838819 3.48380961 0.04741427 0.06624788 0.53647151 0.43785460
45.11492261 8.95920496 3.89204971 0.04918580 0.05866862 0.28662971 0.40229825
51.35432268 0.92798907 3.72783490 0.00306252 0.14252266 0.82598612 0.01166267
51.87985833 9.35183289 3.31782763 0.05520484 0.05431177 0.58632594 0.37484291
48.41296766 9.26509769 3.66060029 0.03958236 0.07064045 0.22915673 0.36364204
51.29032815 9.37479563 3.66684098 0.05286782 0.06923499 0.39842558 0.42039457
48.19854267 8.78428219 3.61579872 0.06170554 0.06470420 0.42456845 0.61292707
38.30153591 3.35239986 1.92995037 0.07645575 0.19142130 0.07540826 0.75232860
54.74169633 9.57443598 3.38971652 0.06486577 0.05530316 0.55292033 0.40455643
59.56541442 5.24648313 0.66641053 0.07045757 0.14455874 0.65863117 0.08700149
42.26424186 4.97817576 3.15125018 0.01845078 0.07571008 0.25013453 0.98925763
49.01130481 8.55822257 4.00155105 0.06010210 0.05335503 0.28542951 0.27624380
48.74216737 9.22859345 4.08257627 0.03684837 0.07174824 0.20336206 0.30426143
49.70485662 9.72405026 0.66433745 0.04155029 0.07780745 0.62067198 0.97180194
45.09409794 9.56909902 4.05023915 0.03452534 0.07404780 0.24833760 0.60539747
59.12891814 7.11264114 3.03633684 0.04064497 0.06862488 0.42918885 0.74885758
58.82978176 9.04877301 2.89884457 0.06030227 0.06843690 0.38785480 0.62453304
55.72983882 8.68972196 3.22360890 0.05697710 0.05635954 0.45505219 0.49135954
49.78137396 9.32718230 3.67766518 0.04597329 0.06709844 0.34805595 0.11467615
42.37161730 8.76218171 4.22033117 0.06009570 0.05437039 0.16524080 0.67026356
54.16106402 8.80663325 3.44226177 0.04526053 0.14513073 0.05276139 0.08469522
50.02470145 6.84197184 0.95821192 0.09658714 0.11290336 0.04857706 0.31542188
57.95718415 9.69594443 3.53576865 0.05244549 0.06257723 0.21376972 0.83217835
51.61836935 9.40510516 3.36699423 0.05235913 0.06428737 0.15891275 0.70528612
45.25042347 9.75740783 3.67767351 0.04847529 0.05843120 0.28161060 0.39902001
59.96984008 8.51002971 3.99745849 0.05730977 0.05070857 0.04281261 0.76289636
44.73601019 9.61005235 3.47673212 0.05557596 0.05049455 0.17023324 0.69839459
51.46071941 9.82428693 3.41624203 0.04441514 0.06013803 0.39586885 0.45240244
39.29886684 3.61553895 1.41148156 0.07686296 0.11118762 0.89930037 0.44706413
42.19921397 9.40178981 3.74448709 0.05641509 0.05371696 0.14617662 0.72132983
52.35139898 8.14155589 3.66865039 0.04755963 0.05536200 0.56132903 0.23018804
24.04410391 5.22334803 4.80623148 0.08945070 0.12188605 0.82714822 0.42097140
54.09346252 9.18742843 3.64036582 0.04436607 0.06377648 0.17044404 0.42250004
45.89236970 9.15508052 3.97975240 0.06340251 0.06134187 0.14064849 0.81115211
53.80220002 4.14133972 0.71958269 0.04038363 0.18739235 0.80256263 0.73709712
57.01845378 8.31477402 3.45834405 0.08715893 0.19813402 0.11208385 0.15941414
25.23739891 7.25652842 2.31701726 0.04800397 0.08250076 0.21236903 0.97878460
55.83847031 8.85788323 3.28103619 0.05856618 0.06194788 0.42092374 0.73631433
54.53242868 9.89483173 3.26643645 0.04460940 0.06368805 0.09497754 0.97522408
50.30785437 9.96804017 3.40450089 0.05050542 0.07572008 0.40570295 0.27829221
32.38052850 4.75379575 2.45111034 0.00268625 0.16051315 0.81894005 0.13961859
51.79062434 1.75894197 3.57196624 0.05612479 0.15948943 0.59701452 0.69851535
44.10354627 9.74842286 0.95590697 0.07314324 0.15775786 0.53777217 0.64876923
57.73798855 5.77558720 4.72860010 0.08837258 0.15397552 0.72684159 0.90451082
25.33602665 6.67166004 0.71896929 0.01914847 0.16461304 0.06139674 0.29196655
49.94010996 8.25702114 3.91589601 0.05185608 0.05800646 0.35333408 0.10309048
43.42146817 8.50107987 3.32737349 0.05536384 0.05070386 0.21592056 0.35516660
56.15060537 9.14628873 2.99775125 0.04240553 0.05647143 0.24215557 0.61583087
53.00371043 7.55764344 3.32078960 0.04798435 0.05066909 0.46291422 0.56577972
23.16319761 1.56520838 4.89764847 0.09035089 0.15802388 0.45048904 0.37371581
45.93827144 9.57882395 2.91627933 0.06119856 0.05702837 0.00699158 0.74648237
46.54134035 8.73900115 3.43943936 0.03156280 0.05418845 0.45478712 0.51154202
56.35600443 8.62524202 3.64622280 0.05444874 0.05652637 0.25870631 0.81228906
54.99884318 9.05143067 3.90151599 0.04749355 0.05804031 0.13156775 0.83158226
29.84208761 0.70992290 1.18265224 0.09957153 0.09358057 0.51892684 0.55525387
41.23437192 9.17828956 0.58823774 0.03092087 0.15620431 0.42872809 0.71606605
57.42202584 9.11190011 2.95531188 0.05894680 0.05807520 0.47343803 0.64779867
36.99300551 6.78503407 2.78106661 0.05951506 0.14276768 0.87292295 0.77824600
44.53433154 9.72218959 3.75448161 0.03085189 0.05906058 0.28466526 0.54669703
51.24795813 8.29695476 3.83347208 0.05181448 0.06276766 0.39043599 0.11981256
52.02689066 8.52215535 4.17065306 0.04827791 0.05961042 0.21318939 0.75213587
55.08337047 9.85435237 3.51512988 0.04185615 0.06075591 0.30718751 0.61973673
35.29518800 9.04216529 4.95615099 0.08215553 0.13773647 0.68770066 0.49179212
35.58998045 8.34864448 3.85844220 0.04400570 0.10230140 0.24958814 0.54240431
48.05421179 9.66240900 3.91646644 0.03526858 0.08222996 0.10465134 0.44689014
58.46487655 8.39620572 2.78824011 0.05497711 0.05040145 0.27621367 0.74832436
49.01236971 9.88115656 2.69148575 0.05363350 0.07518710 0.36397640 0.48434886
26.30246205 0.78471963 4.20247891 0.07488805 0.11692633 0.43429790 0.00711569
45.11948514 7.25100442 3.37940655 0.09705433 0.16654995 0.12409200 0.49691362
42.98526399 8.94027195 3.53541536 0.05439783 0.05221031 0.42271394 0.45621330
55.17500807 2.29405413 4.99125795 0.00892533 0.17496955 0.01597868 0.14196103
47.65583060 9.36090921 3.75832490 0.05418464 0.05849917 0.26319653 0.74304135
44.55268460 9.16692783 3.42748942 0.05066182 0.06521370 0.16515095 0.26270561
48.43796482 9.25452753 3.64858964 0.04076726 0.05735268 0.20297315 0.28762170
30.04647330 2.39203834 2.13746548 0.02748988 0.14056102 0.43081994 0.80200897
52.43218974 9.42130075 3.23804302 0.06759788 0.05134245 0.23009342 0.72145238
46.11133190 8.67843579 4.13125079 0.05453679 0.05312331 0.25075449 0.16029478
53.38030953 3.66917336 3.59274531 0.01703518 0.18937920 0.46479444 0.57674211
52.00535061 8.55532057 3.21561352 0.06607084 0.05139555 0.55105369 0.18735530
57.95007514 9.86971822 3.25852255 0.04540197 0.05664355 0.17450106 0.66425624
46.71165940 8.91846806 3.36525112 0.04778393 0.06182622 0.40196376 0.50020046
47.97788753 8.98222001 3.47068021 0.05763379 0.05069248 0.39537615 0.43520697
26.53967951 6.57618672 0.88684180 0.04710117 0.12373743 0.82696243 0.89211505
53.66145072 8.50102005 3.36958287 0.06402091 0.05894657 0.17264747 0.86382776
53.35545309 8.58692887 3.47416957 0.05590663 0.05202766 0.47622787 0.51042614
44.33339701 0.91453375 1.41021077 0.07099104 0.14447179 0.20878338 0.43116918
46.12120938 9.75042810 3.91659192 0.04887431 0.05477934 0.23120118 0.72417437
46.67327254 6.93006796 4.31802963 0.09873546 0.18275913 0.91443239 0.99615206
41.35290181 9.40553052 4.04096987 0.05990284 0.05681881 0.08154784 0.77549955
50.23522152 8.61021639 3.15623986 0.06309245 0.05694350 0.16102859 0.49434801
38.64398974 2.75357031 4.54458787 0.07796123 0.12900065 0.90483324 0.15881527
22.60910557 0.80989394 4.05087166 0.04145812 0.11712141 0.56937934 0.27268358
42.86363230 8.06318862 2.47230213 0.01623376 0.08538067 0.22411151 0.97728748
56.51432945 7.04519888 2.87934527 0.07059214 0.06819877 0.69156705 0.23390010
