106.71531977 15.74942003 9.80716101 0.15801106 0.05065360 0.67469819 0.50174851
52.16814194 8.08119477 4.11891597 0.08061615 0.17063053 0.80420355 0.80420355
99.48961568 11.12892446 10.03704853 0.16979256 0.05968198 0.82805296 0.62448591
83.41878810 21.97540239 9.58182676 0.09036455 0.05706158 1.53848278 0.85564285
72.32823731 20.26616062 9.47555603 0.09919349 0.05976007 1.68790723 0.87402190
105.61193070 11.81847301 8.35396217 0.17405773 0.05799937 0.89993915 0.78168484
72.63295804 20.14333660 9.67117478 0.09382906 0.05306402 1.67155984 0.88177993
94.04972958 16.87005952 8.31795435 0.13363210 0.06066442 1.46514305 0.87566017
90.88010701 17.18003616 8.93528541 0.14723034 0.07393398 1.45162763 0.76269475
45.18204221 6.36960034 3.33297975 0.06332555 0.14443266 0.62955106 0.62955106
86.87965010 16.20580751 8.68555048 0.12870534 0.06188000 1.40347042 0.96054080
92.26572546 17.69791219 9.02367595 0.13449796 0.06212671 1.43947491 0.91692812
23.35492510 1.02195665 0.87742907 0.00930344 0.06258097 0.08387313 0.08387313
75.20970233 20.94054183 9.62840413 0.08754794 0.05911335 1.65328408 0.91764852
76.88627082 23.52221607 9.80129543 0.05102338 0.05381349 1.15555646 0.89799987
100.14990901 14.09332517 8.00225702 0.16710393 0.05739222 1.22262304 0.85840512
93.18142739 16.45826661 8.13738638 0.14833003 0.05932057 1.78222613 1.01746978
72.46090894 20.13459856 11.18489582 0.04493308 0.08639861 1.50089085 0.92086680
100.08213395 14.77616849 8.69677509 0.18137778 0.06693605 1.31654370 0.85535408
97.35011708 15.19674192 9.23423395 0.14635147 0.05705130 1.52770087 1.07929367
72.90277566 21.39229276 10.03301482 0.06710220 0.05980730 1.42717278 0.85242727
57.36185037 9.35365334 4.70320817 0.09347058 0.19010694 0.93404626 0.93404626
76.93950902 21.78641907 10.02756791 0.09624280 0.06342798 1.69355564 0.83126031
94.34354880 16.57524581 7.45026620 0.13987352 0.05287862 1.76696378 1.08196542
41.60986663 5.49441732 2.93111000 0.05448442 0.13103700 0.54024667 0.54024667
106.46081701 14.10266074 8.57220322 0.13468111 0.06028893 0.57248654 0.68069341
24.41961608 1.28280594 0.99720681 0.01193855 0.06657356 0.11049040 0.11049040
86.00774280 16.42436578 9.03950693 0.14338597 0.06635495 1.24859218 0.84759777
77.22777016 17.96442151 8.65163586 0.15613660 0.05011207 1.44640934 0.86506092
70.97790715 20.39042096 9.99208984 0.10669626 0.05535894 1.36020195 0.79422338
83.26259119 18.68186636 10.70028306 0.08577802 0.05312151 1.57158573 0.97052735
90.89988272 18.54919188 9.33906843 0.14706827 0.07069851 1.56128772 0.72078381
31.15601267 2.93322310 1.75505142 0.02861113 0.09183505 0.27890032 0.27890032
72.17793674 21.46823820 9.39544186 0.07432372 0.05271546 1.52811157 0.88039924
76.53492832 20.52585918 10.22314941 0.10397211 0.06010636 1.83508556 1.24342770
90.77292903 16.31870679 8.27425130 0.12323644 0.05108379 1.41371366 0.95026179
99.99222112 13.84235689 8.11642654 0.16649604 0.05276536 1.35299420 0.91919880
77.56984630 20.22176464 10.10351445 0.09193218 0.05656909 1.75738694 1.18243952
38.72958052 4.78874723 2.60707781 0.04735571 0.12023593 0.46823951 0.46823951
68.60949211 22.11813061 9.19474920 0.03539120 0.05494691 1.29808543 0.85451882
91.97850479 17.09046700 8.36861321 0.14199252 0.05458300 1.73584685 0.96135182
94.86155340 16.71405884 8.98595785 0.14551712 0.05778029 1.54780232 1.16622211
87.93046027 17.32548335 7.98576036 0.13524731 0.05615989 1.54443305 0.74590138
71.27047407 22.10066896 9.32374697 0.05144312 0.06108189 1.21805872 1.05283818
74.32972792 23.99179120 8.62442103 0.04787570 0.05836834 1.09480635 0.98998174
45.30276051 6.39917632 3.34656056 0.06362433 0.14488535 0.63256901 0.63256901
82.81745058 22.81211840 9.94566627 0.09880545 0.06104388 1.56105657 0.90855320
79.09963006 18.75313566 10.24497909 0.08201193 0.05146143 1.48510380 1.06684304
74.36504560 20.22703230 9.93895878 0.10510327 0.06664003 1.66111303 0.92413597
113.98825615 10.77046105 8.51807845 0.17719460 0.06262201 0.73033059 0.65717158
20.89384286 0.41899150 0.60055732 0.00321226 0.05335191 0.02234607 0.02234607
31.71363817 3.06984135 1.81778429 0.02999125 0.09392614 0.29284095 0.29284095
95.39948882 11.73489398 9.54835507 0.12702350 0.06292714 0.57178214 0.37681237
72.84305060 22.72616890 9.59394066 0.04946978 0.05860375 1.16782665 0.96364075
89.39420922 16.60546977 8.52015437 0.11682655 0.05211008 1.48317417 0.95105505
102.97667292 12.95135820 10.44554452 0.15590115 0.05164780 0.53706303 0.70596761
76.61569318 20.20709277 10.58668560 0.10143452 0.05960971 1.57006375 1.23373372
45.28904605 6.39581628 3.34501768 0.06359039 0.14483392 0.63222615 0.63222615
105.02953171 12.04510949 8.74339840 0.16506511 0.05676040 0.42449805 0.45710660
28.78044557 2.35120917 1.48780013 0.02273160 0.08292667 0.21951114 0.21951114
102.96426218 11.70104784 9.08018497 0.17082172 0.06769341 0.77409716 0.63520839
90.16324340 16.83355016 8.15240585 0.11995901 0.07536729 1.39610009 1.00892179
67.67633922 19.92208805 11.15617830 0.04854573 0.06937944 1.53023458 0.88475828
77.99716700 20.82381618 9.51915247 0.08540858 0.05890156 1.32159987 0.99136068
36.02236238 4.12547878 2.30251577 0.04065535 0.11008386 0.40055906 0.40055906
26.15928154 1.70902398 1.19291917 0.01624422 0.07309731 0.15398204 0.15398204
100.06942081 17.33542978 8.30982396 0.15311072 0.05309785 1.27227433 1.01677891
110.28236694 11.49190255 8.98696716 0.18103205 0.06681631 0.74607201 0.67184201
92.12010249 17.36102746 8.66648344 0.15947180 0.05599136 1.42580926 0.82378185
92.75944856 16.78859582 8.09859844 0.13079718 0.06447390 1.49707064 0.80625204
30.16621640 2.69072302 1.64369935 0.02616139 0.08812331 0.25415541 0.25415541
41.10282415 5.37019192 2.87406772 0.05322949 0.12913559 0.52757060 0.52757060
110.84424293 10.26337608 8.72793731 0.17653060 0.06005017 0.66422410 0.76519275
100.35599687 14.02610621 7.93188280 0.16913730 0.05889042 1.32698730 0.90985073
99.51804861 10.47576649 9.16359535 0.13287844 0.05612155 0.66322618 0.55988113
84.72259212 17.57997983 8.34937119 0.13641204 0.05390964 1.55499938 0.72993394
89.50139823 16.15070309 8.83476088 0.12043011 0.05047670 1.48513065 0.89076135
22.86078240 0.90089169 0.82183802 0.00808044 0.06072793 0.07151956 0.07151956
91.28618048 17.90245014 8.64715261 0.13049175 0.06452564 1.37715037 0.81103526
70.42283612 22.59497860 9.81335217 0.04542583 0.05223981 1.20242228 1.08711653
104.92585816 13.81896596 10.15952074 0.15962328 0.07225788 0.51902595 0.53826057
75.21044696 20.51313847 10.32734031 0.08805182 0.05087994 1.71530681 1.03046594
73.92383859 20.84287750 9.84556132 0.08801430 0.06432348 1.78031667 1.32197765
80.87388682 17.60334662 8.93214670 0.13545819 0.06822634 1.50785283 0.68160276
66.60276734 20.46693650 10.94067414 0.04307769 0.06180853 1.52502638 0.98728082
105.69034150 13.52151211 9.64861105 0.14413904 0.05151074 0.26050318 0.55928618
99.44763104 14.88893823 8.76857957 0.15170173 0.05950847 1.55174638 1.11000819
67.65362843 21.16827325 10.91695430 0.05858754 0.05074994 1.50475989 0.87021998
98.37786796 11.37004127 9.64774917 0.17591077 0.06530297 0.77003168 0.63962818
88.51145164 16.57815441 8.47620539 0.12191621 0.05253165 1.40885316 0.95063498
89.12896779 18.25040018 8.90819324 0.15837315 0.06779458 1.53735799 0.81711312
82.36812266 22.61182726 9.37275425 0.08688787 0.05922084 1.55154813 0.78676818
24.97327947 1.41845347 1.05949394 0.01330887 0.06864980 0.12433199 0.12433199
45.70132996 6.49682584 3.39139962 0.06461079 0.14637999 0.64253325 0.64253325
72.56790667 20.20512579 10.95097824 0.05250149 0.05187670 1.54707197 0.99959130
58.04416238 9.52081978 4.77996827 0.09515930 0.19266561 0.95110406 0.95110406
52.58894227 8.18429086 4.16625601 0.08165763 0.17220853 0.81472356 0.81472356
75.66187603 23.08475792 9.34857913 0.03911141 0.05763565 1.27874602 1.04626047
71.20076926 23.19836129 9.40951218 0.05288632 0.06327914 1.22800204 0.99509716
74.67136733 19.35950426 10.58886198 0.04068075 0.06702493 1.60310073 1.03207377
88.47873940 15.87243271 8.56829507 0.13442876 0.05963478 1.44482693 0.94831485
71.03922289 22.44454260 9.36155367 0.04193610 0.05170840 1.29407370 0.97083191
42.15699744 5.62846437 2.99266221 0.05583857 0.13308874 0.55392494 0.55392494
74.24074415 19.16365129 10.51278280 0.08283833 0.05297792 1.71879119 0.97614790
93.54886000 18.65977906 8.42390233 0.12870938 0.05863915 1.47701027 0.82854508
91.67596466 16.39823217 8.63054833 0.13086936 0.05684941 1.52254663 0.99143305
49.68900467 7.47380614 3.84001302 0.07448029 0.16133377 0.74222512 0.74222512
92.03043603 16.29434237 8.75933463 0.14826594 0.05142616 1.64357862 1.01355905
95.52585812 15.32619536 8.94096579 0.17544444 0.05118061 1.22458146 0.83536013
104.49880372 13.82889908 9.66246574 0.15509477 0.05680839 0.44967137 0.64977872
88.63926187 17.75724785 8.54844989 0.15196727 0.05215130 1.76057596 1.00890791
93.01618069 17.62796831 8.75886807 0.12395783 0.06518108 1.34967070 0.89191621
52.21110277 8.09172018 4.12374906 0.08072248 0.17079164 0.80527757 0.80527757
74.20742938 21.81502692 9.58685566 0.07749631 0.06212346 1.50597987 0.96192506
70.75591609 21.73321344 9.09339615 0.05301500 0.06490043 1.26121978 0.89595470
82.64741290 17.06749594 8.79717430 0.12099714 0.06877931 1.46638812 0.93228738
98.42435301 14.68746739 9.11087404 0.17265240 0.05199809 1.37525572 0.88353999
83.21444758 16.79336440 8.68394321 0.15012462 0.06630500 1.37848799 0.83936661
80.11632001 22.33980510 9.71554387 0.09723371 0.05364923 1.58706901 0.80913982
103.35218098 12.46795791 9.15225219 0.16467031 0.05569353 0.41336549 0.57569150
56.42664239 9.12452739 4.59799727 0.09115594 0.18659991 0.91066606 0.91066606
97.15112684 11.57565107 9.35434708 0.17573986 0.05148896 0.81151419 0.73037030
105.20392775 14.41984461 9.67082017 0.16444524 0.05136492 0.60128757 0.62174720
110.01786359 11.42722920 8.80961721 0.16552133 0.05807741 0.78272453 0.76729732
43.99682616 6.07922241 3.19964294 0.06039214 0.13998810 0.59992065 0.59992065
95.84221270 11.89597874 9.59763253 0.13291469 0.05979215 0.65437475 0.54880811
79.60305379 18.02698583 8.71518893 0.13420425 0.05516767 1.60075083 0.90310054
23.27659419 1.00276558 0.86861685 0.00910957 0.06228723 0.08191485 0.08191485
