109.79972093 13.85425295 13.51930897 0.16381004 0.05455851 0.45173582 0.44050080
87.74760320 20.26352365 10.75813088 0.17793489 0.06266378 1.03770131 0.63741736
93.09043391 18.46570354 11.62006015 0.18453645 0.05362621 0.88598947 0.55832185
111.07919209 14.48522301 13.88099235 0.16346708 0.05209663 0.46942004 0.54162904
39.64153672 5.01217650 2.70967288 0.04961280 0.12365576 0.49103842 0.49103842
57.81634705 9.46500503 4.75433904 0.09459546 0.19181130 0.94540868 0.94540868
66.43031602 25.72314750 11.62808581 0.09868047 0.06456107 1.55076752 1.18555530
71.90161244 27.97326753 11.47818591 0.07480472 0.05440444 1.50163730 1.20052967
109.01900817 15.50545581 13.11559120 0.15967432 0.05501842 0.28629813 0.98376350
104.49958323 15.03461190 12.88208943 0.16714305 0.06972366 0.45054945 0.92484588
91.68722386 17.26465433 11.97503061 0.18910818 0.07439940 0.90865643 0.60285542
64.24262949 28.88078104 10.95908362 0.09604761 0.06006533 1.46514395 1.24641407
109.43150611 13.63835858 14.20837477 0.19562837 0.06367593 0.08203196 1.01140594
106.33236279 14.37792619 13.87726379 0.18991679 0.05155848 0.09417785 1.14771924
32.65190493 3.29971671 1.92333930 0.03231346 0.09744464 0.31629762 0.31629762
95.14979471 16.75602883 12.03350202 0.17828567 0.05281325 0.99902446 0.48255039
59.23162628 9.81174844 4.91355796 0.09809828 0.19711860 0.98079066 0.98079066
25.63597954 1.58081499 1.13404770 0.01494905 0.07113492 0.14089949 0.14089949
104.37399026 14.07150672 13.42359647 0.17000247 0.05328324 0.23964209 0.60630628
106.85370347 17.33109838 11.75765274 0.19826634 0.06525818 0.83030282 0.45011920
102.69473931 17.42911721 11.32840115 0.19817792 0.05334881 0.88378714 0.55060603
57.10943660 9.29181197 4.67481162 0.09284586 0.18916039 0.92773592 0.92773592
34.54580702 3.76372272 2.13640329 0.03700087 0.10454678 0.36364518 0.36364518
96.00517660 16.69591790 11.53340358 0.21116011 0.06763897 0.77737162 0.46200639
103.95018009 13.01775598 14.07120246 0.17892342 0.05276763 0.34256183 0.68832032
40.63695923 5.25605501 2.82165791 0.05207647 0.12738860 0.51592398 0.51592398
108.14065566 13.62800880 13.22774514 0.16598121 0.06105922 0.57142826 0.55315216
66.35325338 25.01208255 12.77746918 0.10266900 0.05958936 1.41236277 1.41232808
105.18816714 13.89170770 14.20188843 0.17079369 0.06993818 0.10900424 0.71936804
106.75760154 14.49057884 13.40518480 0.16845609 0.07118828 0.35034836 0.38144162
107.59348188 14.32490781 14.24477080 0.17197247 0.05173672 0.60038411 0.55523402
95.13837502 17.13203648 12.89649712 0.19497435 0.05066504 1.01150779 0.34534980
110.33285574 14.77269546 13.92542034 0.16350176 0.06521203 0.46136646 0.57205584
95.04462467 17.53919052 11.79490364 0.17599660 0.06390564 0.95710815 0.46903430
87.80231917 21.12241218 10.97364416 0.13218111 0.06466675 1.82694274 1.15632425
51.87745178 8.00997569 4.08621333 0.07989669 0.16954044 0.79693629 0.79693629
72.39687239 27.85861451 10.99011602 0.08148325 0.06171037 1.43015873 1.19370022
91.54373499 17.89815158 11.69332677 0.18037530 0.06393167 0.96316842 0.63418279
83.82762756 24.41097722 10.92867140 0.10392143 0.05177960 1.40863932 1.26577177
79.84943552 19.60671518 11.03439184 0.12695559 0.05293441 1.68151556 1.06487670
71.47116699 28.34418352 11.61650260 0.08411823 0.05551988 1.54313562 1.15925185
107.91244614 14.39514369 13.80996776 0.16029691 0.05597913 0.53395203 0.59561329
92.62796257 16.30436289 11.84671854 0.18487372 0.06081975 0.97188643 0.51148632
104.61939667 16.82425162 10.75958505 0.19752215 0.05197581 0.95682770 0.56814561
105.74794573 16.82979417 11.84083798 0.20154303 0.06001054 0.98817447 0.46570652
109.28397154 13.70472889 13.75897791 0.18680618 0.05443570 0.18776033 0.48387706
66.72660824 26.40232658 11.33913192 0.08299079 0.05446092 1.49122343 0.95089486
105.64343847 13.88792265 13.22431624 0.17493170 0.05705868 0.26877253 0.49266967
70.88820221 28.34100868 11.42940293 0.06903357 0.05089310 1.45204069 1.16234343
66.71067941 29.05926790 11.05837182 0.08694768 0.06034197 1.48202731 1.17585845
45.64453973 6.48291223 3.38501072 0.06447024 0.14616702 0.64111349 0.64111349
104.75636771 14.28374124 13.64363151 0.17343752 0.05875073 0.10003183 0.55838866
35.26265590 3.93935070 2.21704879 0.03877507 0.10723496 0.38156640 0.38156640
73.82471846 29.24801554 11.39223384 0.08564154 0.07277904 1.59902104 1.01629923
51.56195777 7.93267965 4.05072025 0.07911585 0.16835734 0.78904894 0.78904894
46.45360555 6.68113336 3.47603062 0.06647267 0.14920102 0.66134014 0.66134014
88.95548995 20.08886929 10.40506025 0.15041380 0.05620757 1.53683863 1.31747280
109.70494326 14.65762431 13.20948423 0.18718141 0.06055211 0.47761883 0.67695143
103.58609244 14.43535918 14.26389210 0.17286956 0.06504206 0.22515239 0.60058610
68.88627768 28.83766355 11.39160512 0.09058184 0.05594250 1.50165709 1.16553567
104.62979059 13.82707043 14.50006488 0.18238212 0.05611242 0.18369280 0.58819319
68.08286294 29.58778188 11.20386909 0.08936849 0.06023191 1.54155045 1.22193657
101.68955171 15.23925174 12.88263190 0.16828691 0.05861407 0.35908420 0.91902581
106.28223125 14.76094236 12.63557646 0.16117596 0.05575585 0.12451642 0.90701607
47.33068312 6.89601736 3.57470185 0.06864344 0.15249006 0.68326708 0.68326708
104.93506554 17.42851062 10.87025832 0.18749290 0.06168199 1.03775708 0.50090767
68.68318411 26.93904171 12.12970725 0.08496913 0.05669639 1.40645188 1.12747752
103.30451777 13.44537767 14.36747315 0.18634887 0.05034895 0.08380912 1.11125592
111.60922407 14.33624629 13.36104244 0.17266871 0.06363286 0.57386621 0.49381858
80.67216850 20.00026503 10.73370683 0.13440408 0.05505901 1.67091252 1.09352854
107.31548104 14.23651654 13.78882105 0.15414692 0.05733017 0.35487591 0.38015058
103.43937289 13.84977773 14.04089861 0.18108597 0.06182853 0.29684144 0.55547603
55.70953293 8.94883557 4.51732245 0.08938109 0.18391075 0.89273832 0.89273832
24.19236548 1.22712954 0.97164112 0.01137610 0.06572137 0.10480914 0.10480914
100.29454210 16.92596855 11.65900286 0.18368611 0.07133084 0.89896914 0.40707709
107.39707736 12.17734078 14.25424173 0.19462706 0.06166428 0.26489578 0.66855326
83.43009536 24.85165738 10.73817080 0.09205338 0.06309500 1.36462981 1.29199844
82.00460555 18.52335390 10.79212965 0.16832253 0.05451066 1.27515589 0.67222930
112.22799462 15.22262031 12.99699848 0.17121096 0.05575150 0.50045681 0.47478812
103.07472015 17.46538684 10.62200549 0.19572927 0.05243174 1.03358040 0.56150784
69.81592698 28.45283033 11.54273944 0.08506942 0.05749334 1.45060545 1.18806594
44.34869926 6.16543132 3.23922867 0.06126303 0.14130762 0.60871748 0.60871748
104.66656919 17.94715996 10.62706187 0.19032843 0.05194413 1.06223677 0.50886669
66.45408870 27.94488867 11.17045994 0.09192288 0.06464743 1.57405408 1.17333945
37.37322062 4.45643905 2.45448732 0.04399872 0.11514958 0.43433052 0.43433052
91.68981382 16.96540768 11.68593152 0.18088088 0.06248598 0.95454855 0.48277996
66.47192146 26.00064195 11.06273419 0.10139408 0.05762968 1.47365109 1.24538046
88.92392972 20.26480715 10.62825142 0.12835333 0.05707070 1.78099498 1.22732182
70.38851316 26.91184349 12.64381971 0.08422777 0.05326757 1.56136869 1.28195202
102.88261041 13.54895816 13.81107497 0.15233243 0.06590022 0.52885360 0.38755010
31.40002023 2.99300496 1.78250228 0.02921505 0.09275008 0.28500051 0.28500051
108.48131888 14.15288540 13.00238762 0.16622356 0.06390120 0.63876959 0.47601958
71.83816594 26.52743665 12.92207881 0.08062652 0.05686265 1.48684232 1.30572698
83.95348500 24.82579349 11.11279485 0.10955300 0.06516109 1.38312309 0.79036540
68.47141717 25.79117946 12.04173386 0.08809032 0.05202658 1.65333730 1.21950952
112.39230408 13.87157487 13.97525869 0.17322793 0.06931263 0.55616089 0.55304406
22.03330023 0.69815856 0.72874628 0.00603242 0.05762488 0.05083251 0.05083251
75.54797896 19.61735040 11.48704728 0.14570261 0.06106727 1.66260199 1.11386682
72.14452838 25.51410082 12.04660665 0.08319921 0.06066501 1.63344004 1.14946235
45.44022020 6.43285395 3.36202477 0.06396455 0.14540083 0.63600551 0.63600551
108.36465417 14.76385972 13.02497537 0.16818243 0.05765553 0.44864222 0.47107450
107.36712749 13.75285933 14.01700675 0.18225845 0.05713143 0.17461190 0.53282446
91.59316163 17.50594965 12.08490495 0.18136182 0.05245449 1.01856344 0.48648959
103.58367730 15.25655603 13.28654326 0.17625339 0.05226193 0.55115443 0.58387269
33.04252820 3.39541941 1.96728442 0.03328026 0.09890948 0.32606321 0.32606321
64.91669493 26.15097020 11.75706918 0.10532361 0.05830660 1.57161898 1.20662557
95.95499572 17.22322636 12.62608541 0.18732535 0.05826321 1.04939264 0.29111342
31.26800899 2.96066220 1.76765101 0.02888832 0.09225503 0.28170022 0.28170022
23.25585719 0.99768501 0.86628393 0.00905825 0.06220946 0.08139643 0.08139643
113.02798272 14.26080957 13.44261299 0.17304216 0.05482428 0.52597775 0.54303323
27.25945572 1.97856665 1.31668877 0.01896715 0.07722296 0.18148639 0.18148639
42.24427714 5.64984790 3.00248118 0.05605459 0.13341604 0.55610693 0.55610693
20.77765292 0.39052496 0.58748595 0.00292469 0.05291620 0.01944132 0.01944132
73.55021622 26.94825874 12.67584263 0.08728211 0.06398370 1.55968299 1.31431813
86.95418086 20.29558527 10.78493395 0.12904670 0.06176789 1.80750324 1.15212356
56.85573913 9.22965609 4.64627065 0.09221795 0.18820902 0.92139348 0.92139348
103.85468484 15.32361990 12.92003916 0.17381491 0.06413442 0.37944432 0.87869654
83.09026704 19.71961770 10.25953601 0.17804749 0.05869764 1.27113740 0.68935474
107.48252291 13.46254743 13.41057111 0.17620422 0.05895769 0.33073880 0.53345798
93.12119362 16.89543117 12.31361644 0.18055488 0.06081739 0.91638427 0.54862634
93.06426688 17.21761303 11.32259418 0.17738319 0.05443840 0.96947515 0.50123202
91.86933915 20.21137112 10.64566293 0.19047323 0.05826192 1.16321348 0.67971319
107.21605381 13.87993912 12.64840106 0.16519707 0.06150815 0.43751269 0.90545805
105.32725745 16.41429245 11.60551029 0.20221668 0.05178881 0.94541925 0.49145546
92.38036054 16.86236732 11.89883515 0.17872826 0.06016654 0.87421362 0.61242038
112.30345311 14.88737676 13.12670514 0.17216215 0.07359465 0.55854768 0.50056905
96.41304205 17.59711934 11.85261296 0.18323756 0.05501721 0.93474518 0.54352784
91.40587500 17.64476282 12.12218203 0.18185717 0.06759262 0.97915972 0.65566501
