78.72780959 22.05430270 11.16662192 0.09803469 0.06142009 1.71776914 1.15153742
89.82289435 21.46405906 11.59004759 0.10516913 0.06532371 1.51857242 1.34941814
34.01792624 3.63439193 2.07701670 0.03569437 0.10256722 0.35044816 0.35044816
84.52433429 23.97419611 10.51753398 0.10390808 0.05413058 1.43252075 1.29223165
107.71418921 15.39295077 12.50971471 0.12709641 0.07616982 0.21956238 0.69583115
92.07876525 17.74514726 10.64082139 0.17191596 0.05333340 1.42618918 0.51430774
111.12067225 14.38588596 13.08829338 0.17808206 0.06306080 0.45866976 0.88890883
100.67925078 14.67683930 11.07097505 0.14101838 0.06297735 0.82941794 0.45360231
56.20215652 9.06952835 4.57274261 0.09060034 0.18575809 0.90505391 0.90505391
71.42502909 27.75449598 11.71765874 0.08386475 0.05113334 1.36656324 1.21189891
28.22008386 2.21392055 1.42475943 0.02134471 0.08082531 0.20550210 0.20550210
85.89549862 16.28451793 10.96793191 0.21193437 0.05334138 0.99686062 0.83067441
105.96181059 14.37869861 13.06399459 0.16630548 0.05219174 0.22969366 1.00431810
67.72895603 25.99114786 12.18535959 0.08480871 0.06201552 1.64076927 1.41761060
50.81486846 7.74964277 3.96667270 0.07726680 0.16555576 0.77037171 0.77037171
106.52543690 13.19493314 13.72243720 0.17994607 0.05352128 0.22812712 0.60006915
75.18869141 20.31731740 12.22474521 0.09856393 0.07166485 1.50466582 1.31603727
20.96820920 0.43721125 0.60892353 0.00339632 0.05363078 0.02420523 0.02420523
74.75935814 23.90949598 11.31510585 0.08486576 0.05261755 1.50314481 1.46831029
66.52068174 26.98499060 11.73256264 0.08890540 0.06279218 1.63940686 1.37907622
91.33679354 18.76254921 10.30290943 0.18307283 0.05174154 1.26594017 0.62762311
24.70494836 1.35271235 1.02930669 0.01264475 0.06764356 0.11762371 0.11762371
90.76413919 17.56027943 10.34537660 0.19230865 0.06496997 1.36358772 0.55324074
70.98089544 27.74349498 11.15597043 0.08443845 0.06185181 1.49492673 1.31944800
116.72508586 15.25244146 12.65056504 0.13818089 0.07146021 0.47640700 0.29000313
37.19547059 4.41289029 2.43449044 0.04355879 0.11448301 0.42988676 0.42988676
90.31823907 15.85924022 11.37263966 0.19797717 0.06263047 1.13274896 0.56963040
114.19373920 12.97476197 12.69177469 0.17914923 0.05746805 0.43702557 0.81805873
114.25213252 14.16017059 13.12535823 0.17984387 0.06040709 0.46277386 0.59533761
80.49074873 20.12098771 10.24778705 0.14801650 0.06813239 1.77801760 1.29603540
68.46201896 26.00661507 11.42268760 0.08313180 0.05879759 1.55382032 1.37554582
112.30335729 14.17728884 13.38115377 0.17182679 0.06401894 0.49644556 0.59775893
110.22545287 13.96611749 14.08070975 0.18496625 0.05852455 0.12722607 0.85567580
84.83111705 21.28520706 11.16195942 0.10195074 0.06182696 1.75961764 1.07143600
66.78913778 26.45118087 11.44975425 0.09897067 0.05483940 1.45023028 1.45491497
64.79814427 26.78265113 11.16147984 0.09355637 0.05802680 1.55536592 1.33676101
26.33714345 1.75260015 1.21292864 0.01668443 0.07376429 0.15842859 0.15842859
52.44772073 8.14969158 4.15036858 0.08130811 0.17167895 0.81119302 0.81119302
35.77793981 4.06559525 2.27501823 0.04005040 0.10916727 0.39444850 0.39444850
40.29904975 5.17326719 2.78364310 0.05124015 0.12612144 0.50747624 0.50747624
73.00513388 24.75333698 11.88390908 0.08298118 0.05598935 1.45097504 1.46772570
109.25684435 12.37289071 14.25504049 0.19171090 0.05279738 0.16307294 0.70541198
46.73443943 6.74993766 3.50762444 0.06716774 0.15025415 0.66836099 0.66836099
80.80506002 17.78448453 11.40464276 0.19542121 0.05694129 1.09333897 0.91923680
32.53277271 3.27052932 1.90993693 0.03201861 0.09699790 0.31331932 0.31331932
107.92177083 14.11309169 13.31726670 0.16332022 0.06047297 0.40573901 1.00916493
67.15242835 26.95194626 11.59080508 0.09523633 0.05022748 1.50982057 1.31084839
34.93191235 3.85831853 2.17984014 0.03795648 0.10599467 0.37329781 0.37329781
81.35099266 20.82242308 9.57709338 0.15243137 0.05286113 1.71293327 1.38966398
115.24856610 14.95424199 11.25779628 0.20981384 0.07019231 0.42688347 0.45441316
20.40603972 0.29947973 0.54567947 0.00200495 0.05152265 0.01015099 0.01015099
24.63731121 1.33614125 1.02169751 0.01247735 0.06738992 0.11593278 0.11593278
87.96700667 18.84552334 10.41548070 0.17508078 0.05756057 1.22245938 0.75915398
88.58009911 21.60274559 11.64242182 0.10372034 0.06766641 1.49716872 1.28827153
65.73109287 27.06726503 11.62594876 0.09115430 0.05566919 1.46148580 1.29034395
96.57852309 17.48517675 10.78501118 0.19751752 0.05186599 1.01154196 0.50095921
28.84385561 2.36674463 1.49493376 0.02288854 0.08316446 0.22109639 0.22109639
83.26703231 24.02197709 10.75461306 0.10648467 0.05943263 1.51459593 0.80263547
82.20240854 21.70639916 11.72251420 0.09172156 0.05409260 1.43380506 1.31867085
22.46165239 0.80310483 0.77693589 0.00709259 0.05923120 0.06154131 0.06154131
82.96693991 21.60343191 11.82769511 0.10098831 0.06924295 1.51904481 1.39910175
36.88935036 4.33789084 2.40005192 0.04280114 0.11333506 0.42223376 0.42223376
123.54180663 15.76153890 11.14270714 0.20563600 0.05748473 0.40696694 0.66281393
27.81481700 2.11463016 1.37916691 0.02034167 0.07930556 0.19537042 0.19537042
82.09576633 21.78234178 11.51877278 0.09737989 0.06014987 1.71902311 1.05869240
71.02512818 28.94600771 11.55741232 0.09525698 0.05585959 1.56452022 1.19538841
85.67748513 18.17622422 11.34390982 0.22502230 0.06213149 1.20478468 0.73813086
81.95767684 16.93534281 11.32020230 0.20027458 0.05728921 1.08396195 0.87601216
72.88616303 24.64134509 11.34723011 0.07377227 0.05093809 1.50938367 1.43702405
93.23246807 16.97420016 11.25388832 0.17546327 0.06158853 0.90927150 0.64172497
23.86942407 1.14800890 0.93531021 0.01057682 0.06451034 0.09673560 0.09673560
45.58313161 6.46786725 3.37810231 0.06431825 0.14593674 0.63957829 0.63957829
68.12902006 25.90392627 11.42861719 0.08012178 0.06291632 1.56350864 1.52457614
84.51948948 17.80718186 11.08374315 0.22086038 0.05485601 1.08167487 0.61858393
44.86547621 6.29204167 3.29736607 0.06254205 0.14324554 0.62163691 0.62163691
109.30922933 13.16353240 13.82595922 0.18844781 0.06007067 0.04834581 0.92410401
48.47856323 7.17724799 3.70383836 0.07148444 0.15679461 0.71196408 0.71196408
113.47380542 14.85681381 11.51403195 0.20269692 0.07458761 0.50576293 0.54787898
85.33980617 19.92152797 10.39013521 0.14790666 0.05401143 1.68572787 1.25162124
66.96526266 26.08300494 11.18176991 0.08798319 0.06763213 1.58563283 1.39236913
66.52881937 25.26806414 11.57507215 0.09398420 0.05641048 1.52355288 1.39613261
41.13707531 5.37858345 2.87792097 0.05331426 0.12926403 0.52842688 0.52842688
86.65517580 22.83548802 10.70486012 0.08836667 0.06657780 1.53218982 1.21380961
37.00526918 4.36629095 2.41309278 0.04308804 0.11376976 0.42513173 0.42513173
65.40978498 26.31255535 11.57244124 0.08379556 0.06384360 1.57716430 1.34599706
21.63985705 0.60176498 0.68448392 0.00505865 0.05614946 0.04099643 0.04099643
86.05838735 17.99630680 11.13099091 0.20375343 0.05195552 0.93934012 0.70339203
30.49327873 2.77085329 1.68049386 0.02697086 0.08934980 0.26233197 0.26233197
113.34896031 13.79432615 13.92188386 0.19366121 0.05585332 0.11463862 0.95041134
93.48080318 17.01592599 11.19386194 0.18023197 0.05113059 1.02705070 0.60134438
24.61879406 1.33160454 1.01961433 0.01243152 0.06732048 0.11546985 0.11546985
89.47252298 17.51914834 10.89204971 0.19183787 0.06751299 0.92962957 0.69087270
26.13337936 1.70267794 1.19000518 0.01618011 0.07300017 0.15333448 0.15333448
54.65139398 8.68959152 4.39828182 0.08676220 0.17994273 0.86628485 0.86628485
67.41087548 26.15908928 11.80228876 0.07978616 0.05197028 1.51482899 1.32152706
54.79292788 8.72426733 4.41420439 0.08711250 0.18047348 0.86982320 0.86982320
20.41409785 0.30145397 0.54658601 0.00202489 0.05155287 0.01035245 0.01035245
83.93373112 23.98395445 10.82960248 0.09660120 0.05582844 1.48577169 1.21373288
89.55822383 16.91156936 11.12446727 0.18324706 0.05522124 0.98405667 0.55327096
83.61981202 22.52835058 11.58910143 0.09022938 0.06309573 1.46430546 1.30085082
113.59460084 13.07371646 14.19788911 0.18563201 0.05647136 0.18207409 0.92000873
23.99087933 1.17776544 0.94897392 0.01087743 0.06496580 0.09977198 0.09977198
114.80967430 16.10509403 11.44811088 0.21868081 0.05676819 0.32670519 0.50525263
83.22228588 23.68479450 10.49598850 0.09799220 0.05886502 1.58785956 1.30837422
103.99998992 14.45221993 12.74179526 0.16471654 0.06192478 0.32947692 0.92990513
56.47266131 9.13580202 4.60317440 0.09126984 0.18677248 0.91181653 0.91181653
112.17777897 14.99312877 12.01088196 0.12656118 0.07019506 0.32707553 0.76143061
105.94112321 14.73500991 13.35649773 0.16873255 0.05206535 0.33126114 0.95001959
87.40962114 16.99034705 11.34180625 0.19429808 0.06114822 1.02410131 0.61751112
62.83834544 25.88321538 11.31023140 0.08311561 0.05071914 1.57627454 1.27123367
79.80284776 22.74669311 12.11064973 0.09630646 0.05394019 1.47775608 1.34295307
67.24153710 25.36241541 11.77738381 0.09705911 0.06252268 1.62449230 1.46348704
29.31657719 2.48256141 1.54811493 0.02405853 0.08493716 0.23291443 0.23291443
40.25072616 5.16142791 2.77820669 0.05112055 0.12594022 0.50626815 0.50626815
27.35221621 2.00129297 1.32712432 0.01919674 0.07757081 0.18380541 0.18380541
106.81176901 12.31166278 14.11538505 0.18400229 0.07759298 0.18984872 0.70868112
27.95127271 2.14806181 1.39451818 0.02067940 0.07981727 0.19878182 0.19878182
20.81136442 0.39878428 0.59127850 0.00300813 0.05304262 0.02028411 0.02028411
106.54097506 11.18777093 14.48711875 0.18807508 0.06759021 0.20977873 0.71300406
113.27023287 15.32089953 12.03308740 0.15291134 0.06155211 0.40460496 0.34330602
99.77068894 14.74743994 13.00491999 0.19070494 0.05574469 0.30348946 0.73251258
46.20720215 6.62076453 3.44831024 0.06586283 0.14827701 0.65518005 0.65518005
66.24001877 25.71678661 12.52292535 0.09117911 0.05304424 1.54501126 1.38652043
32.49907077 3.26227234 1.90614546 0.03193520 0.09687152 0.31247677 0.31247677
107.03944752 13.42912676 14.08449272 0.20417589 0.06757152 0.21378140 0.79732305
21.39885634 0.54271980 0.65737134 0.00446217 0.05524571 0.03497141 0.03497141
83.29955589 23.78789338 10.94487459 0.09797919 0.05941546 1.44863147 0.79929326
84.51737096 20.41224501 9.90272295 0.14652885 0.05611380 1.69551141 1.32653629
