79.80549635 27.30847189 13.29190531 0.25493303 0.05706587 1.36780605 0.43344802
83.61186367 23.66197815 17.37400219 0.20135349 0.05562243 0.56169195 0.42799344
114.05529716 16.69760307 17.42628774 0.22922395 0.05597897 1.75155332 0.21001418
33.73441933 3.56493274 2.04512217 0.03499269 0.10150407 0.34336048 0.34336048
56.15234022 9.05732335 4.56713828 0.09047704 0.18557128 0.90380851 0.90380851
91.15364617 23.20192242 16.85288325 0.25941970 0.05632913 0.81313965 0.46214099
86.91271608 21.70748235 16.70306711 0.28622426 0.06349902 1.04483580 0.39011348
74.34265636 24.61075035 16.91089449 0.19734053 0.05533875 0.54749484 0.56724156
33.63619221 3.54086709 2.03407162 0.03474958 0.10113572 0.34090481 0.34090481
107.61088752 17.21592380 17.51433038 0.18442033 0.05053968 1.46739223 0.09783724
38.39350154 4.70640788 2.56926892 0.04652392 0.11897563 0.45983754 0.45983754
91.42682420 23.16173295 16.83979564 0.28946689 0.07183342 0.97171420 0.48738307
76.96615507 22.46673786 16.11167122 0.27622717 0.05347365 0.84794300 0.44046749
92.22748575 23.55999446 16.88150495 0.29016008 0.06723873 0.81388874 0.38751139
43.04724612 5.84657530 3.09281519 0.05804193 0.13642717 0.57618115 0.57618115
73.86970181 27.67822644 14.33431325 0.23968168 0.05467821 1.26478955 0.21921658
116.16863146 17.37005457 17.33571323 0.21498415 0.05872389 1.67524783 0.27228642
49.75184078 7.48920099 3.84708209 0.07463581 0.16156940 0.74379602 0.74379602
101.20576182 16.89734866 17.97953012 0.18301404 0.05076072 1.50530188 0.13994125
70.59607355 33.02762119 13.14687985 0.15652258 0.05052466 1.96956813 1.39403644
76.25357187 27.05278480 12.83117459 0.24212393 0.05025660 1.36725240 0.38271654
35.60239280 4.02258624 2.25526919 0.03961592 0.10850897 0.39005982 0.39005982
104.09819944 15.55483441 17.88064527 0.20578447 0.05064263 1.63999154 0.28405373
103.55487835 16.88304377 17.53317811 0.19820057 0.05801285 1.47673457 0.06645767
30.01243027 2.65304542 1.62639841 0.02578076 0.08754661 0.25031076 0.25031076
83.22376968 26.54791035 13.86771672 0.26183952 0.05856629 1.50653789 0.47458043
27.50170042 2.03791660 1.34394130 0.01956671 0.07813138 0.18754251 0.18754251
53.28270531 8.35426280 4.24430435 0.08337470 0.17481014 0.83206763 0.83206763
96.18743991 24.02047268 18.00775772 0.27306509 0.06774485 0.83992739 0.46991154
59.59187187 32.83371056 14.19237448 0.16089944 0.05747742 1.67000519 1.25598531
104.54427735 15.64726764 17.45103232 0.17917447 0.06015709 1.46829872 0.02145591
82.35411726 21.98616582 16.70818527 0.27991154 0.06271308 0.96335644 0.43065564
101.26572557 24.54665708 17.67762255 0.27552714 0.07399726 0.79680972 0.35079514
68.27261508 31.84202690 13.84700325 0.14766744 0.05351256 1.68028790 1.08769283
93.55067140 22.99912641 17.64644933 0.28604109 0.06029855 0.83083269 0.47169573
72.59820956 26.73276783 13.20620245 0.23410663 0.05782954 1.38702212 0.39331604
92.26034225 23.41293361 17.26103489 0.28662986 0.05450062 0.77077673 0.42236979
90.04461901 22.82206794 16.83034413 0.27393679 0.06162380 0.78274547 0.35972694
112.32605878 17.04351964 18.28628257 0.22086601 0.07179957 1.26066451 0.13364902
111.29520977 18.41529915 17.70180464 0.23808407 0.06940916 1.23574475 0.08095473
87.22043271 23.11581737 16.70557725 0.25994712 0.05930195 0.87109308 0.51029693
84.66666298 24.37481512 16.62792877 0.19610769 0.05950109 0.77812025 0.53340735
81.85238661 21.88172790 17.18773823 0.26740047 0.05292550 1.07399678 0.49650100
103.53910464 16.17741314 18.12287334 0.20673817 0.05470521 1.72132959 0.33368150
58.14527934 9.54559344 4.79134393 0.09540957 0.19304480 0.95363198 0.95363198
114.52190315 17.32130634 17.47589233 0.22854128 0.05278613 1.22228253 0.09107946
73.33860133 24.47944423 16.48575099 0.19366041 0.05079935 0.50604654 0.55001935
105.55605650 16.48076233 17.89733587 0.21991397 0.05915422 1.79458908 0.27783011
107.63310628 17.30780680 17.94936476 0.22848514 0.05709464 1.79790204 0.15013689
117.45787225 17.97112706 19.14848681 0.23140985 0.05245260 1.55953547 0.22552704
24.35205372 1.26625316 0.98960604 0.01177133 0.06632020 0.10880134 0.10880134
36.09369087 4.14295426 2.31054022 0.04083188 0.11035134 0.40234227 0.40234227
66.84563528 31.24052980 14.13226682 0.15660495 0.06698057 1.67600904 1.30794301
28.62762671 2.31376854 1.47060801 0.02235338 0.08235360 0.21569067 0.21569067
77.17038696 25.94183070 16.36914372 0.21479199 0.05056950 0.48121825 0.53260543
101.33452400 17.35071754 18.31409959 0.18457229 0.05850731 1.56753971 0.09192770
81.05440969 25.84528777 13.04803171 0.25505740 0.06126386 1.34506372 0.45635981
43.27285291 5.90184896 3.11819595 0.05860031 0.13727320 0.58182132 0.58182132
47.91010437 7.03797557 3.63988674 0.07007751 0.15466289 0.69775261 0.69775261
47.82196595 7.01638166 3.62997117 0.06985937 0.15433237 0.69554915 0.69554915
77.42334028 24.09229952 16.78656416 0.20382633 0.05500169 0.47384606 0.48809280
100.96733465 17.76329920 17.52931079 0.19781377 0.05143813 1.47466907 0.08831370
41.98521977 5.58637884 2.97333722 0.05541342 0.13244457 0.54963049 0.54963049
22.14563229 0.72567991 0.74138363 0.00631044 0.05804612 0.05364081 0.05364081
54.03700219 8.53906554 4.32916275 0.08524158 0.17763876 0.85092505 0.85092505
92.08987645 22.61111354 17.13802758 0.28522292 0.06985180 0.88385898 0.36084493
101.26805885 16.98311480 18.21838204 0.21111680 0.05095848 1.65569045 0.30286154
49.19337434 7.35237671 3.78425461 0.07325360 0.15947515 0.72983436 0.72983436
79.32356814 26.67212569 13.24833311 0.24937284 0.05771439 1.36501790 0.40141833
80.28568995 25.33628487 16.86259275 0.20241546 0.05348419 0.53133850 0.51581992
83.62957628 23.59101732 17.23422750 0.20426403 0.05436152 0.60933926 0.44899363
108.07804398 21.03967960 19.30315422 0.20533218 0.05305125 1.28200021 0.25720332
114.55763059 17.79659843 17.62471962 0.22020312 0.06268497 1.82456985 0.13969960
110.43989862 17.95234558 17.83056558 0.21907066 0.05536922 1.71687554 0.22380816
58.63728238 9.66613418 4.84669427 0.09662727 0.19488981 0.96593206 0.96593206
118.34128892 19.39762198 17.84966096 0.22301463 0.05050317 1.30130196 0.04980808
29.99023552 2.64760770 1.62390150 0.02572583 0.08746338 0.24975589 0.24975589
78.54974506 25.74637071 13.30319843 0.24737358 0.06050745 1.34527696 0.44684034
105.83001407 16.55897763 17.62432093 0.20618152 0.06960409 1.57974934 0.20670807
98.42034152 16.32626589 17.86864445 0.18455932 0.05897015 1.56586525 0.09398725
112.57586332 18.05926576 17.51849911 0.23154495 0.06277024 1.25477600 0.10148974
70.15368118 26.12114089 14.15744200 0.23013173 0.05220157 1.15071779 0.42710770
102.53229426 16.04384968 17.51264452 0.18933017 0.05331640 1.62360981 0.11906553
108.50724909 16.76643297 17.87745500 0.22849092 0.05361227 1.28443949 0.08154698
43.70456510 6.00761845 3.16676357 0.05966880 0.13889212 0.59261413 0.59261413
118.14768333 20.29165213 19.04490587 0.20998790 0.07319689 1.41656819 0.13291045
65.11977698 34.18248617 13.20337673 0.17380309 0.06233811 1.82046730 1.22889094
35.14289301 3.91000879 2.20357546 0.03847866 0.10678585 0.37857233 0.37857233
99.10815582 16.62352682 17.39324378 0.17681626 0.05995228 1.43004909 0.01896193
76.31875512 27.14179477 13.44092008 0.24661207 0.05288097 1.37564581 0.34955797
61.21091557 32.63005177 13.72020168 0.16899751 0.06642691 1.66523117 1.26279237
79.64329374 22.13111117 16.20441344 0.27589333 0.05781444 0.77694472 0.44440976
96.54344572 24.06172502 17.76495135 0.26826142 0.05137300 0.79152067 0.44631104
32.83470291 3.34450221 1.94390408 0.03276589 0.09813014 0.32086757 0.32086757
110.57630668 16.56371697 17.74822556 0.22912958 0.05086195 1.88398322 0.13620213
67.16332912 33.28499994 13.43290416 0.15956141 0.05499510 1.90139505 1.44207739
47.57121182 6.95494690 3.60176133 0.06923875 0.15339204 0.68928030 0.68928030
65.90657769 30.51559054 13.83109729 0.17771075 0.05225716 1.65768186 1.32542341
114.25466422 17.98056639 17.69312362 0.24081704 0.07341983 1.14314364 0.02725843
91.25446638 22.71910392 17.46238043 0.28659578 0.05756377 0.76330997 0.40950438
99.61186647 16.44202775 17.79752492 0.19426395 0.06592501 1.61810846 0.07275584
96.92109460 16.53813085 17.88368606 0.17576695 0.05746127 1.46963346 0.30902927
45.60268868 6.47265873 3.38030248 0.06436665 0.14601008 0.64006722 0.64006722
113.25673523 17.35866461 17.95748452 0.22154634 0.05948385 1.34651232 0.05816803
88.01747347 20.66937678 15.88097151 0.28683927 0.05484155 1.02164703 0.42915524
83.29243779 24.64597662 17.34362583 0.20455115 0.05271746 0.51824822 0.42997536
112.00982765 17.48688491 18.24648503 0.22466625 0.05124567 1.28619557 0.15122032
59.74489696 32.53146692 14.48214492 0.15692019 0.05562677 1.81201341 1.20699216
102.48891970 15.98347279 18.09654599 0.20893481 0.06020071 1.77182134 0.31363380
64.60894938 32.24460593 14.33753269 0.14730035 0.05909076 1.72861510 1.19553654
101.61652713 16.68896110 17.62629408 0.17845327 0.06020534 1.48910165 0.13900268
104.64884040 16.64992287 18.09163839 0.19014744 0.05226830 1.56620067 0.00439878
85.63346875 21.73474229 16.69932054 0.29306901 0.05207028 0.97243708 0.35155518
24.41973091 1.28283407 0.99721973 0.01193883 0.06657399 0.11049327 0.11049327
82.03681460 25.39536406 17.22394258 0.20004381 0.05583441 0.65209175 0.51902852
73.63143195 24.56120816 16.39833787 0.20574573 0.05147179 0.54321452 0.52485280
59.94613968 31.75927036 14.29482014 0.17053895 0.05592693 1.72171799 1.13920223
83.97330444 23.86035239 17.08414705 0.18971710 0.05651472 0.77804097 0.62326077
31.18961235 2.94145503 1.75883139 0.02869429 0.09196105 0.27974031 0.27974031
42.00113312 5.59027762 2.97512748 0.05545280 0.13250425 0.55002833 0.55002833
39.38938870 4.95040023 2.68130623 0.04898874 0.12271021 0.48473472 0.48473472
59.52610748 9.88389633 4.94668709 0.09882712 0.19822290 0.98815269 0.98815269
77.69964834 26.23252173 13.53438815 0.24683533 0.05891374 1.25752925 0.50095802
76.74693148 24.61510718 17.21664503 0.20578467 0.05461563 0.63338180 0.47849392
30.29899688 2.72325423 1.65863715 0.02649002 0.08862124 0.25747492 0.25747492
99.67040489 23.81401341 17.98464520 0.26591365 0.06967182 0.80453818 0.41867763
101.44557532 16.45616639 17.49498964 0.20649216 0.05297010 1.69720905 0.26948783
26.92728486 1.89718479 1.27931955 0.01814503 0.07597732 0.17318212 0.17318212
