45.36256122 3.47079509 0.54470320 0.00655963 0.08577772 0.79165471 0.64542583
29.51454060 2.63882519 4.58469475 0.01694103 0.08582502 0.05640164 0.32382813
55.89372229 9.25282436 4.53305868 0.08175257 0.06529604 0.98620007 0.38471351
33.87325591 1.88198284 1.70369835 0.01009716 0.10088750 0.69390336 0.15174273
42.51592836 9.20261998 3.52600105 0.01877307 0.09993740 0.54284916 0.10207413
37.84502851 5.36374918 1.48471282 0.07745031 0.14566265 0.60886280 0.01113053
57.35075204 9.91412429 4.30770585 0.05771519 0.05725171 0.60090341 0.08582117
47.76903342 6.33813959 2.05534043 0.02339232 0.10164574 0.25040175 0.87140891
32.45277209 4.55042002 0.58713177 0.00884753 0.16431561 0.77434418 0.55875980
54.19797373 8.39706684 4.67573395 0.05494899 0.05953335 0.54031507 0.29372263
51.48211557 9.96232420 4.69297310 0.07618470 0.05544276 0.65331117 0.12946074
56.82916004 8.61591773 4.71967003 0.08138198 0.06127832 0.75919391 0.09942553
58.00474501 9.77673046 4.75700776 0.07775181 0.06090748 0.67638543 0.10862642
56.70731270 9.49158027 4.82268058 0.06171708 0.05673980 0.55782694 0.29700190
23.32535722 6.41776716 3.60220768 0.04245511 0.05710273 0.78671927 0.83021243
23.69819669 7.06468050 0.89777362 0.01211252 0.18101661 0.42099427 0.03798998
57.52919517 9.05511057 4.42865823 0.07762266 0.06153070 0.81383807 0.33160285
46.63733644 1.77231861 4.15251861 0.07724968 0.06739238 0.70827717 0.69771789
57.15996059 8.58042558 4.65335495 0.07307988 0.06212559 0.61209502 0.14151266
30.41570647 8.84262889 0.99535594 0.02736019 0.14558353 0.83286777 0.49607084
53.13179673 8.53457981 4.15823775 0.06025524 0.05917571 0.63571261 0.25985244
59.90804602 3.65758080 4.56225331 0.02423243 0.10753164 0.50044859 0.90270946
58.89435805 9.48501464 4.64679624 0.09273669 0.05569634 0.43449580 0.69052885
54.26186692 5.86124582 3.00301702 0.03600961 0.11169391 0.14767838 0.49538112
55.31598986 7.82381881 4.72564630 0.07925589 0.05382304 0.65533437 0.19966945
54.18349672 8.97135702 4.23403441 0.08346978 0.06779058 0.72764377 0.09864515
57.29992809 9.33003373 4.18000593 0.03322368 0.13581082 0.72263995 0.79429979
38.59911819 0.21827480 3.42298446 0.09370395 0.16014654 0.70843689 0.69561717
54.82441689 9.21256556 4.47901332 0.07123027 0.06716086 0.68806672 0.04197423
50.17500488 8.32865766 4.18970936 0.06970271 0.05319633 0.70827504 0.08389868
59.36643068 8.53823195 4.16080974 0.08405537 0.05515821 0.70845095 0.20953152
57.20923611 8.90651995 3.74132942 0.09046984 0.06772534 0.80967141 0.13440754
59.95912877 0.71540558 1.93919945 0.02165368 0.05525991 0.48716996 0.18378707
56.73784761 9.55562924 4.16430692 0.07419246 0.06822477 0.60639434 0.19562510
51.86544071 9.53687618 4.43855991 0.08022461 0.05021455 0.65752159 0.28391000
51.72647548 8.64906089 3.58969938 0.07187379 0.05744961 0.52971117 0.23352831
37.09652571 3.52838925 4.12455003 0.00374971 0.12898815 0.03828748 0.51176187
51.59246617 9.53310929 4.99200041 0.05243948 0.17784786 0.87754204 0.33473455
53.57050189 8.70880788 4.11936794 0.07305639 0.05767717 0.74644446 0.12503082
54.84949834 6.78975972 3.44935581 0.00674854 0.15596808 0.26415831 0.58580850
46.57909792 0.68546307 4.13612200 0.02017669 0.19715554 0.41641237 0.52151865
57.23216408 0.45358941 2.12041845 0.05660270 0.14709643 0.13643413 0.97424832
30.24334685 8.37004893 3.28589784 0.02859622 0.19626455 0.22367290 0.45903460
56.59102874 0.62934968 2.59533448 0.06208413 0.07987905 0.21849275 0.22210932
49.72245425 5.61650411 3.37837110 0.03158384 0.11397968 0.18503038 0.91962645
53.14185272 8.57645965 4.94960088 0.06710343 0.05030220 0.52174701 0.11097895
53.82477805 2.78044489 4.60734961 0.02644469 0.06451359 0.79988188 0.83507805
50.51654413 7.78098554 2.27540079 0.05650002 0.15516295 0.27651803 0.68713296
57.80386764 7.56292906 4.62764877 0.06668290 0.06216718 0.39458772 0.24311878
51.19345915 3.70231393 4.85603454 0.02898654 0.13352340 0.59757716 0.12588291
49.14683108 1.89872483 0.59860420 0.01971508 0.14110061 0.63246946 0.70032463
50.11551892 0.49076714 1.95094453 0.00377662 0.12812614 0.52673318 0.84660327
56.68345526 9.09121953 3.62483200 0.07074648 0.06148862 0.62368927 0.18694238
43.74382144 4.78034740 2.48956119 0.05358500 0.16283681 0.75822305 0.42195570
55.38176455 9.72730362 4.90870543 0.05725595 0.05261751 0.38168936 0.39503728
56.10174375 8.70148702 4.03757700 0.05266821 0.06620158 0.64278407 0.31257935
59.73329039 8.88191059 4.39514702 0.08259550 0.05662118 0.73170891 0.19944624
53.04424479 9.06845070 4.64271046 0.09538571 0.05151191 0.63090977 0.05115266
56.12423668 8.32880939 3.96659206 0.06907076 0.05093506 0.61491754 0.16405376
56.36775003 8.97152813 4.32237489 0.06045413 0.06278104 0.49825454 0.30578193
58.70511463 9.84882353 4.37063991 0.06898547 0.06162411 0.60949585 0.21651495
47.95268974 1.14790985 2.68658429 0.00115942 0.12051904 0.13072509 0.53789351
55.06846668 8.72713250 4.88832297 0.05399549 0.05111763 0.81060140 0.37612736
24.26206154 5.00935115 4.96295476 0.02730853 0.12590933 0.37855869 0.98573022
56.63392327 8.93215331 4.69749014 0.06778564 0.05160957 0.57494801 0.07867230
52.00116570 9.22923266 4.18808413 0.06950842 0.05111937 0.36033003 0.21350371
56.83014942 7.61526243 4.13603684 0.09737188 0.05891476 0.87598404 0.43451714
22.23395465 7.98350625 3.26474163 0.03224556 0.16532541 0.33141613 0.37621237
26.06985239 3.99720557 3.53741313 0.02090809 0.13821662 0.44934991 0.15420577
57.39012498 5.94357851 4.07370638 0.02001156 0.09503984 0.59417828 0.24455281
33.75954559 4.59866313 1.03214420 0.05907630 0.19774331 0.44677940 0.57441922
56.53331953 9.63699881 4.89019619 0.04787366 0.06253223 0.64483085 0.41544002
58.99675926 9.30793666 4.14492532 0.09038788 0.05208909 0.80954858 0.22907178
53.50111748 7.85620997 3.21169807 0.08489563 0.05091739 0.74439020 0.12452122
53.21669077 2.81509719 3.63138836 0.05201080 0.14105875 0.70825989 0.87821570
57.32226026 1.17455162 0.72648451 0.05351264 0.09884239 0.57105276 0.45553546
54.71661958 9.85292112 3.51569214 0.05113344 0.05252240 0.66313209 0.38519409
53.33325505 8.80398945 4.38764791 0.08471221 0.05659197 0.64896152 0.22156652
29.40132012 6.69764378 4.43631341 0.02149321 0.18948195 0.30229260 0.40920206
58.36406874 0.57073381 2.33766904 0.07601667 0.15748836 0.30150062 0.96049357
45.26994032 4.77613184 3.10040069 0.08315344 0.09600275 0.65240643 0.55365659
53.50076311 9.34541012 4.89546112 0.04948884 0.05103586 0.48342727 0.32555409
46.57430204 6.62404014 1.24878882 0.09881766 0.10743211 0.64218557 0.82538680
55.91052258 7.28256857 4.55714489 0.09792597 0.05700191 0.95179929 0.38785958
23.48845629 5.65886354 1.47755903 0.09166390 0.16930259 0.20344349 0.92666990
57.84858974 9.33672094 4.79342930 0.05158488 0.05511123 0.57315880 0.53939897
47.65942504 0.54314486 2.66717673 0.06849522 0.11572668 0.30635338 0.13830266
56.09540873 8.52643700 4.49627277 0.07370993 0.07657611 0.74690176 0.24040282
58.04238318 8.14078707 4.38173418 0.06679710 0.05773281 0.81015920 0.10310246
51.33234397 8.32732286 4.34708973 0.08231511 0.05720117 0.80476603 0.06219340
55.98659367 7.61965092 4.21964614 0.06088859 0.05543230 0.83343922 0.22643543
32.74227080 2.57679446 2.41537790 0.01965107 0.19168285 0.67006892 0.12880925
22.30729382 0.77307358 1.67056399 0.01536217 0.17912995 0.41494885 0.42000929
52.58555711 9.64643513 4.07738845 0.07592323 0.06425061 0.28734117 0.04196113
21.28007779 5.81636924 1.04184791 0.07666536 0.05765849 0.17303230 0.45007650
29.93445805 4.44560489 2.46264928 0.03305526 0.11990185 0.59182703 0.90388981
59.17991443 8.58744940 4.03537789 0.08494931 0.06458402 0.92466517 0.27650498
24.53550715 2.39373128 4.73261841 0.09332665 0.06741581 0.84912326 0.53971874
41.55452273 1.06985700 2.55898802 0.04677117 0.17669453 0.52334512 0.11410518
36.44960998 2.79184972 3.00361046 0.02214860 0.08607368 0.82145359 0.14177158
55.17633599 9.98163534 4.45067910 0.05009960 0.05731382 0.94970776 0.34616046
57.69190487 8.49218557 4.97437744 0.08439947 0.05554538 0.74355331 0.09150830
54.62063256 8.08750881 4.72130919 0.06314270 0.06134967 0.46838716 0.25272530
49.63234071 9.41645223 2.05014973 0.05859710 0.15875772 0.10228145 0.23171404
58.90654588 8.62879233 4.40304927 0.07162022 0.05349422 0.57790253 0.16251258
32.56110954 3.60396166 2.42573200 0.04224877 0.09782531 0.48884709 0.56921716
47.05836104 6.30208689 0.82169053 0.08230296 0.07211046 0.21817411 0.81744593
55.65980577 8.40543479 4.30184998 0.06831279 0.05642528 0.61367635 0.21744337
58.62848135 2.78676510 1.65214988 0.03598304 0.19208095 0.13493698 0.29569196
55.47762314 7.87209698 4.52729188 0.06588599 0.05726460 0.85650614 0.33091235
42.63175704 1.01820470 4.16909410 0.06203514 0.08861769 0.68453670 0.60443680
51.96801909 7.81007146 4.72856376 0.07850505 0.06360339 0.48871162 0.39052701
50.26950257 4.61419926 3.25612315 0.02671093 0.06430966 0.76654877 0.55007155
46.80063946 1.62930235 3.27185992 0.00128890 0.11391163 0.79179368 0.58950601
46.00731080 2.97815769 2.49993017 0.02277693 0.15888376 0.04460477 0.77297592
54.31103124 8.85652742 3.96662506 0.07445953 0.06207519 0.28508721 0.11041169
55.36655076 9.11824467 4.16802318 0.08567597 0.05480528 0.79657111 0.20818561
56.53257329 5.68328778 4.27239370 0.02356817 0.08171408 0.40908467 0.38837486
55.67040072 8.16251079 4.41796085 0.06626539 0.05234681 0.66613203 0.09074213
26.07270881 8.66412672 1.16119237 0.02092932 0.12712342 0.57515745 0.44856645
54.22960815 7.61400103 3.95974582 0.08516124 0.06615848 0.78989276 0.15412511
54.38055258 9.40264653 4.15426350 0.08774983 0.05799626 0.51718947 0.26036887
52.38800023 9.73138609 4.76404386 0.06914674 0.05425574 0.64626959 0.20321065
54.30202865 9.69705249 3.74485768 0.05576284 0.06746704 0.67680535 0.19089249
24.29798216 6.55559389 3.51920856 0.08896034 0.19852211 0.66490783 0.79305687
27.19084573 5.79762023 4.18524511 0.03697430 0.09868697 0.10618146 0.78356824
48.98386967 9.62508909 4.37647099 0.08085676 0.06559482 0.51540754 0.20833638
58.48664747 7.24576669 4.79712414 0.07078688 0.05647386 0.86933428 0.14282731
