71.01730388 30.62140647 13.07595305 0.09817592 0.05213732 1.45197178 1.07942237
87.55082892 27.43744222 12.96262628 0.15302019 0.06299669 1.06337456 1.31912233
70.45305032 30.41250296 13.04251282 0.08290333 0.05042871 1.37785932 1.11171452
116.08555175 15.85822988 15.90763085 0.19107693 0.05240418 0.89587428 0.40141978
20.22261204 0.25453995 0.52504385 0.00155096 0.05083480 0.00556530 0.00556530
83.59668936 29.03440620 13.44538921 0.10997072 0.05169495 1.44381564 1.16504431
51.41356618 7.89632371 4.03402620 0.07874858 0.16780087 0.78533915 0.78533915
113.73660305 18.50676828 16.40137030 0.17049801 0.05147265 0.61800875 0.21357681
68.77868086 29.65026143 13.72349732 0.09166875 0.06135151 1.36379938 1.13082024
118.46873848 12.63823472 15.68798485 0.15431229 0.05057330 0.92607110 0.12381365
34.04822027 3.64181397 2.08042478 0.03576935 0.10268083 0.35120551 0.35120551
91.68908997 21.66974414 12.56624028 0.20999180 0.05075470 1.30699745 0.35416936
113.17875530 14.28828343 15.49385893 0.15442051 0.06427145 1.03795739 0.17556191
84.43388762 27.98646734 13.45920834 0.11619482 0.05274930 1.41067205 1.10043306
24.75466816 1.36489370 1.03490017 0.01276780 0.06783001 0.11886670 0.11886670
80.47146522 27.87263447 13.27807973 0.11372455 0.06237290 1.17024619 1.05664587
114.35592868 16.87860534 15.96773965 0.15639207 0.05358342 0.28876004 0.18215563
116.52856139 17.77239387 15.63600155 0.18266796 0.05337742 0.75309763 0.51542897
49.18341983 7.34993786 3.78313473 0.07322896 0.15943782 0.72958550 0.72958550
59.24848624 31.36578447 12.94124478 0.07993604 0.06414839 1.53652864 1.15400388
116.47730195 16.79398421 15.88707322 0.15432799 0.05305129 0.25264221 0.19500499
59.61583293 9.90587907 4.95678120 0.09904919 0.19855937 0.99039582 0.99039582
57.16404466 9.30519094 4.68095502 0.09298101 0.18936517 0.92910112 0.92910112
109.34103989 18.01644441 16.19385680 0.16462866 0.05765832 0.51540061 0.29907714
82.13313068 29.91972820 12.72802969 0.11635889 0.05529098 1.44934684 1.08226052
68.38766625 31.66947385 13.60917531 0.06154789 0.06090473 1.31944576 1.12724202
83.85566270 27.18888024 12.62234723 0.15684057 0.05117274 1.11531335 1.20590252
61.31958535 32.02008693 13.65572964 0.08385955 0.07126631 1.63438605 1.08511015
59.08112731 9.77487619 4.89662682 0.09772579 0.19655423 0.97702818 0.97702818
50.69912472 7.72128556 3.95365153 0.07698033 0.16512172 0.76747812 0.76747812
113.40243306 15.73763909 15.83191123 0.18478716 0.05817383 0.95148175 0.42883681
50.09660559 7.57366837 3.88586813 0.07548910 0.16286227 0.75241514 0.75241514
49.12109350 7.33466791 3.77612302 0.07307471 0.15920410 0.72802734 0.72802734
83.84458188 27.46415899 13.41958261 0.11657129 0.06226676 1.44575080 1.16076875
122.64057014 13.53923904 16.28027760 0.14978428 0.06178400 0.93835555 0.15055957
113.37998106 16.27453651 15.95546169 0.15994708 0.05492652 0.42090062 0.16837869
32.07070219 3.15732204 1.85795400 0.03087499 0.09526513 0.30176755 0.30176755
36.14972995 4.15668384 2.31684462 0.04097058 0.11056149 0.40374325 0.40374325
118.47935965 15.51408490 15.75975680 0.18198238 0.05452325 0.86914212 0.36720081
117.01017735 14.15741088 17.47172918 0.18405237 0.05590118 0.41341142 0.49379244
80.76487707 28.68811379 13.30462765 0.12148586 0.05941251 1.41710364 1.08785168
27.42010169 2.01792491 1.33476144 0.01936475 0.07782538 0.18550254 0.18550254
115.85015328 13.33431389 15.93532273 0.15077922 0.05601975 1.08053129 0.09257848
128.68456380 18.74892376 15.97355542 0.15560386 0.06674232 0.69092489 0.24300656
115.09898075 15.47939865 17.18285596 0.18581426 0.06430618 0.51066326 0.48108169
32.77439065 3.32972571 1.93711895 0.03261662 0.09790396 0.31935977 0.31935977
83.12851078 21.27144627 12.71947346 0.19952576 0.05868111 1.23804851 0.52976087
57.94985478 9.49771442 4.76935866 0.09492589 0.19231196 0.94874637 0.94874637
69.01095507 30.16153645 13.07802558 0.09079766 0.05257221 1.44422721 1.16620564
83.69627636 27.68298805 13.46845906 0.12029822 0.06156282 1.45597725 1.03864348
87.65546243 26.08114145 13.95959637 0.12754046 0.05474499 1.28663110 1.31551996
114.16374470 19.40418216 16.35374994 0.14995769 0.05348506 0.33618588 0.17667563
123.01640428 13.52649484 15.82722392 0.15518717 0.05161730 0.95297651 0.16245338
83.29316199 22.53435616 12.79083788 0.20565892 0.06581835 1.14976520 0.52350021
60.15633916 31.69169704 13.31382817 0.04535023 0.05241082 1.48657996 1.13885385
118.90290954 19.16343185 16.77246151 0.13941617 0.05060478 0.42934654 0.11059985
84.25578304 25.02660771 12.61925714 0.15436619 0.05626216 1.24719922 1.17638264
101.60677487 19.98586470 13.14595657 0.18210691 0.06290399 0.84739235 0.71513715
127.42336680 16.06735843 16.14175206 0.17968893 0.05412535 0.42095884 0.20305942
84.88377297 25.59108035 13.02702263 0.15779975 0.05706830 1.24035827 1.20176676
85.71620698 29.90055658 12.89820938 0.11579577 0.05938938 1.46485830 1.21627215
100.10786804 18.51631696 12.83393806 0.17868324 0.06025045 1.09335577 0.72374132
81.93916595 29.05617925 13.07157785 0.11273182 0.05011093 1.42703390 1.11841849
33.81368900 3.58435381 2.05404001 0.03518888 0.10180133 0.34534223 0.34534223
53.77016003 8.47368921 4.29914300 0.08458115 0.17663810 0.84425400 0.84425400
117.01692316 16.06745975 17.41111233 0.16413398 0.05048564 0.49219660 0.58938110
114.15511346 18.32510672 15.81826798 0.15002790 0.06413106 0.50945824 0.40314900
108.69831772 17.84231070 16.49172761 0.16998895 0.06020833 0.68007615 0.20639796
57.32380327 31.34784998 13.76544036 0.04607100 0.05650384 1.38287565 1.19644193
31.62117133 3.04718698 1.80738177 0.02976240 0.09357939 0.29052928 0.29052928
45.24364380 6.38469273 3.33990993 0.06347802 0.14466366 0.63109109 0.63109109
86.26104489 30.07459858 13.15114848 0.10991463 0.05864949 1.48672316 1.14802966
98.49569287 19.89514882 14.33614586 0.22143853 0.06219453 0.84210020 0.80711560
42.79859183 5.78565500 3.06484158 0.05742651 0.13549472 0.56996480 0.56996480
96.62820627 18.96164430 14.58542082 0.21776090 0.05540992 0.77434356 0.87554615
55.07456284 8.79326790 4.44588832 0.08780954 0.18152961 0.87686407 0.87686407
57.41265624 9.36610078 4.70892383 0.09359632 0.19029746 0.93531641 0.93531641
80.01169964 22.70024852 12.04528237 0.20000005 0.05276984 1.12590158 0.50210002
38.31488380 4.68714653 2.56042443 0.04632934 0.11868081 0.45787210 0.45787210
82.11962187 28.17618793 12.61501341 0.11862278 0.05288586 1.30165174 1.11059801
78.93968436 28.57497881 12.11331583 0.10944094 0.06277064 1.03778230 0.99062238
106.38567088 20.92821131 13.13464687 0.18923543 0.05485105 0.80182575 0.73413551
101.77740205 20.28647603 12.82847631 0.17651723 0.06200379 0.84527019 0.68762044
94.11032311 21.46080045 12.65433250 0.20798580 0.06104864 0.88261820 0.45863096
47.10144795 6.83985475 3.54891289 0.06807608 0.15163043 0.67753620 0.67753620
50.41438904 7.65152531 3.92161877 0.07627561 0.16405396 0.76035973 0.76035973
56.88699693 9.23731425 4.64978715 0.09229532 0.18832624 0.92217492 0.92217492
116.86811804 12.95813374 16.01031244 0.14951045 0.05231606 1.03522494 0.05906316
117.95307956 12.78934176 15.35559886 0.15874535 0.05753503 1.00514772 0.06907135
109.52722491 17.82476549 16.68023475 0.16049305 0.05017947 0.55542192 0.23733820
68.57272860 30.90094974 13.65378465 0.07353127 0.05058194 1.50378254 1.10418806
83.32966255 29.09616448 12.80962769 0.11331961 0.05373369 1.40376402 1.11816357
35.75628066 4.06028876 2.27258157 0.03999679 0.10908605 0.39390702 0.39390702
117.71366336 15.02771961 17.24736536 0.17941496 0.05314624 0.43218680 0.52939925
101.87780924 19.56206123 13.92660812 0.21565584 0.06726132 0.76284339 0.79316680
30.77023719 2.83870811 1.71165168 0.02765634 0.09038839 0.26925593 0.26925593
58.56310269 31.90807804 13.45911111 0.04409196 0.05367263 1.49041467 1.25324431
128.85133430 19.19525199 16.74579256 0.13985099 0.05691744 0.74872192 0.25263681
113.55256852 18.61315479 16.72087660 0.16058917 0.06342654 0.53924389 0.42997616
128.21295548 14.40856195 16.20549862 0.18031525 0.05496970 0.58229494 0.24514519
66.81516639 30.11436669 12.75567214 0.10425313 0.05510971 1.05827912 1.20865327
134.23147437 15.01238732 16.05319099 0.17913402 0.05821132 0.42621440 0.22645321
63.82771730 34.34444952 13.00398215 0.02737585 0.06992660 1.38982215 0.95262609
68.86476729 30.00712441 13.00580924 0.07540346 0.05305699 1.30861708 1.22538055
111.44175742 15.97683989 16.28132964 0.17127373 0.05415553 0.62361194 0.67860292
52.24062540 8.09895322 4.12707036 0.08079555 0.17090235 0.80601563 0.80601563
57.08158010 9.28498712 4.67167776 0.09277691 0.18905593 0.92703950 0.92703950
66.86277918 29.20904069 13.02632571 0.11262444 0.05580393 1.08540773 1.19073088
51.63309201 7.95010754 4.05872285 0.07929190 0.16862410 0.79082730 0.79082730
84.65208275 22.18877438 12.30962424 0.20514526 0.05871079 1.18250833 0.62599367
89.88111063 26.32614064 13.96979682 0.13201216 0.05810765 1.26752161 1.36182067
28.16018108 2.19924437 1.41802037 0.02119645 0.08060068 0.20400453 0.20400453
48.73529976 7.24014844 3.73272122 0.07211987 0.15775737 0.71838249 0.71838249
25.47213084 1.54067206 1.11561472 0.01454352 0.07052049 0.13680327 0.13680327
50.40141075 7.64834563 3.92015871 0.07624349 0.16400529 0.76003527 0.76003527
24.57885276 1.32181893 1.01512094 0.01233266 0.06717070 0.11447132 0.11447132
103.39412700 20.56995477 12.89214011 0.17814113 0.05949950 0.94239568 0.65203875
98.35675278 19.56619145 13.79194924 0.21398150 0.05490956 0.69471918 0.78448320
56.75087349 30.86727659 13.69397727 0.05112612 0.06917796 1.40520052 1.18627501
80.41229185 26.96581139 13.24983521 0.12000452 0.06071008 1.19147331 1.23233071
112.21350420 17.29123336 16.73384864 0.16424019 0.05948759 0.59312083 0.23232981
120.27390388 13.11963398 15.97791744 0.16426592 0.06356458 1.03364633 0.16822705
106.69503431 17.97574546 12.48136384 0.18304462 0.06616048 1.20737096 0.24008090
67.59862394 29.92434983 13.03107192 0.08173133 0.05123244 1.38151359 1.12993678
36.23709061 4.17808720 2.32667269 0.04118680 0.11088909 0.40592727 0.40592727
111.88384169 16.43931151 17.23866076 0.16824461 0.05965027 0.65702983 0.60832715
127.66124381 15.20520817 16.04901335 0.18618360 0.05222519 0.57039249 0.27884953
53.70164435 8.45690287 4.29143499 0.08441157 0.17638117 0.84254111 0.84254111
