106.27712427 18.82727116 16.17328742 0.19246083 0.05475300 0.53917195 0.26032579
76.88545980 21.49450798 12.62278761 0.19502695 0.05120730 1.40756378 0.48781439
62.72149305 30.83323370 14.04004618 0.02336509 0.07150798 1.42033168 1.22184793
121.20271809 12.37480437 16.52179902 0.18098552 0.06588008 0.94621355 0.21029850
85.01922384 22.22230123 12.57040450 0.20683273 0.05033295 1.43196542 0.35501515
27.85625458 2.12478237 1.38382864 0.02044423 0.07946095 0.19640636 0.19640636
79.02296111 24.18627592 11.86279038 0.18958758 0.05534675 1.45856145 0.70918257
61.61914731 30.15701888 13.95362231 0.04120140 0.05429521 1.37723816 1.20576073
99.86791388 18.84169736 15.61464882 0.19420200 0.05551378 0.65532392 0.18847511
60.74437386 31.67492518 13.40336911 0.04737508 0.05749756 1.36744228 1.26559222
31.88009987 3.11062447 1.83651124 0.03040325 0.09455037 0.29700250 0.29700250
26.94567327 1.90168995 1.28138824 0.01819054 0.07604627 0.17364183 0.17364183
48.02218578 7.06543552 3.65249590 0.07035491 0.15508320 0.70055464 0.70055464
71.97588445 31.45801747 13.61512064 0.10153915 0.05992512 1.22838346 1.49116952
64.98565109 31.49600291 13.40475378 0.12938081 0.06565378 1.12814927 1.14499894
82.93684157 20.48170559 13.62500928 0.19244885 0.05533785 1.39675907 0.41553942
78.29404420 28.83533534 13.45808067 0.12239356 0.05794792 1.58242264 1.16303949
102.84400489 19.27863218 15.81434898 0.20000001 0.05005742 0.56265740 0.18768768
119.71422879 12.36720845 16.66410148 0.16763257 0.06469883 1.02702799 0.13510184
133.20130459 13.17738479 17.05795381 0.17374825 0.06581599 0.23122428 0.04230682
113.33866196 11.47385836 15.85899253 0.18840997 0.06632795 0.89027849 0.12196572
62.77578633 31.90697911 13.75927385 0.12439672 0.05846786 1.12205756 1.49747351
94.72688334 20.14345937 16.51983829 0.22840654 0.06300351 0.57471779 1.02248697
84.19010848 21.59202484 13.30226438 0.18255967 0.05577063 1.29462445 0.36876721
106.69439328 17.02641791 16.95302652 0.17603563 0.06729433 0.77634019 0.20968841
82.94972767 29.42160445 13.60484459 0.10944521 0.05916324 1.45757287 1.17899402
60.40289581 31.14483148 13.16169921 0.04249898 0.06084488 1.44004048 1.32911396
57.67500581 9.43037642 4.73843815 0.09424564 0.19128127 0.94187515 0.94187515
80.60354654 28.30316631 13.18626828 0.10923280 0.06888911 1.45336588 1.21546518
107.48472574 19.57001010 15.46609114 0.19695209 0.05836179 0.27453530 0.22797431
82.86188523 20.78493085 13.22529281 0.18914412 0.05519420 1.46736573 0.42638169
33.41127942 3.48576346 2.00876894 0.03419292 0.10029230 0.33528199 0.33528199
31.26779821 2.96061056 1.76762730 0.02888780 0.09225424 0.28169496 0.28169496
82.96539706 29.44808445 13.21412651 0.12175607 0.07185510 1.60082655 1.13336186
105.07646940 18.89044862 15.89767937 0.18462056 0.05905204 0.41735583 0.24999114
136.34068355 11.90473793 16.84414077 0.17926000 0.05179719 0.16060491 0.18878360
23.02758489 0.94175830 0.84060330 0.00849327 0.06135344 0.07568962 0.07568962
122.68535345 12.79693643 16.38237300 0.16278767 0.05570520 1.09845896 0.14771550
48.66762836 7.22356895 3.72510819 0.07195238 0.15750361 0.71669071 0.71669071
107.56239787 19.19883822 15.65867645 0.18494003 0.06216844 0.29939759 0.20480291
79.17999934 28.79171740 12.94666887 0.11263109 0.05704695 1.58227848 1.23023760
103.95164553 17.04926526 16.10320290 0.17422643 0.07747704 0.48440346 0.14395786
52.75458281 8.22487279 4.18489057 0.08206759 0.17282969 0.81886457 0.81886457
56.16826378 9.06122463 4.56892968 0.09051645 0.18563099 0.90420659 0.90420659
99.54889328 20.84200085 15.35466317 0.22297984 0.05927328 0.74209463 0.93803271
78.41434233 29.66772773 13.28820146 0.12048040 0.06156912 1.45510209 1.31220389
25.49360788 1.54593393 1.11803089 0.01459668 0.07060103 0.13734020 0.13734020
64.37198490 32.49838148 13.63075796 0.12717542 0.05388293 1.11192841 1.43046493
22.25331057 0.75206109 0.75349744 0.00657694 0.05844991 0.05633276 0.05633276
97.69074866 19.98031330 15.32973265 0.19706687 0.06110633 0.63210980 0.25301490
82.31590757 21.75107688 12.94387631 0.19580934 0.05149647 1.35685111 0.36995086
79.66172869 23.26937319 11.63239152 0.18761722 0.06214275 1.45018994 0.77796267
100.45876104 19.33794189 16.00220588 0.19501136 0.07094909 0.65352648 0.08383735
48.28609295 7.13009277 3.68218546 0.07100808 0.15607285 0.70715232 0.70715232
38.58945986 4.75441767 2.59131423 0.04700891 0.11971047 0.46473650 0.46473650
62.13965526 31.44279186 12.96001807 0.04244684 0.05523745 1.35401691 1.21660574
54.56401634 8.66818400 4.38845184 0.08654594 0.17961506 0.86410041 0.86410041
57.36151617 31.44521641 13.81638279 0.03135757 0.07328873 1.29316239 1.25442196
101.28318440 19.17188675 15.64553780 0.17543334 0.06574217 0.46831603 0.28610517
52.94792840 8.27224246 4.20664194 0.08254612 0.17355473 0.82369821 0.82369821
109.36072109 19.19755876 15.67306276 0.20809704 0.06017122 0.75963450 0.11925015
121.39068955 12.42642412 16.21277118 0.17449395 0.05559835 1.00675426 0.19817370
105.88055876 18.12315969 15.12675416 0.19965438 0.06201011 0.65688307 0.17378998
87.15248003 29.05132857 12.88589178 0.10406792 0.05627001 1.44742933 1.22958055
87.92240034 28.75085563 12.96591987 0.11566086 0.05956802 1.46402143 1.25988280
80.36185534 28.59456613 13.65100429 0.11138914 0.05479034 1.49611287 1.22949551
110.05132715 17.19242556 16.71964243 0.16935404 0.05885371 0.69962439 0.19881232
35.13363475 3.90774051 2.20253391 0.03845575 0.10675113 0.37834087 0.37834087
108.23029959 19.16055581 15.65613356 0.18518742 0.06101732 0.54138735 0.30436869
115.65681128 11.33968186 15.75522330 0.18083632 0.06365830 1.07036179 0.10471237
77.68866427 28.66171381 12.75778837 0.11501019 0.05306011 1.58834370 1.09720152
68.03521842 32.95641737 13.62496609 0.11401425 0.05742569 1.33228476 1.42307103
74.72211164 27.45359538 12.92166261 0.11546318 0.06546922 1.62379883 1.10563738
78.38455273 23.15257328 11.44850095 0.18218424 0.05229212 1.50785013 0.73790860
41.58280218 5.48778653 2.92806525 0.05441744 0.13093551 0.53957005 0.53957005
26.48824981 1.78962120 1.22992810 0.01705842 0.07433094 0.16220625 0.16220625
66.37116530 31.91360507 13.03855745 0.11474164 0.06001726 1.24940578 1.39102863
24.06119115 1.19499183 0.95688400 0.01105145 0.06522947 0.10152978 0.10152978
105.27927874 17.49752297 15.97716329 0.20270285 0.05371276 0.63177453 0.25465892
99.35513579 20.26294124 14.78206494 0.22340748 0.05352168 0.82176837 0.93971489
76.43727445 28.77654818 12.94178058 0.11094806 0.05479329 1.64987545 1.05468002
52.84547595 8.24714161 4.19511604 0.08229255 0.17317053 0.82113690 0.82113690
62.26249147 30.61672023 13.12964327 0.04104886 0.06167325 1.38269566 1.28360852
119.86474782 11.49917710 16.04636229 0.18367208 0.05167635 0.94867652 0.13138095
73.43776663 27.78067706 12.90647057 0.12311113 0.06191582 1.51510094 1.15200848
118.30300376 13.10904059 16.03867051 0.19158145 0.05614410 1.07091254 0.22749845
116.79833314 13.26816802 16.65562563 0.17363640 0.05745054 0.94895214 0.20972277
38.92856037 4.83749729 2.62946304 0.04784819 0.12098210 0.47321401 0.47321401
27.95317632 2.14852820 1.39473234 0.02068411 0.07982441 0.19882941 0.19882941
67.58196542 33.37107285 13.60982910 0.12820822 0.05692384 1.37633565 1.44756045
102.65129534 19.52436856 16.23859567 0.19015316 0.06280726 0.63207113 0.20380353
34.15118981 3.66704150 2.09200885 0.03602419 0.10306696 0.35377975 0.35377975
43.32817789 5.91540358 3.12442001 0.05873724 0.13748067 0.58320445 0.58320445
57.06116504 9.27998544 4.66938107 0.09272638 0.18897937 0.92652913 0.92652913
108.27862043 11.46266853 18.93477978 0.14501618 0.05423073 0.59275321 0.49299266
53.45213527 8.39577314 4.26336522 0.08379403 0.17544551 0.83630338 0.83630338
129.18153112 14.06486617 15.91197070 0.18138845 0.05849051 1.04628172 0.19524524
110.42241887 12.66342891 18.02349012 0.13995548 0.07310289 0.54403990 0.33864492
108.98310414 17.62224234 16.07365032 0.18182025 0.06857068 0.42029748 0.18159827
41.56241814 5.48279244 2.92577204 0.05436698 0.13085907 0.53906045 0.53906045
89.58495260 28.71099996 13.07556150 0.11751124 0.05349060 1.41222113 1.22594652
107.14623399 17.40191215 15.56397959 0.19018489 0.07148757 0.44957245 0.25881877
39.41041181 4.95555089 2.68367133 0.04904077 0.12278904 0.48526030 0.48526030
91.03089868 20.74164260 13.26970638 0.17257655 0.06094043 1.38017678 0.42151864
107.85248050 11.88681580 18.16529139 0.15138932 0.05675794 0.50327954 0.47138443
86.05548835 23.00426255 12.75422060 0.20472863 0.06098876 1.44687457 0.39921408
103.09295762 19.88101101 15.51822126 0.19495381 0.05797806 0.71272876 0.21687055
87.10131235 22.51773667 12.95848505 0.18687348 0.05675718 1.27745951 0.33388646
135.89626393 13.49104284 17.16910082 0.17954142 0.05037837 0.19488863 0.17983933
53.71877627 8.46110019 4.29336233 0.08445397 0.17644541 0.84296941 0.84296941
102.35428903 18.55816757 16.25257875 0.20164732 0.06629228 0.62230437 0.08567415
121.42720157 14.34258733 16.33156060 0.17155236 0.06708052 1.04431973 0.26846067
103.12644725 20.57588310 14.62900032 0.22102260 0.06149093 0.80109521 0.97994695
57.97978026 30.85464073 13.75130898 0.03351442 0.06081815 1.42878971 1.28472300
86.01084941 22.05105643 13.01326943 0.19055048 0.05673971 1.26736940 0.42600282
112.52154256 12.80257095 16.37404425 0.18857704 0.06224763 0.98747503 0.31571188
59.50542297 30.65280000 14.33604372 0.02542890 0.05619319 1.34101845 1.16639216
99.29285499 20.64191637 14.63898244 0.21653801 0.05653242 0.75027755 0.87966061
96.81301754 21.31682599 15.94288478 0.23005965 0.05412047 0.58675421 1.08890868
80.04142898 23.61261271 11.72647025 0.20245154 0.05253114 1.44870025 0.67971542
44.29572216 6.15245193 3.23326874 0.06113191 0.14110896 0.60739305 0.60739305
32.12271636 3.17006551 1.86380559 0.03100372 0.09546019 0.30306791 0.30306791
127.20900865 11.80068562 15.90996362 0.15790012 0.06375364 1.12734559 0.13573894
103.78413966 18.17980454 15.79224944 0.20521489 0.06096665 0.41016310 0.23102778
54.57814070 8.67164447 4.39004083 0.08658090 0.17966803 0.86445352 0.86445352
87.47897727 28.19139582 13.07023327 0.10700026 0.05718843 1.43897555 1.26990443
57.28847779 30.66707895 12.98368964 0.04550897 0.06847708 1.32634182 1.26618038
131.26576111 13.65424752 17.42649165 0.17331727 0.07292359 0.16103732 0.03563588
