53.29836032 5.63103425 4.10351379 0.01113721 0.14903942 0.12893663 0.96642764
58.74015670 7.15510721 4.82242812 0.08366862 0.05068867 0.30427099 0.21229346
53.30512196 3.52043126 2.52021380 0.02453390 0.09880638 0.71275531 0.64629031
44.82134566 6.88786005 2.98463129 0.07705201 0.18760475 0.71281763 0.60890931
53.01207767 8.59812197 4.38780888 0.06762514 0.06792350 0.27985242 0.24482672
44.70774192 3.41514185 3.30304323 0.06498032 0.13820862 0.14993933 0.17654732
54.10091721 6.77164912 3.62375495 0.08791393 0.05826712 0.39910095 0.43391121
51.62211601 9.57926200 3.62981798 0.07482687 0.06070060 0.16944281 0.61625693
53.03374433 2.52428707 4.48751213 0.03955307 0.12710134 0.30014870 0.84100668
53.18734373 7.44692014 4.30716744 0.07340900 0.06256408 0.35475258 0.36068124
53.10139205 8.54541816 3.71912566 0.08055438 0.05835496 0.25784053 0.38463155
52.72381668 9.24349711 4.60640534 0.07318271 0.05471696 0.16847516 0.44558012
47.55438536 0.88858574 4.67528305 0.03695732 0.12793369 0.77142160 0.69556088
20.42721319 7.69041773 0.53411558 0.06961557 0.08209827 0.01724218 0.23304404
53.17401680 9.60020210 4.33005120 0.04904391 0.05259452 0.40904457 0.55116591
55.70055674 8.61365254 4.88769987 0.09005464 0.06408824 0.20741330 0.36453933
52.78263041 9.89417863 4.01870220 0.09097081 0.06337757 0.24521792 0.38944162
32.42653845 2.96485555 0.81523279 0.05489600 0.07702316 0.24873879 0.51252227
20.64156678 2.88415162 3.69873980 0.08047680 0.09775332 0.18448681 0.05550733
57.84819052 9.39875270 3.63154416 0.06449394 0.05634424 0.38757792 0.44231050
48.57000756 9.29368616 3.54245205 0.06936715 0.05482774 0.30470239 0.25032404
31.41154793 0.86460711 4.45387369 0.05322021 0.10615523 0.35334963 0.95935415
55.06255067 9.09757079 4.01991632 0.08375623 0.07433022 0.23928981 0.52797694
49.27238564 9.44395799 4.77984654 0.04901755 0.06237152 0.21296852 0.59829221
39.76492211 0.80322682 1.23349527 0.00441780 0.19504763 0.47018301 0.36559782
40.74378082 9.37345341 2.08422984 0.08429695 0.15372841 0.03514375 0.50295782
21.11290977 7.65062509 3.30429472 0.08583053 0.14843130 0.38368200 0.50389679
45.21065953 9.35906475 3.83820485 0.08633314 0.06246627 0.22212955 0.37262721
57.07769539 8.96611430 4.80059041 0.08209475 0.05784664 0.27921970 0.39031441
53.67448945 8.10293260 4.40928335 0.07708999 0.06031581 0.23529449 0.20076470
55.22989694 9.06721566 4.61623193 0.07925210 0.05727717 0.41135655 0.13873959
52.53258502 9.54273592 4.83723614 0.08131676 0.05872352 0.52421470 0.06702073
48.09946330 8.49241290 4.35869828 0.08281318 0.06365086 0.28910920 0.51867028
44.17629430 7.86708735 0.57660730 0.07819943 0.12364143 0.86696360 0.87152306
59.01794072 5.95924464 2.65688757 0.04065869 0.19631471 0.14711817 0.25903181
20.00310446 0.75276697 4.98249907 0.06480286 0.06053172 0.89490509 0.94427699
58.98113003 9.23781743 4.00361255 0.08096458 0.05994770 0.45667913 0.26051864
57.39994405 8.01977604 4.26552268 0.08234172 0.06781499 0.34239997 0.36226837
36.34660566 5.88813753 2.87546064 0.01881761 0.19752257 0.29182925 0.10067676
51.96853916 9.34468288 3.60712647 0.08052428 0.05682158 0.12737845 0.55426177
59.77816859 7.25714653 0.70307522 0.05322500 0.07790632 0.80615052 0.66782149
51.87148551 9.19057137 4.24293454 0.06828460 0.07780119 0.28001466 0.28254255
28.81500186 2.77744425 3.28511240 0.09415930 0.19448546 0.12204508 0.29852587
55.53245315 8.37020702 4.42859835 0.08352619 0.05717570 0.26279301 0.44320620
21.43467612 0.26885930 1.13032845 0.04132294 0.13839935 0.32117992 0.83117400
47.22830113 6.39851225 3.22656405 0.05618604 0.15784150 0.35463127 0.45777727
56.52372205 8.16245141 4.06809077 0.08913838 0.05789119 0.35602702 0.38551600
55.05707719 9.26380051 3.17412837 0.03756111 0.05877033 0.39918882 0.00166254
59.60942692 2.09947078 0.76807348 0.05513558 0.07937681 0.36917080 0.21914005
55.88184749 7.78708213 4.20837106 0.08186769 0.05748015 0.41450801 0.40291625
53.76898498 8.82436743 4.09358556 0.08994507 0.05738597 0.19932962 0.16385787
56.68871013 1.71596561 2.46226693 0.02539696 0.16535839 0.57731040 0.53428647
56.14051301 9.34942595 3.86085053 0.07003584 0.05957047 0.34006933 0.43300556
20.72186134 4.51217502 1.98793306 0.06062083 0.10039824 0.10430029 0.62350852
25.80786054 4.85882706 3.18959862 0.00962263 0.15784615 0.53522855 0.62012381
53.68968344 8.84636229 4.26745147 0.08321423 0.06845818 0.20312089 0.38180291
54.47873845 9.46361337 4.77064827 0.07928018 0.06736197 0.59780504 0.13117847
36.80104994 8.03459471 3.93473196 0.05457041 0.08058593 0.06488128 0.54603050
56.97373129 9.02804422 3.60013961 0.08707063 0.05579702 0.08190211 0.15705663
41.13222370 8.47117785 3.39502957 0.06485118 0.19202845 0.51809346 0.80535511
58.06806049 7.93766577 4.46873147 0.09791373 0.06362410 0.26970436 0.42357334
31.19554203 1.07218008 3.42411955 0.08057435 0.16139357 0.38868347 0.93096746
55.31037762 9.48743347 4.64168016 0.06624353 0.06162978 0.43509394 0.08810654
57.44234641 9.84407190 3.87045641 0.08426285 0.06321321 0.45746623 0.34261101
55.48941913 8.27226187 3.86957025 0.09059136 0.06839530 0.42269662 0.34942595
25.95837683 5.06360038 2.47889500 0.03751047 0.06393650 0.15375911 0.80765029
54.68938652 9.48932403 3.34408611 0.05373470 0.05241740 0.29007008 0.47675503
53.51580199 9.05425190 4.64111254 0.07829727 0.06935335 0.47358945 0.20175170
57.29052032 8.98350807 4.09158742 0.05597087 0.05742655 0.29753919 0.53585998
51.11028016 9.56430559 3.40484339 0.08333297 0.05784043 0.13643215 0.49300503
57.05792268 9.64500511 3.18756795 0.07980308 0.07157542 0.20301884 0.47570995
29.66231777 4.35900292 3.23145398 0.09782417 0.13088215 0.12738857 0.50636229
51.12919451 9.92628274 4.25333566 0.04892038 0.06948692 0.45792921 0.59725208
45.78833710 8.87564448 2.49619224 0.08335624 0.13173855 0.62035198 0.03566658
50.30362251 9.72147860 3.87165264 0.04188388 0.06482116 0.41212757 0.57508460
49.64497656 8.39836783 4.33287144 0.07596533 0.07747152 0.32187713 0.35537036
49.13262384 4.16046324 4.27315490 0.00758006 0.10162795 0.24027494 0.96838399
55.06035541 8.43338103 4.00885359 0.06398937 0.05630675 0.25088139 0.81864050
48.82471524 8.34260466 4.95228471 0.08653850 0.06505882 0.44500021 0.07374878
48.72048458 8.85817722 4.23849447 0.09647526 0.05530361 0.36348995 0.32924336
56.65756355 9.40208738 3.41930295 0.07240439 0.05639124 0.35331099 0.26787377
28.25096427 3.97219188 3.23015041 0.03308933 0.08006745 0.80665018 0.18067669
51.99406929 9.61025571 3.94319340 0.08757963 0.06483522 0.33351706 0.32506283
54.94894555 8.92105517 4.53011716 0.06414373 0.05785632 0.37765958 0.77327867
53.20069243 9.32955255 3.83877040 0.07779995 0.06700614 0.36334934 0.52086359
36.47865686 8.59189980 2.70119841 0.02083847 0.19828556 0.05072747 0.33803636
22.80963482 7.96047548 3.30398758 0.02371778 0.16165858 0.64576550 0.84714289
53.82575476 8.02245379 4.77507098 0.05146553 0.05272623 0.28031530 0.67119845
53.54146735 8.42583487 4.63607918 0.08075725 0.07698268 0.40287296 0.14044674
52.13786978 8.21284517 3.81583410 0.07928771 0.06439631 0.20458249 0.31793817
56.00074747 9.05991294 3.84373174 0.05963210 0.06056840 0.30475765 0.42587563
54.09354968 8.87800427 4.73397976 0.07544511 0.05333733 0.19097523 0.30427562
53.81146974 7.31949301 2.18914979 0.04195595 0.17794435 0.86081891 0.59202376
27.56249908 8.15835802 1.68335322 0.08293460 0.09719953 0.16065344 0.65724487
22.35449973 6.10659865 4.32439567 0.04649769 0.06003560 0.23685279 0.52662893
50.12250319 9.39385797 4.49713590 0.09604505 0.05573422 0.36111496 0.48645426
45.92969178 4.33888317 1.49283082 0.03260670 0.11209251 0.97190132 0.96464646
30.23347689 1.81321732 0.62873181 0.00651796 0.09610138 0.12305136 0.01846204
52.19660727 9.06955336 4.42544793 0.06145890 0.05275303 0.02076865 0.71796239
46.75831546 6.08831671 2.26101258 0.07254545 0.10924402 0.22617547 0.57077421
30.50114891 1.68500739 2.10172902 0.04564020 0.18697467 0.42849366 0.81269485
27.77657816 7.81154440 1.93412759 0.08525041 0.11587734 0.84608272 0.59062308
38.17439157 6.18913280 0.94971698 0.06303896 0.08718653 0.65364381 0.76982085
56.05226353 4.14219450 4.60737858 0.02078079 0.14205194 0.71081609 0.20142404
47.19347230 9.41022676 4.01119747 0.00368456 0.19541834 0.47264768 0.14277125
50.24063793 8.86198105 3.85743005 0.07713486 0.06080347 0.30803226 0.61222355
50.63041627 8.33126946 4.48669345 0.06653155 0.05845904 0.12531876 0.80446782
26.78922989 9.69244003 4.76434974 0.03500621 0.17683658 0.77760237 0.72016865
54.27945733 9.87941806 3.98668311 0.07880145 0.05253762 0.26022939 0.30191506
55.15974601 8.78879246 3.76190005 0.07122714 0.06179839 0.32539216 0.31503651
56.95713880 8.78341072 4.57570104 0.05490443 0.06166376 0.12035977 0.64210333
52.85621852 5.86829468 4.70324688 0.04613033 0.18631606 0.91385435 0.77527459
54.79660518 9.31480308 4.29993910 0.05802994 0.05546759 0.43676310 0.54628675
36.24150084 7.83954654 2.92314365 0.05127609 0.19789799 0.64738113 0.64814329
48.87903884 1.26144781 0.59915143 0.09356739 0.05029521 0.45624096 0.21060937
51.23673751 0.50679295 2.26488588 0.06823507 0.12161864 0.28182730 0.67051958
55.92375425 7.96451231 4.68062595 0.07538516 0.07980844 0.06290785 0.33314335
51.09128145 8.12127669 4.83808693 0.07434646 0.07923414 0.25552979 0.51041565
53.89831008 9.01481985 4.09347538 0.09308167 0.06522270 0.22322883 0.12744396
50.12990299 8.25686925 4.07207973 0.08834019 0.05881610 0.43897364 0.55206624
55.62804089 9.06005819 3.49082204 0.06694625 0.06059103 0.28903542 0.49283370
25.50749634 2.47222453 2.61707786 0.05386458 0.12192796 0.11570631 0.84323789
54.56190039 9.22423513 4.57130231 0.09568778 0.05975818 0.28347089 0.45688881
53.06913694 9.79541558 3.87882361 0.08316534 0.05288650 0.34544470 0.39091950
49.77336796 8.43517258 4.13838095 0.08868992 0.05465904 0.13191230 0.56519069
52.49733837 8.68649132 4.96803172 0.09638766 0.05693730 0.41217762 0.53816760
57.52752204 8.56305717 4.39402490 0.09446846 0.05549787 0.42925903 0.50913664
51.39656596 9.00518849 4.49301629 0.08070536 0.06001805 0.37247087 0.22555196
