36.88281275 3.80364576 1.72316164 0.09952629 0.07037939 0.70377540 0.62318799
58.76447250 7.37352143 4.81032214 0.05661557 0.05614333 0.62611129 0.34411804
35.62205189 5.78633539 3.79487052 0.02849266 0.07298042 0.70442701 0.26470385
58.22977103 9.44910879 4.34592158 0.06136947 0.05636229 0.62234874 0.20843535
55.54907080 8.05614555 4.37058849 0.08998865 0.05986848 0.41082482 0.17174339
34.35920823 0.81712431 2.21855099 0.03094262 0.05594093 0.64949762 0.95744705
52.08030350 6.39596777 4.06777653 0.09593070 0.19843114 0.49807541 0.35183248
54.16007718 8.76695128 3.42223018 0.07953865 0.05853519 0.41598166 0.26295905
54.68097088 8.83367371 3.38217913 0.07075551 0.06323901 0.36559884 0.31023155
58.27739571 9.51547708 4.54867413 0.07768282 0.05129915 0.74733487 0.17254535
46.52815022 1.93795323 2.11602658 0.04737547 0.14044798 0.61018776 0.42072334
57.45040241 1.90521256 1.71234162 0.01562057 0.07180596 0.55715063 0.13795594
53.16154298 9.63343904 3.80874299 0.05080784 0.05274191 0.41200635 0.38976922
59.45118875 8.01952700 4.17226499 0.09193231 0.05773344 0.54400081 0.27115484
57.16751064 9.41853976 4.80965418 0.06604695 0.06496097 0.68769713 0.18710173
50.96720182 1.92712145 3.82309630 0.08916521 0.17748831 0.77481380 0.09664023
55.64091211 8.67848060 4.19265634 0.07622250 0.05566377 0.53411395 0.26832589
53.44840864 0.60379616 4.26287839 0.01653617 0.05877965 0.68486808 0.05988088
56.61204042 8.77095808 4.26769334 0.03687499 0.05296822 0.49967855 0.41472327
33.90184314 8.86031783 4.04332998 0.04986019 0.18609563 0.67021311 0.97593139
21.65571662 7.53414333 1.26769232 0.00358839 0.09848485 0.37034410 0.78685596
44.48470577 9.74484496 4.32433666 0.00724707 0.11406790 0.57868169 0.32304569
54.44020042 7.66759099 4.03239405 0.07720219 0.05578267 0.15806610 0.73342320
57.02521010 9.72348142 4.97304320 0.05941432 0.06236039 0.82623432 0.25764387
58.65149861 9.22340108 4.55294273 0.06413590 0.05006318 0.77557691 0.20004729
55.93521464 9.61688484 4.57854190 0.07801681 0.05344164 0.66495029 0.14694653
41.47231696 0.98502510 2.65644199 0.04464885 0.12508918 0.69963241 0.19229317
58.69484081 7.87432180 3.95960248 0.02831632 0.06446152 0.53305797 0.13363743
29.76057793 1.22758313 2.29031977 0.06205801 0.11691310 0.39810137 0.10852667
48.10326629 8.92932978 4.13583082 0.05587559 0.11621903 0.77878909 0.78609251
52.08352694 9.11219049 4.62130603 0.01751112 0.06846567 0.74942232 0.10805622
55.52525229 9.41655226 3.95868522 0.08314620 0.06114671 0.26173722 0.77964339
34.72392829 2.78352247 4.72869565 0.02220650 0.13549883 0.76227731 0.40249938
39.21900963 3.24363450 4.97547324 0.06272254 0.16516287 0.23847818 0.80211003
54.15372609 9.01300286 4.90939487 0.06163862 0.07079141 0.72436183 0.46149317
59.09288475 9.04026722 4.19884175 0.05815435 0.06762480 0.49251982 0.37441395
47.08707802 3.65782131 4.55007772 0.09460676 0.09913437 0.30375034 0.07631739
50.41696737 2.62762417 0.92954712 0.08520879 0.16740356 0.45195876 0.14269732
52.07563610 9.16874846 2.95850208 0.00201963 0.09466745 0.60031044 0.40858292
58.47490766 8.34970566 4.88176909 0.07057634 0.05283374 0.68856242 0.21395174
55.79444502 8.77621657 4.23830027 0.06482891 0.05271971 0.55735937 0.38466385
51.38021595 9.86430329 4.79543006 0.05569053 0.07414676 0.68396607 0.16933747
58.89309034 9.92422389 4.23710613 0.06271583 0.05286972 0.79607071 0.26420926
54.47338339 8.48041542 3.92826238 0.07377741 0.06424163 0.41301613 0.36361082
59.59132558 8.22538272 4.33655262 0.07529209 0.05483693 0.33949597 0.10003434
36.95129335 7.71893554 1.28027039 0.04995017 0.17598481 0.66410924 0.32879486
58.49667314 8.42137003 3.82969081 0.06391859 0.06176722 0.42017997 0.42994228
54.47848434 9.01272308 4.20509286 0.07997560 0.05556982 0.78135722 0.10152713
48.00191173 9.57967062 4.88700232 0.06996392 0.06447888 0.68607480 0.17451171
54.08413590 9.01227183 4.13996792 0.06945429 0.05487611 0.30685001 0.28115902
35.20716057 9.73814308 4.00673030 0.08285108 0.19121691 0.35567677 0.33721718
37.22400988 8.87602184 4.78647299 0.01064483 0.17342918 0.99996384 0.11857856
56.65034099 8.37893050 4.62131087 0.03189446 0.05773538 0.51441084 0.01394970
56.61395763 6.99110341 4.04290950 0.06588695 0.06473791 0.76916275 0.22133849
55.15191671 9.28878151 4.04956398 0.06775422 0.07296171 0.26611424 0.29939853
49.67541774 9.16004081 4.72414667 0.06921302 0.06215995 0.89502552 0.07038520
39.55516933 7.33614812 4.54884230 0.08420911 0.13756176 0.68762816 0.77724132
54.23681720 9.27139860 4.01347560 0.08994467 0.06922923 0.26209314 0.13801114
55.14545893 8.27475325 4.15883407 0.03357123 0.06014782 0.59049459 0.12480732
54.82027823 9.26127147 4.20960297 0.04818362 0.07239016 0.41200827 0.32715757
56.28794960 8.82114933 4.17569624 0.04721000 0.05996561 0.83642854 0.39703814
56.34380227 9.91484377 2.55747763 0.05819543 0.16747577 0.74034812 0.53871804
37.99994867 0.26654786 3.93888476 0.06119528 0.16209718 0.70723270 0.62758507
35.36634083 9.28318789 2.80565706 0.06128145 0.18320090 0.69807247 0.54528059
55.14912759 8.22365406 3.64981923 0.07525783 0.05688443 0.28635184 0.35292569
33.73409795 1.98593457 3.64478967 0.00582413 0.19632341 0.69377012 0.93648781
55.60195663 9.15213386 4.66990076 0.06917016 0.05525836 0.69632116 0.18844168
52.20668228 9.19399978 4.16199551 0.06887711 0.06024914 0.28366941 0.25459992
53.51443976 5.32833675 4.97159571 0.05759657 0.11171734 0.71458552 0.35102714
55.82015243 9.14102376 4.62967387 0.05991927 0.05898859 0.69596490 0.18867105
54.66886143 6.91536272 4.25290980 0.08698608 0.06863327 0.41149374 0.28646836
58.31302320 8.04194682 4.05878697 0.07568672 0.05045201 0.48219882 0.30687431
58.39825044 8.57841059 3.42083779 0.08359344 0.06652892 0.45448918 0.25075369
29.61904199 3.36659622 3.88987141 0.07842324 0.19146975 0.85301347 0.75196668
35.52612704 6.07761374 4.88627936 0.04566657 0.10015405 0.30263678 0.46130702
21.82099029 7.11546062 3.65713129 0.01868968 0.11389224 0.72705300 0.25146005
51.62772634 9.10114285 3.91386432 0.04443871 0.06584239 0.41404709 0.37377226
58.45057266 9.60182666 4.29388009 0.07059795 0.06838100 0.28802248 0.30244744
56.61317960 8.06781589 4.16506188 0.07364844 0.05472196 0.12818492 0.32011172
56.37461149 7.98967982 4.39670653 0.04635575 0.05592818 0.48831400 0.37549694
55.29864971 8.69258688 4.59045782 0.07713110 0.06065914 0.62709904 0.18266350
50.34898299 9.15253028 4.51113819 0.08156216 0.06206296 0.69368777 0.12386494
52.05329125 9.46139606 4.62116485 0.05339012 0.06327726 0.50770784 0.38833931
50.62752206 8.29337134 4.11640885 0.06575278 0.05612121 0.60784692 0.42271908
58.31639757 9.83689609 4.24025107 0.06548630 0.06168142 0.81646658 0.29561997
50.83536352 0.68632385 3.07082955 0.05866498 0.08967694 0.52029663 0.11265115
34.62751856 2.72918592 1.95958370 0.05843230 0.13228890 0.12788753 0.38126334
25.35764463 8.19365820 4.07000734 0.03862650 0.08105874 0.52877398 0.28249022
55.47852133 9.22899982 4.44845002 0.07016732 0.05782739 0.67578382 0.12392887
56.39296129 8.70696139 3.48033753 0.07214834 0.05409644 0.39007740 0.27143916
38.21222516 8.61835658 3.80324643 0.09764476 0.11558183 0.25945697 0.26410877
26.71146639 7.16518763 3.08939519 0.02797249 0.17900541 0.81770317 0.67433510
51.05012332 8.03608962 4.33485835 0.06058329 0.05562971 0.77915094 0.39454271
58.78833774 9.71195155 4.10144219 0.08157626 0.06280897 0.39599432 0.32866000
49.43242858 8.25480562 3.37065773 0.07967499 0.06732101 0.43644866 0.12071925
35.68098933 3.62709783 2.36339439 0.04042967 0.15151994 0.50241793 0.00944899
53.72479579 9.71630001 3.65979603 0.07191426 0.05276059 0.44379923 0.38409761
40.99444726 3.57382354 1.19005997 0.06087538 0.10930346 0.85804616 0.78993425
28.58491989 3.95900778 2.78638145 0.04399373 0.17945334 0.68253181 0.57034410
52.08694844 8.83077540 3.42987306 0.07356785 0.08451431 0.46582335 0.07115985
45.95789883 7.69076265 1.72954562 0.00996919 0.14801053 0.52608664 0.28587487
57.36594478 9.76475284 3.83527271 0.06251559 0.05793283 0.77773528 0.20314053
20.61486708 0.68173582 3.91325394 0.06974464 0.19021622 0.39804887 0.93523820
54.67521540 9.57680075 4.17954796 0.06831679 0.05595542 0.26377369 0.35025376
22.69586102 3.74578932 1.56047129 0.01133542 0.10913905 0.96099856 0.73834628
57.03517390 7.68175322 4.28442257 0.07189764 0.05801558 0.49654659 0.37280728
42.31699113 9.81118432 3.83174388 0.07278644 0.05221901 0.59507071 0.37653577
59.52113954 9.46211101 4.05047438 0.06946373 0.06418969 0.43158406 0.42311666
56.58547129 8.64458281 4.10812786 0.05969834 0.06255420 0.25368967 0.24364455
52.26783972 9.59055179 4.59507972 0.08319751 0.06367538 0.70301870 0.27470448
58.10056233 8.58305304 4.36222274 0.06558557 0.06918698 0.62267989 0.39210634
58.26513920 8.45891563 4.46149219 0.06492006 0.06393009 0.48436657 0.30667993
56.57292320 7.04184856 4.45587828 0.06431929 0.06827856 0.94656908 0.19098479
55.22323419 9.74090201 4.79000375 0.07249477 0.06370785 0.55196510 0.19301320
57.36080836 7.61846275 4.69376251 0.06763802 0.05854390 0.62046761 0.33517606
59.05316953 9.09664313 3.99836389 0.06133217 0.05647493 0.59189146 0.36440230
29.52191056 1.93399879 3.14084669 0.02014914 0.10513055 0.30030839 0.92554218
49.51929316 1.61130307 4.59964060 0.00876181 0.06366790 0.65006633 0.43344701
52.71082435 9.07685321 1.13533345 0.02388698 0.15861562 0.27018788 0.95323750
55.56766375 9.30218345 4.77657584 0.06982277 0.05393560 0.59523310 0.18878200
56.30497828 7.83375478 4.22699316 0.06334921 0.06186002 0.53649762 0.35425365
56.23766194 8.97531075 4.09183602 0.07367835 0.07324574 0.49416440 0.41008342
56.15329750 8.04322520 4.36115449 0.06515964 0.05700132 0.40502202 0.28720714
54.69191361 8.42726781 4.77535347 0.06357079 0.06990988 0.94398553 0.07287898
53.68800177 8.30551630 3.79741055 0.02968474 0.06431568 0.77503081 0.20796924
33.78705697 3.71004818 2.98189050 0.02185516 0.15223581 0.43561783 0.05748533
50.15304358 8.94421108 4.63664614 0.08371659 0.06021866 0.72056312 0.18652986
56.41830172 9.65379074 3.53183260 0.06369975 0.11761601 0.28554909 0.32035048
