92.31976932 23.07761931 18.57030677 0.31298508 0.05512036 1.16880644 0.16934404
92.06042792 21.76514861 17.74465288 0.30917885 0.05618599 1.19753598 0.06153540
37.91532612 4.58925490 2.51547419 0.04534043 0.11718247 0.44788315 0.44788315
67.44966664 30.95024553 14.77939601 0.24211963 0.05368554 1.73743193 0.36471971
81.96334702 27.12393819 16.31361391 0.20762570 0.05758173 1.63966706 0.47947290
101.40572805 21.93556998 18.78676739 0.33123921 0.05320557 0.93785250 0.13599324
90.06229907 23.42065152 18.06234399 0.28993681 0.05661439 1.32148564 0.37436399
65.11388633 27.25111486 14.62589623 0.23042309 0.05525435 1.55461553 0.25677643
75.65521442 27.93683333 16.42972383 0.20975919 0.06128046 1.62170731 0.43782816
91.31001594 23.52860127 19.78353361 0.31391841 0.06306355 0.83811605 0.43250792
77.70785532 27.85313847 16.31493806 0.21642077 0.06654031 1.56495831 0.52884296
90.86937429 22.43825661 19.75357821 0.30973793 0.05808504 0.89047072 0.30806017
21.43035862 0.55043786 0.66091534 0.00454014 0.05536384 0.03575897 0.03575897
90.61389686 23.36566660 20.01870646 0.30973423 0.05045238 0.90066800 0.26934152
73.15651772 28.80020775 16.11950897 0.21824574 0.06345485 1.53648200 0.41173780
28.99599052 2.40401768 1.51204893 0.02326508 0.08373496 0.22489976 0.22489976
75.64705686 30.61772110 14.87647663 0.22838227 0.06399112 1.67512507 0.21609073
58.59915563 9.65679313 4.84240501 0.09653291 0.19474683 0.96497889 0.96497889
101.28316431 19.97743036 19.44104997 0.30428371 0.05478415 0.82646893 0.16561901
98.25590897 22.19488300 19.45285754 0.31418083 0.05803325 1.08486975 0.08433236
102.95244437 21.09778618 19.70185642 0.31159229 0.05466569 1.11726960 0.12425083
56.50517342 9.14376749 4.60683201 0.09135030 0.18689440 0.91262934 0.91262934
91.48394427 24.25887728 19.26853541 0.31321711 0.05564460 0.88130788 0.43774032
38.26317263 4.67447729 2.55460692 0.04620135 0.11848690 0.45657932 0.45657932
78.79561450 28.72066683 15.25546344 0.24346461 0.07623304 1.73987693 0.19049037
74.77831009 29.02363103 15.49978906 0.23965274 0.05167495 1.61028747 0.10043170
36.98699398 4.36181352 2.41103682 0.04304281 0.11370123 0.42467485 0.42467485
82.55210679 27.29502883 16.27845887 0.22287247 0.05635841 1.50430396 0.46497038
96.57797296 23.81055610 18.30899658 0.32459515 0.05345911 0.93783399 0.13370794
75.72748529 29.40304148 14.45086278 0.23587577 0.05663672 1.70191375 0.20288058
87.31675587 22.11013071 18.01895819 0.30785956 0.05301255 1.36850018 0.26699614
86.28322152 22.61679716 20.31874646 0.31754338 0.06590775 0.76365141 0.29704609
49.22504543 7.36013613 3.78781761 0.07333199 0.15959392 0.73062614 0.73062614
42.74871973 5.77343633 3.05923097 0.05730308 0.13530770 0.56871799 0.56871799
97.40261705 21.62999912 19.99981467 0.32728919 0.05523030 1.18644760 0.25498191
74.78968973 30.51609302 15.22085344 0.24293675 0.06024754 1.56487398 0.30181772
72.41467671 31.08338707 14.89345443 0.25366110 0.05738753 1.38295355 0.41990651
37.11098595 4.39219156 2.42498592 0.04334969 0.11416620 0.42777465 0.42777465
86.44675870 22.73347083 17.77717809 0.31843991 0.05097653 1.39534598 0.26220344
68.55540395 31.72432250 15.25963347 0.25041642 0.07191864 1.48034773 0.33746374
28.13171577 2.19227036 1.41481802 0.02112600 0.08049393 0.20329289 0.20329289
95.08465990 23.81474965 19.25815728 0.32720560 0.05819529 1.02856981 0.37466034
34.07868422 3.64927763 2.08385197 0.03584474 0.10279507 0.35196711 0.35196711
20.17458639 0.24277367 0.51964097 0.00143210 0.05065470 0.00436466 0.00436466
100.12460148 20.95566829 19.48221861 0.30409616 0.05057325 0.89832423 0.22176059
68.76721727 28.26929712 14.12910116 0.23608323 0.05654919 1.42425071 0.35867612
88.01667958 23.79994932 18.32663753 0.30193499 0.06636055 1.34054096 0.26265009
93.81124653 23.39720331 19.94320611 0.31782231 0.05499763 1.06376053 0.36701585
94.44776048 24.75297622 18.40796708 0.32542851 0.05981118 0.99107981 0.08217584
97.45710823 22.69835987 19.79028293 0.31473013 0.05066061 1.00311833 0.31890493
57.01593276 9.26890353 4.66429244 0.09261443 0.18880975 0.92539832 0.92539832
76.34212509 29.18989624 15.31823703 0.23330783 0.05810848 1.60221722 0.08899534
43.13487585 5.86804458 3.10267353 0.05825882 0.13675578 0.57837190 0.57837190
83.10627319 24.58487377 16.21402461 0.31390765 0.05802879 0.97365023 0.38645065
45.19088157 6.37176599 3.33397418 0.06334743 0.14446581 0.62977204 0.62977204
58.37091072 9.60087313 4.81672746 0.09596800 0.19389092 0.95927277 0.95927277
70.59797256 32.15240808 15.21385351 0.23747812 0.06090943 1.35090425 0.40541277
21.71819273 0.62095722 0.69329668 0.00525253 0.05644322 0.04295482 0.04295482
84.95640695 23.16816879 17.86377772 0.30619917 0.05623521 0.82030040 0.30826091
81.35938272 30.11515461 15.10698865 0.27962150 0.05771883 1.38489897 0.28849572
46.63572252 6.72575202 3.49651878 0.06692341 0.14988396 0.66589306 0.66589306
29.83012999 2.60838185 1.60588962 0.02532957 0.08686299 0.24575325 0.24575325
88.46491732 22.28524388 17.70255043 0.31730241 0.07050068 1.44941933 0.44200267
89.73780992 24.00523999 18.20721753 0.30616644 0.06601856 1.43534712 0.25495582
81.42500864 24.17269109 16.47898142 0.31571943 0.06409862 0.93337941 0.41831955
42.59348249 5.73540321 3.04176678 0.05691887 0.13472556 0.56483706 0.56483706
22.67702788 0.85587183 0.80116564 0.00762564 0.06003885 0.06692570 0.06692570
94.16424673 23.58462001 19.06837173 0.32455708 0.05061408 1.04447493 0.36558584
85.12012114 24.21712707 16.65696000 0.30729446 0.05661210 0.92523335 0.43088847
49.28026838 7.37366575 3.79403019 0.07346866 0.15980101 0.73200671 0.73200671
75.40539753 30.28121188 14.71248061 0.24298797 0.05376298 1.48891407 0.36705543
68.34211041 28.21778552 14.73187080 0.23614959 0.05082341 1.41720786 0.34901591
48.60155793 7.20738169 3.71767527 0.07178886 0.15725584 0.71503895 0.71503895
25.13522129 1.45812922 1.07771239 0.01370967 0.06925708 0.12838053 0.12838053
78.56850115 27.62633693 16.21407783 0.21414363 0.06182750 1.54764474 0.36507632
68.41736898 32.76724681 14.84111558 0.23843125 0.06333902 1.46289767 0.34727911
46.33469093 6.65199928 3.46265273 0.06617836 0.14875509 0.65836727 0.65836727
39.04693721 4.86649962 2.64278044 0.04814117 0.12142601 0.47617343 0.47617343
91.35026907 21.55242647 16.97877400 0.30574004 0.06047870 1.08509395 0.12692706
25.19333882 1.47236801 1.08425062 0.01385351 0.06947502 0.12983347 0.12983347
28.36248392 2.24880856 1.44077944 0.02169715 0.08135931 0.20906210 0.20906210
66.50821509 30.57890794 14.36779085 0.25519449 0.05333395 1.45636965 0.35453978
58.52432209 9.63845891 4.83398623 0.09634770 0.19446621 0.96310805 0.96310805
69.32634096 31.28504338 15.14007875 0.23997827 0.07660391 1.53507617 0.37972993
30.91275573 2.87362515 1.72768502 0.02800907 0.09092283 0.27281889 0.27281889
94.78432726 24.44276138 18.12587995 0.32428506 0.06278523 0.96550925 0.22876797
90.63542053 22.89970031 20.20623318 0.32983808 0.05406656 0.98178176 0.27902644
96.36914236 22.75764458 19.76946521 0.32374290 0.05859349 0.77059646 0.22642274
76.74896902 29.01980693 15.21664138 0.23256469 0.05590109 1.60352237 0.14261147
80.18382612 26.66206331 17.04435099 0.23571420 0.05873385 1.48356577 0.49499857
66.03686869 29.74365853 15.25080569 0.26609792 0.05531851 1.61922981 0.31469667
37.44807449 4.47477825 2.46290838 0.04418398 0.11543028 0.43620186 0.43620186
37.81988208 4.56587111 2.50473673 0.04510421 0.11682456 0.44549705 0.44549705
83.66183416 23.61479632 17.11494524 0.30104652 0.05735892 0.92926893 0.13778806
21.89363337 0.66394018 0.71303375 0.00568674 0.05710113 0.04734083 0.04734083
22.68502646 0.85783148 0.80206548 0.00764544 0.06006885 0.06712566 0.06712566
66.98046414 29.19013808 15.69103745 0.26265678 0.05311489 1.65154569 0.27878085
89.42016909 23.89874960 18.20874554 0.33287722 0.05264599 0.93938060 0.18431186
57.13062852 9.29700399 4.67719571 0.09289831 0.18923986 0.92826571 0.92826571
70.58940322 27.50227356 15.87375114 0.22268283 0.06777404 1.56466273 0.36248157
42.10997135 5.61694298 2.98737178 0.05572218 0.13291239 0.55274928 0.55274928
70.90489760 28.33649823 18.54240526 0.28729052 0.05696125 0.98326166 0.69256081
96.74087124 23.94329759 19.26191191 0.32946959 0.05023203 0.77042812 0.29577886
57.27809335 9.33313287 4.69378550 0.09326328 0.18979285 0.93195233 0.93195233
59.96433746 9.99126268 4.99598796 0.09991174 0.19986627 0.99910844 0.99910844
97.83401702 21.71792634 19.13985535 0.32216996 0.05277821 0.82484392 0.20822467
92.52140178 21.78671103 17.21775065 0.30863912 0.05045775 1.25571574 0.10220929
78.60734443 23.73415472 17.60584326 0.27951188 0.05821451 1.03953899 0.14618908
35.00598160 3.87646549 2.18817293 0.03813980 0.10627243 0.37514954 0.37514954
84.56673278 23.45608555 17.92209173 0.32597212 0.06191700 1.37657410 0.31813245
50.14903446 7.58651344 3.89176638 0.07561886 0.16305888 0.75372586 0.75372586
76.09796379 27.96486674 18.75532452 0.29297599 0.06563130 0.90313827 0.56354683
50.47328637 7.66595516 3.92824472 0.07642138 0.16427482 0.76183216 0.76183216
30.54619728 2.78381833 1.68644719 0.02710184 0.08954824 0.26365493 0.26365493
90.89689968 22.00355514 17.31354072 0.30038363 0.06970535 1.23876979 0.05675894
62.68953144 30.55949565 15.15591811 0.23953201 0.05048436 1.70807232 0.34735911
83.50360324 23.61082477 17.16907471 0.31651140 0.05680014 0.92743118 0.41349644
91.93733131 20.50487440 17.71254896 0.30206697 0.05691221 1.18207020 0.07817644
30.56843994 2.78926779 1.68894949 0.02715689 0.08963165 0.26421100 0.26421100
42.58201710 5.73259419 3.04047692 0.05689049 0.13468256 0.56455043 0.56455043
64.14061426 30.62813725 15.08619072 0.24500604 0.05393156 1.68775138 0.31254572
56.29764090 9.09292202 4.58348460 0.09083666 0.18611615 0.90744102 0.90744102
86.81508270 24.29799077 18.14948052 0.31069185 0.06360368 1.39773037 0.38512967
53.19622851 8.33307599 4.23457571 0.08316067 0.17448586 0.82990571 0.82990571
48.41824699 7.16247051 3.69705279 0.07133516 0.15656843 0.71045617 0.71045617
75.23606690 28.60647884 14.77424256 0.22662796 0.06399678 1.38478012 0.38122213
34.88614721 3.84710607 2.17469156 0.03784321 0.10582305 0.37215368 0.37215368
40.37066473 5.19081286 2.79169978 0.05141740 0.12638999 0.50926662 0.50926662
