90.67857843 23.08730395 19.93984237 0.33188328 0.05577342 1.06073470 0.23744505
25.82455600 1.62701622 1.15526255 0.01541578 0.07184208 0.14561390 0.14561390
55.99825882 9.01957341 4.54980412 0.09009569 0.18499347 0.89995647 0.89995647
55.98504949 9.01633713 4.54831807 0.09006300 0.18494394 0.89962624 0.89962624
52.75934645 8.22603988 4.18542648 0.08207938 0.17284755 0.81898366 0.81898366
51.02440631 7.80097955 3.99024571 0.07778541 0.16634152 0.77561016 0.77561016
56.89261792 9.23869139 4.65041952 0.09230923 0.18834732 0.92231545 0.92231545
71.27084149 28.96167988 15.81374071 0.25069036 0.06163639 1.46163874 0.12698044
89.29474781 22.78960946 18.33381881 0.29475853 0.06555714 1.15674372 0.16836761
89.71439093 23.59918623 17.22453997 0.29689654 0.06164948 1.46259275 0.26058224
97.07134643 21.93037050 18.32245182 0.31377551 0.06008492 1.15396417 0.24868107
87.81666514 20.83929820 20.06393770 0.32226755 0.06742707 0.87510196 0.16564555
82.65735611 23.57800043 17.26176567 0.30784745 0.05753613 0.96776931 0.19367119
95.30682783 22.12511875 18.99577366 0.30259913 0.06343215 1.17750644 0.28386753
92.32028982 22.12469501 20.15478022 0.33821016 0.05310505 1.03503977 0.41457824
79.99671933 27.10596165 16.27984839 0.22280400 0.06042162 1.52626398 0.31537828
88.24490429 22.14907784 18.32059025 0.31363203 0.05644273 1.31893579 0.26231301
88.83978057 22.65898906 17.50625567 0.31706976 0.05535854 1.36027923 0.27266035
77.28415253 28.37846022 15.17677541 0.23528283 0.05824655 1.74451786 0.13262028
87.55971739 21.50000215 19.56374276 0.32728766 0.06213356 0.84493233 0.25418346
45.37294006 6.41637031 3.35445576 0.06379803 0.14514853 0.63432350 0.63432350
35.96885082 4.11236845 2.29649572 0.04052291 0.10988319 0.39922127 0.39922127
55.06945798 8.79201720 4.44531402 0.08779691 0.18151047 0.87673645 0.87673645
60.13259925 31.03219710 14.57439488 0.24649271 0.05871586 1.62030297 0.28234099
73.36793459 29.26790413 15.01306310 0.23916549 0.05852504 1.65349147 0.16770262
99.98653491 20.21747059 20.15409490 0.31288401 0.05743700 1.11237184 0.04473452
80.93677798 22.14570470 16.89480003 0.30240790 0.05282535 0.97085604 0.23519896
80.94632469 29.51928049 14.89308313 0.23696172 0.06129271 1.68427000 0.06747128
53.12011611 8.31442845 4.22601306 0.08297229 0.17420044 0.82800290 0.82800290
20.82271469 0.40156510 0.59255540 0.00303622 0.05308518 0.02056787 0.02056787
40.04885165 5.11196865 2.75549581 0.05062091 0.12518319 0.50122129 0.50122129
91.39345709 21.69864057 18.39776566 0.30736765 0.05797273 1.26750740 0.29200074
53.65642906 8.44582512 4.28634827 0.08429966 0.17621161 0.84141073 0.84141073
81.72658938 23.21026884 18.11454757 0.29433254 0.05091153 1.01012507 0.42096980
60.43211649 31.42214442 14.76082415 0.25035976 0.07034887 1.60309819 0.19399502
70.01697888 27.62204568 15.76582437 0.22494148 0.05578848 1.63269806 0.27720972
86.28696575 22.80435120 18.09709400 0.31854027 0.05800549 1.33897444 0.26396919
29.57847573 2.54672655 1.57757852 0.02470673 0.08591928 0.23946189 0.23946189
80.43604500 26.37531683 16.03019988 0.24502433 0.05690757 1.60516849 0.65388392
86.60538621 24.00703225 18.54270671 0.32118848 0.05318934 0.97022979 0.31578681
81.93261367 23.10941773 17.13123944 0.28486747 0.05508754 0.98981122 0.16715804
85.21754859 28.25482244 16.81023636 0.21117806 0.05321451 1.51820666 0.40137771
73.82633107 28.12376480 15.31391963 0.23639637 0.06547016 1.76904841 0.11202585
59.24162992 9.81419933 4.91468337 0.09812303 0.19715611 0.98104075 0.98104075
83.01573151 26.86585235 15.86855762 0.24099367 0.05148129 1.54676568 0.64816079
89.22117556 22.33807870 18.91708235 0.31173235 0.05138991 1.12485297 0.36070841
89.84391061 24.01868726 20.24822426 0.31235984 0.05613852 1.10986031 0.11415028
72.37829370 30.14525417 15.07649809 0.24952796 0.06399511 1.67237829 0.08641881
99.91673578 21.92311515 18.76687655 0.34347206 0.06204062 1.06332363 0.15550085
87.72439495 22.77659686 17.57555282 0.31192502 0.06316794 1.28312975 0.13481485
82.78168700 28.40588949 16.64736673 0.21872565 0.05439350 1.60942344 0.43817978
97.94280649 21.47954230 19.37999247 0.30885559 0.05464510 1.19026158 0.25715219
27.68983424 2.08400939 1.36510635 0.02003234 0.07883688 0.19224586 0.19224586
40.19417228 5.14757221 2.77184438 0.05098058 0.12572815 0.50485431 0.50485431
76.86121819 28.53460866 15.20712558 0.23665710 0.05327117 1.66799579 0.09097013
89.94092513 22.80661174 17.19186624 0.30282755 0.06148553 1.38194630 0.22248932
89.89215208 24.89254304 18.51302025 0.33051257 0.06195855 0.84275120 0.10849225
66.14965690 31.23866003 15.62717477 0.25884875 0.06682042 1.77780062 0.25850587
89.22087013 23.13174201 17.21569141 0.31511813 0.05082318 1.33020806 0.12305483
23.87357909 1.14902688 0.93577765 0.01058711 0.06452592 0.09683948 0.09683948
31.57225709 3.03520299 1.80187892 0.02964134 0.09339596 0.28930643 0.28930643
38.98421832 4.85113349 2.63572456 0.04798594 0.12119082 0.47460546 0.47460546
76.45794429 28.41295692 16.73056846 0.21097531 0.06119745 1.66253025 0.44048295
20.03921782 0.20960837 0.50441201 0.00109706 0.05014707 0.00098045 0.00098045
89.22874701 22.95751644 18.01076992 0.30863627 0.07200808 1.40342687 0.18387157
64.32602649 31.65784806 15.74705039 0.25127906 0.05668576 1.74786105 0.29898849
89.44442834 23.09658571 17.00468495 0.31480111 0.05678648 1.38366520 0.16715925
37.68216797 4.53213115 2.48924390 0.04476337 0.11630813 0.44205420 0.44205420
94.78656912 22.24024632 18.42473981 0.31218072 0.06896342 1.18756167 0.33578336
79.11089005 28.99008654 15.14603143 0.24029561 0.05549715 1.63371598 0.04340656
86.54896872 24.40746461 18.23249258 0.32817031 0.06592357 0.88166179 0.15232343
91.01106421 23.58639953 19.70062787 0.33117230 0.05900018 1.01929489 0.29239217
80.01530223 23.33064341 17.95099634 0.32172212 0.05775766 0.54796335 0.29134978
88.91699594 22.06954383 17.41977270 0.32348679 0.06584954 1.28365186 0.28954439
79.74558748 24.68325275 16.47990740 0.31174718 0.05560823 1.05295169 0.48462011
90.68825980 23.78077712 20.81428652 0.31018378 0.05179166 0.73467693 0.38374690
92.97873891 21.16513080 18.03006781 0.29908131 0.06206628 1.16489752 0.09239265
88.49671817 22.31370657 17.76546161 0.31864255 0.06107386 1.34530660 0.28081704
104.70679046 20.90222141 20.08870931 0.31295534 0.06966450 1.04882734 0.13183041
83.40479856 23.37931882 19.68712270 0.33641397 0.06079901 0.85906945 0.41461025
38.48255725 4.72822653 2.57928769 0.04674433 0.11930959 0.46206393 0.46206393
74.87919499 27.65138687 17.19509055 0.23707309 0.05424193 1.62892755 0.57087583
86.83131440 23.09504252 19.93517868 0.33885269 0.05319224 0.88862987 0.36025823
36.09528768 4.14334548 2.31071986 0.04083584 0.11035733 0.40238219 0.40238219
46.97659409 6.80926555 3.53486683 0.06776707 0.15116223 0.67441485 0.67441485
101.47951821 20.38531202 19.96594271 0.31344534 0.06057973 1.07093493 0.14238436
100.46866825 21.07802760 20.20285591 0.31422483 0.06008830 1.08823050 0.09482004
33.82514186 3.58715975 2.05532846 0.03521723 0.10184428 0.34562855 0.34562855
81.10267775 22.72542624 18.18208731 0.30320652 0.05688493 1.04097198 0.47413097
88.09767903 23.33081928 18.09443157 0.30738578 0.06233364 1.33600265 0.26188079
88.98897902 20.94940071 19.16578549 0.31090382 0.05506063 1.05849742 0.19749758
89.02848845 22.80537618 20.13426865 0.30527867 0.05048987 0.80873180 0.37464399
82.35603222 26.76104353 16.44330892 0.22018123 0.05592427 1.54112730 0.38669811
89.07560247 20.75605699 17.16898843 0.28945656 0.06217591 1.24204231 0.08578976
23.42377027 1.03882372 0.88517416 0.00947383 0.06283914 0.08559426 0.08559426
94.49382272 25.50140391 19.36308947 0.33541004 0.05110167 1.00164484 0.20557041
38.48619748 4.72911838 2.57969722 0.04675334 0.11932324 0.46215494 0.46215494
100.51592201 20.45914457 20.04107397 0.31158170 0.06565000 1.16085569 0.12155805
75.93359490 29.00685097 14.89342690 0.23305334 0.06577362 1.85003202 0.21225910
86.39765820 26.82207158 16.24315850 0.21688246 0.05649160 1.45463804 0.41678429
41.54810028 5.47928457 2.92416128 0.05433155 0.13080538 0.53870251 0.53870251
47.13253121 6.84747015 3.55240976 0.06815301 0.15174699 0.67831328 0.67831328
82.90973491 29.09257587 14.87200063 0.24103323 0.05127913 1.68382129 0.08268781
84.87133930 26.15885558 16.66845424 0.22580714 0.05397689 1.41288645 0.44022773
86.15054303 24.19929800 18.11637573 0.32222446 0.05343492 0.83208272 0.17049163
102.37672895 21.18458381 19.63590200 0.31399263 0.05197939 1.22452439 0.08395690
47.98733348 7.05689670 3.64857502 0.07026865 0.15495250 0.69968334 0.69968334
56.84363946 9.22669167 4.64490944 0.09218801 0.18816365 0.92109099 0.92109099
95.92870745 21.93305021 18.16053692 0.33928596 0.07177106 1.01202672 0.04476109
85.57065692 26.23921555 16.82555880 0.21989755 0.05612586 1.41192329 0.47301889
89.27556561 21.49426643 19.29274502 0.31247019 0.05231998 0.95358592 0.20901323
97.97012244 21.51193959 18.20729797 0.34010202 0.05225021 1.00708262 0.04788894
75.65937655 29.27700908 14.69823645 0.23217746 0.07047122 1.74448110 0.10310587
67.51048732 30.41263153 15.66257625 0.25251866 0.05362332 1.75765698 0.23285961
83.61565337 24.38381897 18.39316987 0.32142373 0.06252764 0.97981131 0.26002398
85.10220253 24.09635786 18.28067852 0.32193533 0.05605006 0.92159337 0.19054848
44.57483670 6.22083499 3.26466913 0.06182272 0.14215564 0.61437092 0.61437092
86.24484468 27.56810343 16.52752703 0.21877508 0.05890580 1.37045210 0.47823082
57.06347314 9.28055092 4.66964073 0.09273210 0.18898802 0.92658683 0.92658683
49.05079914 7.31744579 3.76821490 0.07290073 0.15894050 0.72626998 0.72626998
80.65508368 29.00182820 16.27965931 0.21953710 0.05963784 1.68306437 0.61763104
48.13026787 7.09191563 3.66465514 0.07062241 0.15548850 0.70325670 0.70325670
31.17088460 2.93686673 1.75672452 0.02864794 0.09189082 0.27927211 0.27927211
71.69052510 27.86643788 15.66892095 0.22497605 0.05706796 1.58769107 0.23797528
66.42267075 30.79662210 15.38652074 0.24599164 0.06031012 1.74001904 0.24674333
22.23806448 0.74832580 0.75178225 0.00653921 0.05839274 0.05595161 0.05595161
70.18902081 26.34832125 15.56836449 0.21261264 0.06224721 1.63322254 0.37192802
92.10454094 21.93632806 20.07340140 0.32991219 0.05203627 1.01379022 0.29051796
