73.70280199 29.40923580 15.46668367 0.25447987 0.05290036 1.45222674 0.17511452
83.30241499 24.27016668 18.94094655 0.31389974 0.05533500 0.99773984 0.13634754
37.85956541 4.57559352 2.50920111 0.04520242 0.11697337 0.44648914 0.44648914
84.82171005 22.75280799 20.22333281 0.32388583 0.06466435 0.80673337 0.35144480
81.26098315 24.00035161 17.36641058 0.30451073 0.05281854 0.88433936 0.44747179
106.23871968 22.12267784 19.50282727 0.31886953 0.05788335 1.00860805 0.18381144
86.69521265 19.83932204 19.69619311 0.33259791 0.06029712 0.74466019 0.21348493
89.50722159 23.58106107 19.64458679 0.30438793 0.05436828 1.01003543 0.30280302
63.53174564 32.57635825 14.30278245 0.24199036 0.05747299 1.67891617 0.31096879
87.81448492 23.24090025 19.99259498 0.33065147 0.06758479 0.94053063 0.24246700
89.80835835 23.69383395 18.17639986 0.31628384 0.06739804 0.81413423 0.14093388
98.50705663 21.89002999 19.67825115 0.30193539 0.05500242 1.46426865 0.20404675
63.40862978 30.39568983 16.48224571 0.24614213 0.05891293 1.42278827 0.14204230
23.86239346 1.14628640 0.93451926 0.01055942 0.06448398 0.09655984 0.09655984
79.59397122 22.95582776 16.57246098 0.32206907 0.05869103 0.90780986 0.36938617
53.05074856 8.29743340 4.21820921 0.08280060 0.17394031 0.82626871 0.82626871
30.71132192 2.82427387 1.70502372 0.02751052 0.09016746 0.26778305 0.26778305
93.98982108 21.90532524 20.65774356 0.33141064 0.05706574 1.10810730 0.46221182
60.35080365 32.21134912 14.36510213 0.23307289 0.06138112 1.78865907 0.35016901
87.16675359 26.59027631 18.67203946 0.31699995 0.05589387 0.97111937 0.26093175
94.28239075 20.39041440 21.16839419 0.32960038 0.06258371 1.01600847 0.40200124
88.19064004 22.87739397 17.18596942 0.34393905 0.06195445 1.44832553 0.15487827
41.58151706 5.48747168 2.92792067 0.05441425 0.13093069 0.53953793 0.53953793
101.42016970 20.26050731 19.03172248 0.32166184 0.06394685 1.33412463 0.34022706
25.23865986 1.48347167 1.08934923 0.01396568 0.06964497 0.13096650 0.13096650
94.32363348 21.69003070 20.97957703 0.31902330 0.05658692 1.15162088 0.50906315
31.03106095 2.90260993 1.74099436 0.02830188 0.09136648 0.27577652 0.27577652
54.02184437 8.53535187 4.32745749 0.08520406 0.17758192 0.85054611 0.85054611
37.25950114 4.42857778 2.44169388 0.04371727 0.11472313 0.43148753 0.43148753
57.99173312 9.50797462 4.77406998 0.09502954 0.19246900 0.94979333 0.94979333
101.47691709 20.42271160 19.83316014 0.32050524 0.06578468 1.39010263 0.09794364
41.67222020 5.50969395 2.93812477 0.05463874 0.13127083 0.54180550 0.54180550
82.44995604 22.97775430 17.53597857 0.32133734 0.05426679 0.98483014 0.36722790
26.52905879 1.79961940 1.23451911 0.01715942 0.07448397 0.16322647 0.16322647
90.15393505 19.40947786 20.03841978 0.32912183 0.05232457 0.89046617 0.21707316
23.22228635 0.98946016 0.86250721 0.00897516 0.06208357 0.08055716 0.08055716
92.33936978 21.94025505 19.42245770 0.31980885 0.07130545 0.85258973 0.27930402
45.85199209 6.53373806 3.40834911 0.06498368 0.14694497 0.64629980 0.64629980
93.94802592 22.10656576 17.87480404 0.33154517 0.05446640 0.95575188 0.17768850
81.45446178 22.23448203 17.54528557 0.30898392 0.05837795 0.99476792 0.35314822
51.83051566 7.99847634 4.08093301 0.07978053 0.16936443 0.79576289 0.79576289
103.19839172 22.44515752 19.18053279 0.29416544 0.07414962 1.45435861 0.26024998
55.29518107 8.84731936 4.47070787 0.08835557 0.18235693 0.88237953 0.88237953
25.94356776 1.65617410 1.16865137 0.01571033 0.07228838 0.14858919 0.14858919
80.91780168 25.61402320 18.49229046 0.31633916 0.05426785 0.74196748 0.00960775
24.38444430 1.27418885 0.99324998 0.01185150 0.06644167 0.10961111 0.10961111
78.94817526 22.27024995 17.94475817 0.31079758 0.05129493 0.60048021 0.25712675
92.97216602 21.44551385 21.67430007 0.33836632 0.05460952 0.92428605 0.42116497
102.81410436 22.12590233 19.35718127 0.30627716 0.05786195 1.40289648 0.23142850
58.78336004 32.86828660 14.33155019 0.24544958 0.05669876 1.64827481 0.39942537
96.93893701 21.34692165 19.10102093 0.29870471 0.05192795 1.49895663 0.11671820
71.59787096 29.07745397 15.71412722 0.23928753 0.05552905 1.42215859 0.12550103
86.76202289 23.65087573 17.83034303 0.30897603 0.05153496 1.05719202 0.19795789
86.83578512 23.27888459 20.03086929 0.32306898 0.05483602 0.82113419 0.32898313
78.42881429 23.32664716 17.41024121 0.30988230 0.05915588 0.87800385 0.38211882
79.70982473 30.93763608 14.99403250 0.22484891 0.06048818 1.54170302 0.13410598
85.98934360 23.10408477 20.52020861 0.32266896 0.06910636 0.83704803 0.34878422
95.78673339 22.84049371 18.04074187 0.33425274 0.05711299 1.00011532 0.06695825
78.67318269 24.82343920 16.57120920 0.32877689 0.05094655 0.86766425 0.16735263
32.08577494 3.16101486 1.85964968 0.03091229 0.09532166 0.30214437 0.30214437
100.86328059 21.96137968 19.83618226 0.32040026 0.05857214 1.28248629 0.15563594
21.86739766 0.65751243 0.71008224 0.00562181 0.05700274 0.04668494 0.04668494
89.88932333 23.40495791 18.48487623 0.31629358 0.06101181 0.81260186 0.13896243
92.73848379 21.96282292 21.29264152 0.32384578 0.06002339 0.99164283 0.39128639
73.44300779 30.80929654 15.09924721 0.26278391 0.05328707 1.87976586 0.16696799
83.79272434 30.24140317 15.59592018 0.25641645 0.05158114 1.72495673 0.18474334
102.46035906 21.20318659 19.40136564 0.30525403 0.05452849 1.34572565 0.18644087
66.22914915 30.20746198 16.63809399 0.24471170 0.05402506 1.41465443 0.08440678
86.97624503 24.46470375 18.54667818 0.30877684 0.05173169 0.86884523 0.21197658
85.08455368 22.30259503 17.51138368 0.32721567 0.05184957 1.11540315 0.41461565
53.69053091 8.45418007 4.29018473 0.08438406 0.17633949 0.84226327 0.84226327
85.16398488 23.09541191 19.60529200 0.31435869 0.05614334 1.02810751 0.33697051
87.29032249 21.69008986 17.56889131 0.34184834 0.06030289 1.31999731 0.10341623
85.25515144 25.12427876 18.98439568 0.31743495 0.06302693 1.08897601 0.10419612
53.66811145 8.44868730 4.28766254 0.08432858 0.17625542 0.84170279 0.84170279
88.13548529 22.33148774 17.32637412 0.34366799 0.05303649 1.22414881 0.16770748
58.46836685 9.62474988 4.82769127 0.09620921 0.19425638 0.96170917 0.96170917
88.53649372 25.75578102 19.18980214 0.32467483 0.06454870 0.97977438 0.21681055
62.45436320 29.82634342 16.08397914 0.24704157 0.05519664 1.70801991 0.17863156
53.86002324 8.49570569 4.30925261 0.08480356 0.17697509 0.84650058 0.84650058
34.63894885 3.78654247 2.14688175 0.03723140 0.10489606 0.36597372 0.36597372
75.10058190 29.33942353 15.18810318 0.24519682 0.05766105 1.88503588 0.01304007
40.32240086 5.17898821 2.78627010 0.05129794 0.12620900 0.50806002 0.50806002
91.48777426 23.47959495 17.83272071 0.33135742 0.06306636 0.85893485 0.00697502
37.28653260 4.43520049 2.44473492 0.04378417 0.11482450 0.43216331 0.43216331
59.73505968 9.93508962 4.97019421 0.09934427 0.19900647 0.99337649 0.99337649
84.84844480 25.79903808 18.37997326 0.32172288 0.06868306 1.05532509 0.12500262
56.84100618 9.22604651 4.64461320 0.09218149 0.18815377 0.92102515 0.92102515
38.92269551 4.83606040 2.62880325 0.04783367 0.12096011 0.47306739 0.47306739
86.67451229 25.20736423 18.71849909 0.31098648 0.05858053 1.02632384 0.01667818
86.80851133 24.85267757 18.73901616 0.31655654 0.06762468 1.02879013 0.12298569
63.71039230 32.20798024 14.18032461 0.24545796 0.05467929 1.68989205 0.29862516
86.38545087 25.16720956 18.77972351 0.31477123 0.05299433 0.95069008 0.18827971
103.31790479 20.42843630 19.51702819 0.28635138 0.05805735 1.13688813 0.22661217
51.68852872 7.96368954 4.06495948 0.07942911 0.16883198 0.79221322 0.79221322
24.84848581 1.38787902 1.04545465 0.01300000 0.06818182 0.12121215 0.12121215
71.47933353 30.84130961 15.22404364 0.24979196 0.05538491 1.72252089 0.06861148
97.29305353 21.58624061 19.46131026 0.29919309 0.05015036 1.39080905 0.17043930
87.14709053 24.25745718 19.01391391 0.31455133 0.05688054 0.91385131 0.18090520
52.73216501 8.21938043 4.18236856 0.08201211 0.17274562 0.81830413 0.81830413
88.30370152 23.58031370 16.76282255 0.33094184 0.05699093 1.40935558 0.25652505
25.04884803 1.43696777 1.06799540 0.01349590 0.06893318 0.12622120 0.12622120
86.23470021 24.22230709 17.76061517 0.31174266 0.05254636 0.92979152 0.21476123
84.37530722 23.10662358 19.94974216 0.32626821 0.06374938 0.82120254 0.34321223
88.43433628 24.66278041 18.84295385 0.32697535 0.05859198 0.84888617 0.19929686
67.11343829 30.14140015 16.24312955 0.24445004 0.06020175 1.33352101 0.08361098
85.92944914 25.73171926 18.66655702 0.31928702 0.05265213 0.98368199 0.19773713
95.13279248 22.33854111 20.91078166 0.32835363 0.05569421 1.17136574 0.36943473
93.90419989 22.25844373 21.08625115 0.32695388 0.06122347 0.96851084 0.41668821
36.68301971 4.28733983 2.37683972 0.04229047 0.11256132 0.41707549 0.41707549
87.20563470 23.65164070 19.12573260 0.32266753 0.06149948 0.87319058 0.15742364
96.98072713 22.15502937 17.94219208 0.34047680 0.05473954 0.97938739 0.12091945
27.51305302 2.04069799 1.34521846 0.01959481 0.07817395 0.18782633 0.18782633
95.71906323 21.16148843 19.48160225 0.33541012 0.05239912 0.77913255 0.12517198
80.08693989 24.09216931 16.65399074 0.32200163 0.05748768 0.85096002 0.20149169
72.70376500 30.04425152 15.56142495 0.25496538 0.05628510 1.78731136 0.05864141
96.64447146 21.66394848 19.47107598 0.29439084 0.05969814 1.35462359 0.22579888
91.88993670 22.89412000 19.43346429 0.30470577 0.05395185 0.97851521 0.32621813
37.23990827 4.42377753 2.43948968 0.04366877 0.11464966 0.43099771 0.43099771
77.03515379 31.71816112 14.86818590 0.25815421 0.05105468 1.82879784 0.15578924
80.82849291 22.13838074 17.60425254 0.32370517 0.05373407 1.01473836 0.37385425
86.97900065 25.93546854 18.59408363 0.31823195 0.05817478 0.98751204 0.17337514
50.82550840 7.75224956 3.96786969 0.07729313 0.16559566 0.77063771 0.77063771
89.38827881 24.14854936 18.32971321 0.30594324 0.06620772 0.90136670 0.17946692
101.14225659 21.80260721 19.34833375 0.30962753 0.06722190 1.33499937 0.30774447
82.17448292 25.62072247 18.48366677 0.32101747 0.05221968 1.07696747 0.03845885
32.07595618 3.15860926 1.85854507 0.03088799 0.09528484 0.30189890 0.30189890
75.33903134 30.93561414 15.22609960 0.25453012 0.05225604 1.80919853 0.23881085
