31.28009465 7.95004226 1.44368288 0.02643490 0.16458736 0.67795906 0.53229773
21.82782172 3.79337525 1.11504611 0.08307312 0.09785028 0.33308501 0.05355441
30.83804685 4.14013952 3.79848625 0.07758948 0.11596711 0.82104020 0.81167551
41.82635878 9.17535927 3.27388823 0.05020091 0.08028631 0.33554619 0.57340512
25.97380155 6.51465146 4.02601320 0.03128473 0.15353050 0.94735457 0.09024474
22.96798866 9.51575357 4.01619132 0.01427311 0.11939236 0.71114195 0.84901709
22.29866693 4.42755401 4.92259291 0.01232930 0.07274640 0.98910139 0.31645091
51.30359252 2.53691106 3.87914421 0.06063717 0.14830266 0.79966808 0.51753376
48.32816378 2.41795184 0.63494951 0.05157601 0.16525608 0.48463344 0.85446101
44.38091784 4.28969467 4.23207450 0.04243161 0.11351824 0.25763128 0.82032541
54.28117070 9.12694871 2.23234377 0.01375314 0.12731850 0.70661565 0.39718911
31.37829227 1.73694642 3.46693558 0.07025716 0.13232053 0.33931278 0.40199878
21.06119078 9.75272210 1.24633675 0.02698769 0.14857011 0.75214377 0.26964308
55.12663775 7.62808671 3.31028301 0.05854595 0.19404985 0.69617021 0.47194328
34.13844271 9.45855030 1.05935480 0.07780289 0.07545299 0.27765429 0.81540476
20.03798679 5.15164440 3.51363401 0.06671913 0.09470752 0.15236810 0.85213181
44.83093659 4.50335854 1.45658686 0.02596655 0.09709642 0.97087419 0.38958575
25.42198601 5.91974106 4.64572865 0.03697352 0.14303943 0.94457590 0.11605084
56.24760380 2.08731876 4.06440976 0.00450484 0.07842561 0.35451327 0.02179832
26.27863527 1.13987569 1.76267919 0.09215306 0.18537711 0.48508504 0.75591273
39.94023019 1.94284369 0.64671129 0.01309109 0.10136623 0.07202716 0.44686324
55.99524201 2.54510332 3.98277799 0.00828163 0.08069517 0.28522663 0.08403559
31.83713884 1.62439467 3.48673005 0.07931679 0.11759005 0.32692051 0.34441437
35.36050794 6.67493755 1.80524979 0.04860025 0.13694995 0.55736425 0.43903388
47.26301825 1.05035651 2.13394323 0.08685479 0.17158357 0.11099461 0.71116654
46.47611390 1.76961208 3.03085509 0.05966039 0.05939662 0.78335100 0.96539470
37.15988486 8.01892066 4.51795135 0.05947847 0.15400466 0.63108908 0.09156399
44.81291334 1.86136959 3.54551706 0.03915096 0.13034715 0.69108415 0.01224333
56.86231199 1.70954133 4.25451318 0.01110881 0.06791783 0.29056731 0.12309413
38.20626521 4.75880207 3.83125342 0.01640595 0.13917740 0.73446953 0.92002226
27.28491896 9.51290211 0.76556825 0.04557705 0.05872696 0.84384234 0.28167749
54.35622057 1.34376497 3.30033872 0.09550043 0.05479271 0.18839408 0.20850957
46.44168016 5.52391140 1.94723019 0.00537336 0.15555967 0.60665990 0.04791549
29.47858155 1.41837518 3.31032500 0.06807645 0.11069732 0.31326813 0.40106939
31.68434343 8.01322618 0.90820461 0.05675534 0.07973549 0.96943397 0.61648369
47.14430488 9.33472196 3.26085964 0.04604594 0.08440187 0.34243284 0.48292248
51.40190732 8.53986219 2.48222373 0.03710346 0.05056619 0.30523898 0.72326208
53.58357400 7.30240648 3.32547129 0.04894163 0.16454590 0.34196325 0.92064027
41.56341158 4.85275649 4.65804426 0.07839668 0.18836173 0.26700333 0.64789754
35.45852815 4.65737800 0.72341310 0.08050083 0.14433211 0.18729227 0.24446483
23.43328498 6.21996753 2.77965978 0.01626704 0.09568460 0.80182358 0.91060481
35.31930126 1.73195738 3.85315850 0.02713381 0.18411453 0.27370547 0.27224989
53.63235805 2.88463506 2.14394444 0.08310733 0.12783848 0.52000235 0.01401261
54.04519655 7.29960238 3.91158347 0.06624235 0.09001590 0.96237359 0.73385795
38.06701033 1.01934600 3.98544869 0.02964902 0.16987040 0.32149165 0.10796645
33.06017504 3.11423355 2.02389931 0.00683766 0.09249771 0.36951235 0.96825532
44.07645389 4.13622519 4.13118453 0.06419563 0.18152094 0.09999703 0.71145240
45.25298484 8.29477713 2.99829230 0.03571813 0.11574977 0.61258343 0.96752809
21.20594438 3.62103592 1.04658615 0.01076649 0.13992484 0.66249904 0.34157705
55.07527848 1.37283950 2.19804041 0.03595369 0.10376203 0.50972614 0.28417727
57.14373594 1.91111990 4.27357483 0.03905644 0.13947239 0.26161877 0.42422007
36.40932262 8.81868385 2.33514590 0.01004333 0.15722522 0.55889156 0.42197948
40.86505857 9.28972410 3.55690788 0.00369694 0.12786721 0.43876727 0.60225457
54.67719252 7.94302081 3.55103029 0.05878814 0.18503858 0.79180679 0.54560594
54.93789302 8.89144519 3.86917286 0.05595238 0.19350778 0.55894678 0.76070714
23.07895246 4.82625031 4.00292188 0.02389307 0.12433708 0.93453124 0.94489329
20.46897635 7.42971479 0.92504387 0.03106345 0.14809028 0.55262492 0.49891412
20.24505684 7.21202704 0.54125556 0.03476149 0.15279418 0.53363405 0.52478189
24.50834841 2.61242091 1.40033259 0.02814397 0.19301179 0.07846746 0.30488809
49.47539371 0.92455756 1.58575925 0.02641112 0.08478529 0.26192666 0.09825918
38.73419766 6.55273348 3.68218526 0.09993605 0.18396961 0.68410579 0.16625844
55.82821709 6.05745985 3.86201321 0.07067162 0.07950583 0.91927668 0.75546947
52.37378488 9.19791266 3.94774623 0.04849929 0.18144258 0.53299370 0.79803417
40.75223868 9.46216248 3.31205311 0.07620510 0.15609221 0.63892201 0.98986433
22.02976054 7.36272309 3.58778387 0.04367331 0.11114600 0.22580996 0.05938298
53.04453995 8.55813103 3.74929724 0.04972082 0.18102628 0.50300437 0.80526867
52.72987865 8.25414195 3.83364384 0.06200656 0.17757522 0.59383986 0.79482760
37.41312272 6.24293182 1.66019815 0.03748574 0.07148670 0.38902670 0.58823196
50.65576538 5.61343794 4.95690337 0.01700334 0.18104618 0.47454661 0.29357705
37.79680635 8.73287219 4.52861281 0.09070183 0.17776241 0.93654726 0.97396898
41.68045514 4.41521421 3.91770827 0.00330030 0.07752532 0.17208549 0.90172004
28.66969292 7.86851637 1.68835841 0.02118695 0.05479118 0.22868082 0.72403553
38.00067750 9.90270206 1.06766745 0.05942565 0.13622515 0.67956515 0.91997683
52.78850550 6.67392964 4.23532688 0.06745845 0.06419766 0.93377442 0.67630195
37.70630963 6.71686944 1.66159608 0.07782972 0.11108151 0.96476176 0.04388871
29.11978492 4.07140904 3.73627878 0.03229989 0.13110927 0.49660850 0.72164643
25.52118732 6.30779874 3.76966691 0.04581489 0.06716723 0.29677578 0.57199675
34.24600523 4.42801747 3.38832402 0.01764644 0.13346377 0.26720244 0.04658728
38.32830685 7.33034045 1.32828399 0.07390442 0.14976700 0.15249017 0.81100092
22.16454562 9.33745150 0.54349204 0.09283989 0.06157948 0.02725327 0.97609936
26.05189023 7.66095758 4.05292977 0.05157171 0.19687368 0.24973936 0.73976306
31.22560121 2.01787885 3.73740885 0.04680658 0.17307223 0.50818362 0.70941759
45.87484484 7.48496845 1.18722427 0.05038871 0.07673626 0.97404780 0.73676198
22.37898346 5.49608027 3.90138851 0.04803519 0.06820710 0.31211461 0.63112447
24.80983910 0.21282836 2.87096928 0.03249897 0.17073846 0.75493810 0.35246201
39.67903717 6.95177362 1.76281734 0.09060586 0.07706662 0.39773475 0.68696104
26.49983110 8.71526724 0.84378579 0.06593080 0.06371610 0.94635627 0.62162225
26.48798311 9.59434924 2.43684286 0.07686240 0.05464990 0.17790357 0.11815750
58.01721088 6.59681822 4.26756323 0.07432870 0.09246844 0.87555910 0.68397511
54.61462934 6.21550823 2.72611498 0.01914035 0.19171438 0.55560829 0.00209733
46.79094490 7.58065583 1.26468303 0.04963859 0.06074451 0.96612078 0.81293744
54.40902850 0.82956786 2.72771448 0.09901445 0.13791315 0.05210721 0.67409779
32.36743318 2.16040768 3.02254292 0.09577663 0.08066164 0.89068209 0.64048836
33.62845913 7.08468343 1.31166422 0.05842702 0.09021496 0.42279594 0.96374952
20.83563987 2.41414969 2.59173569 0.08483095 0.19519484 0.93530453 0.94554253
41.09269711 4.22919023 0.65428311 0.05065908 0.09714972 0.58900236 0.55959174
36.66346381 6.95414221 1.73834582 0.05794609 0.14515309 0.47453371 0.53226614
43.42671169 5.94235919 2.32548877 0.02618616 0.11209893 0.09967186 0.77012516
26.19855233 3.71742364 2.94215709 0.00424316 0.08558178 0.20291509 0.86052837
30.54508319 0.30617795 1.58173508 0.09392800 0.17031104 0.48548682 0.68160096
47.63987564 4.58469829 2.41648531 0.04548817 0.07414833 0.35027048 0.21913023
52.31864374 1.45757036 3.78352469 0.00196496 0.12371617 0.01358153 0.00678565
26.22684958 3.67425946 3.00697073 0.07928207 0.09685520 0.68730697 0.79889521
27.21905988 4.53614575 4.95644248 0.05158112 0.16759256 0.19031880 0.34436662
57.06635559 6.45069118 3.37300663 0.01559454 0.07707190 0.47896746 0.34512021
22.34049655 5.00793395 2.13854308 0.03165459 0.08176273 0.66254573 0.85595603
38.81987907 5.89990838 1.83122303 0.06266231 0.14698191 0.61785653 0.43020680
44.51457836 6.62308921 2.56484387 0.09742190 0.15950165 0.36491847 0.06646956
22.72227550 7.52052682 4.21576790 0.07472429 0.18385514 0.70679012 0.98978918
49.80991750 8.53570054 0.56750994 0.06767306 0.07345155 0.51882889 0.48877374
35.16104476 4.93464794 4.23917109 0.07213861 0.19496414 0.90779544 0.15812054
38.04904658 8.00752515 2.03691375 0.06714227 0.10591052 0.66294694 0.85495974
38.91381664 4.17791599 4.35300740 0.06590577 0.18230009 0.08433279 0.69237906
37.57184043 8.79568782 2.73813234 0.07944527 0.14107512 0.15248453 0.46452150
44.56372830 1.07327834 3.34085709 0.07723179 0.16716205 0.91980502 0.76155940
37.47470847 7.87881118 2.39814556 0.00809317 0.15070880 0.47502086 0.43589440
49.58627329 1.47123009 0.71518317 0.00561786 0.18143038 0.78198021 0.07422183
26.84607631 8.84464700 2.06055321 0.06462139 0.09757101 0.14223554 0.69908603
43.37643797 7.33050065 0.95247954 0.03851347 0.14118793 0.63348432 0.47409920
36.47001780 4.02700163 4.25985824 0.07289396 0.19135029 0.15223089 0.67215380
52.89205683 1.18002809 1.21397658 0.00817622 0.19429825 0.71919022 0.00934096
58.82292680 1.74831318 4.15021139 0.00962587 0.07457494 0.38889553 0.07760561
47.77486506 8.32881905 2.12384777 0.03565284 0.05799001 0.41198261 0.64936529
29.59233070 1.18545443 1.32120742 0.09615590 0.17848348 0.49446392 0.70877207
31.94957235 7.99114051 1.10418298 0.00537507 0.14246824 0.99009511 0.57839291
26.24095390 8.74816643 3.17199580 0.06104273 0.07551207 0.90814847 0.03516774
25.12537688 9.40796696 0.79156314 0.04119511 0.06090707 0.99559958 0.25784039
51.98852459 7.77083971 3.53262447 0.09844482 0.17088667 0.77783819 0.00848033
