51.08154902 9.87872426 4.47879121 0.05263902 0.06989631 0.60787862 0.36094815
53.32292823 9.92536953 4.75479460 0.07184677 0.05810756 0.77922080 0.01852508
58.03671478 6.97665242 4.98468149 0.09988353 0.10148256 0.14243407 0.99563655
53.24132151 9.58528462 4.82665053 0.06594974 0.06339718 0.67051267 0.14403416
20.92576772 8.08071304 2.43564761 0.07574861 0.13733661 0.03084382 0.91301631
54.72022217 8.99971116 4.21641410 0.06813407 0.06196663 0.51509038 0.28314731
20.02187014 8.70229420 0.79718849 0.03483125 0.06281035 0.06693813 0.04318844
47.71634474 9.03131385 3.74556001 0.07957590 0.06212882 0.62894244 0.04573525
27.77575611 4.21810344 3.78019855 0.07454427 0.12039805 0.82573681 0.58006632
22.42786072 6.11719055 4.93887697 0.03426528 0.14674413 0.36652614 0.77328530
45.88562697 2.76159225 4.23667697 0.06759659 0.05256348 0.12283748 0.54291324
51.92755436 0.80283401 4.85062671 0.09103334 0.18089405 0.47360255 0.19502339
56.31168335 4.31664151 2.54381081 0.09966434 0.08732802 0.87624737 0.96069861
52.66964280 8.80942531 4.90674784 0.09874013 0.07531928 0.42294012 0.64368141
35.05495492 4.20057790 1.11122410 0.04907656 0.09893033 0.04390918 0.83821061
51.20491499 9.53907648 4.87842339 0.05609178 0.06363925 0.64888281 0.23020504
56.92950258 8.57334393 4.42712997 0.06316994 0.05055246 0.57422826 0.42385486
36.10737375 9.20330802 0.57435151 0.09909783 0.15537127 0.39519732 0.82373010
47.77551969 9.15636049 3.65977211 0.08068228 0.05243976 0.64589829 0.05151124
29.69601333 4.67826075 2.18632475 0.07490789 0.09675692 0.51281421 0.07384263
42.21473296 6.41623347 3.66246197 0.08564643 0.06611189 0.09008488 0.85611804
51.63800569 9.21614525 3.44410023 0.07702091 0.07923633 0.43930880 0.15546851
53.11759281 9.18682354 4.95164650 0.08023451 0.07368916 0.83352150 0.18394008
55.66371330 8.70065735 4.17170978 0.07288710 0.05412303 0.17937430 0.78551456
46.22373289 3.89592690 2.63769796 0.01871212 0.13634940 0.41214645 0.37088316
51.56042149 9.24257250 1.26283004 0.03957360 0.05469866 0.31719558 0.14486868
59.09376791 9.00318434 4.77743922 0.07523224 0.06231746 0.70586202 0.26182724
54.08018735 8.79521657 4.87049118 0.07355181 0.05822370 0.73885421 0.35691364
27.45126983 5.92649417 3.16122905 0.00116049 0.10248524 0.19166643 0.04696755
53.12693737 5.38345935 2.94248564 0.01262268 0.08531642 0.03194533 0.03673457
27.28270149 3.80072375 1.40630448 0.00537356 0.10271775 0.39548549 0.03052794
30.92887942 5.47288140 1.22076834 0.02395048 0.05656730 0.26112923 0.77446760
34.31178240 4.99011402 4.62300604 0.05440497 0.14737775 0.23160533 0.35512902
38.46323206 7.15502792 4.59918738 0.08764745 0.14519068 0.98153019 0.79291602
45.39430572 7.29406776 0.70764220 0.09895455 0.05209110 0.61348125 0.64697689
56.10445690 1.06722773 2.15833884 0.05934905 0.16583182 0.73844159 0.50241968
57.76307265 9.24976728 3.21856741 0.03328371 0.19397469 0.63555920 0.02570797
40.42525780 1.68633553 2.66594229 0.03252488 0.17641156 0.61545139 0.32888258
59.49771170 5.74531598 4.14529641 0.05538172 0.09950994 0.04908908 0.96546502
59.49010143 9.45557102 3.69059684 0.09481018 0.06451645 0.78427995 0.85049839
57.38995262 9.06624979 3.96522624 0.06630069 0.05530848 0.61101242 0.29757826
51.04054928 3.69849517 0.57609654 0.08032910 0.06208319 0.32661848 0.60935480
58.01324973 4.89525727 1.55487162 0.04478840 0.19505428 0.58067495 0.32161944
52.76874428 9.49033476 4.43691140 0.08258562 0.05674502 0.72776214 0.19245534
27.98233919 2.85300592 2.94348889 0.03943981 0.15799922 0.73605178 0.64991775
55.10469414 8.96257233 3.97395307 0.08005635 0.05845251 0.20218038 0.84646694
46.94431445 4.47633151 2.24829098 0.05217133 0.11557459 0.82807752 0.74109197
43.80933311 9.53841073 3.81247326 0.07941074 0.06420217 0.34227983 0.28033125
41.65268810 7.28807938 3.00384828 0.05751845 0.19700125 0.27474061 0.18060425
27.54199679 9.73467322 1.04880928 0.03686089 0.12842650 0.10509454 0.66386694
30.11277394 1.39802378 1.74426915 0.04306461 0.18117818 0.26510813 0.43582141
50.46557859 9.46809002 4.31091348 0.08736451 0.06417490 0.61291977 0.31798556
57.64187131 8.35746810 4.43658024 0.07244120 0.05168527 0.51243353 0.31784305
34.71917618 8.27784267 1.56344838 0.04311758 0.09024522 0.02602437 0.99163725
56.47980076 9.21428077 3.58329007 0.06892849 0.06847137 0.83228067 0.05718335
29.98319223 7.60945660 4.75189326 0.09973324 0.19476161 0.04126784 0.76398392
37.75785893 2.89854951 2.53480723 0.03049707 0.09559006 0.16554504 0.61342032
24.06299011 3.27365069 2.55106548 0.06715233 0.13714419 0.72091957 0.75165674
55.02293801 9.51414806 4.43238283 0.05771537 0.07475934 0.57056895 0.30023040
57.63270491 5.20143418 4.70092639 0.08273904 0.07831763 0.33263376 0.74590224
53.39487078 9.07461835 4.31341704 0.03971633 0.05374368 0.76935484 0.31830924
54.28211389 9.41565013 4.67481185 0.07686230 0.05742531 0.70186840 0.19822495
49.30299595 4.99198683 1.19985078 0.07306436 0.15654294 0.77735293 0.44661608
53.60023011 9.73345762 4.45834145 0.06357529 0.06656332 0.56159957 0.23956194
52.28970484 5.06328227 1.32164890 0.01145333 0.18690643 0.51331406 0.03938020
21.71747232 1.86893259 1.65600116 0.02933569 0.15624511 0.03067710 0.98946376
33.79323909 7.78001958 1.41444805 0.07777221 0.11819793 0.53439433 0.15292705
46.86176732 9.54717536 4.08828903 0.06578632 0.06403184 0.81427260 0.11071316
41.07566436 9.42668449 0.89403849 0.07083564 0.05496866 0.34046972 0.49586578
53.42823841 8.00805824 4.46956885 0.06624645 0.06483104 0.96598008 0.14665673
46.19080152 2.77252965 2.48527724 0.02205635 0.14952375 0.26765615 0.15664240
39.54739515 9.20133238 1.29848865 0.07703581 0.05232589 0.62058159 0.58777496
33.39095200 1.13097406 2.62865116 0.04722815 0.11551057 0.18758678 0.19080338
48.83279132 1.84511183 2.70744797 0.05956487 0.07584803 0.54245477 0.19806050
46.39300884 1.25061046 4.05194585 0.04205742 0.16216761 0.44051179 0.89990159
43.69500762 9.22782133 3.93272674 0.06657578 0.05821860 0.77982778 0.19535276
55.00477189 9.57850648 4.19141688 0.07892528 0.05264154 0.71214844 0.14895792
57.68676948 7.88183775 4.22557643 0.06945122 0.05007821 0.39503485 0.27509186
57.01205031 8.74018601 4.57720462 0.07522606 0.07360819 0.53987705 0.17547711
58.76003956 9.24916237 4.43306642 0.08177169 0.06881737 0.66483581 0.17055176
56.60132245 1.87327531 4.73065553 0.08353646 0.11893345 0.85199824 0.74336404
56.77753825 9.34200660 3.69552941 0.08387261 0.05509526 0.36779476 0.26503440
46.18375125 9.93796753 3.59740345 0.07459174 0.05667489 0.59696526 0.35352496
38.08940219 5.98780366 4.46704816 0.08682674 0.16055307 0.88882888 0.22303678
38.62332154 3.96727289 2.05233211 0.04463705 0.14358860 0.49524127 0.69188902
52.61258697 9.85143349 4.74534731 0.07105099 0.08657947 0.73712575 0.16648640
57.21423998 8.62953512 4.20170949 0.07200557 0.07276418 0.41553161 0.27397340
42.66612449 7.71761889 1.08530620 0.09964791 0.09549123 0.85720610 0.83683945
56.72848360 9.59421728 4.28443527 0.07565940 0.05443146 0.66888747 0.24999007
45.92407543 2.20120772 0.68337163 0.05402812 0.16976185 0.85552176 0.28409830
54.42916018 9.91576497 3.74667203 0.07799988 0.06806008 0.27190388 0.73218321
43.40297630 8.22801208 2.80794911 0.02798982 0.13658505 0.02095898 0.37417302
56.03904134 9.46202694 4.41753483 0.04620118 0.05024730 0.79107720 0.28546084
52.56491447 9.38821361 4.17310133 0.07575365 0.05722067 0.46702738 0.39524141
57.94928629 9.09090539 2.05994413 0.03901962 0.11365722 0.06800035 0.69961518
58.73342899 7.19452271 4.70054452 0.05903619 0.06050859 0.61027228 0.32780615
27.61121693 8.72100876 4.92343569 0.06688823 0.07566830 0.68724019 0.40817146
46.48082355 3.81297222 3.91948174 0.05737334 0.10685715 0.75373820 0.12588395
58.03956840 8.97157097 4.18713938 0.06798803 0.05261489 0.95675931 0.14615513
54.84205776 8.36011507 4.92457443 0.08038769 0.06481922 0.69593147 0.23270883
51.15740496 4.17072259 3.54716633 0.00364438 0.06959645 0.39666071 0.97127196
59.82431972 6.34784692 1.80554897 0.05516018 0.15781647 0.04918586 0.16245341
49.44905416 6.30374690 1.91556040 0.07158874 0.08149246 0.35323094 0.85762907
48.98026637 9.27491062 4.10315463 0.06274285 0.08251398 0.87439288 0.11754887
53.45302892 9.50958385 4.91962800 0.05481953 0.06041256 0.51931601 0.31502022
21.01676786 3.69635729 3.68978170 0.06390607 0.15521009 0.45895941 0.52193139
55.49053600 9.21415419 4.20635770 0.05016731 0.07522793 0.55859115 0.20051097
58.47454775 8.89391400 4.15499594 0.06427651 0.07069175 0.43224835 0.34893043
58.69718253 9.41017982 4.30209416 0.05882258 0.05007342 0.70282638 0.20771233
55.11724544 2.66952390 4.10955881 0.00747407 0.05093442 0.69997929 0.26031369
41.69407788 8.73766255 4.10314582 0.02863404 0.17253097 0.40127291 0.85914096
59.94730572 8.41054322 4.17951809 0.06318040 0.05031216 0.73103290 0.25132552
54.18226824 9.12631044 4.05729247 0.06824566 0.05671272 0.26494597 0.29098197
53.07763167 9.52228705 4.79666594 0.05221769 0.07066275 0.56402067 0.27628585
55.54079273 7.71533444 4.09102942 0.08924316 0.06175159 0.56603001 0.35334824
49.45251848 9.58004808 4.07942921 0.05796777 0.07623307 0.86944871 0.14266356
54.29425477 9.64611267 3.58443019 0.07389181 0.05403646 0.38124930 0.43881756
24.54350731 7.87852861 3.75899767 0.03090994 0.12375140 0.73529457 0.65261557
20.64772648 2.65904390 2.27345899 0.06148800 0.15592781 0.74392316 0.91559568
51.27098640 9.23331187 4.53322042 0.08220535 0.07797101 0.78294196 0.31601373
56.99849149 8.18123705 4.23049861 0.07183461 0.06577852 0.16003602 0.36692911
55.98473947 9.91248765 3.72999304 0.07399054 0.07517695 0.81391676 0.09732888
59.57940280 9.25278009 4.76292457 0.07491344 0.05251474 0.57705939 0.13758171
53.97814115 4.55199913 0.52234811 0.05427970 0.11858502 0.38790069 0.95542724
52.16975992 8.68741687 4.58864791 0.09221901 0.07384007 0.44931354 0.66677683
21.10892002 7.61635995 2.41239239 0.04456267 0.17401091 0.43516297 0.79369363
57.62554908 9.59108771 4.22378505 0.06305167 0.06222762 0.84473565 0.28329481
45.26769040 1.25787123 1.86756546 0.05700179 0.07914706 0.23249019 0.23685648
