46.85283383 9.35437706 2.09310148 0.03037223 0.06979804 0.20645070 0.62672245
50.19053653 8.53550436 2.56445595 0.02946379 0.07452492 0.27405644 0.63573707
45.64280995 8.77316748 2.02597127 0.04412920 0.07627123 0.17453529 0.67395777
51.86533632 8.60344869 2.41479405 0.03042936 0.05801218 0.18566751 0.76974500
47.58633942 9.74383217 3.09309379 0.05772378 0.08184123 0.43846635 0.69940140
44.84928083 9.45844434 2.70623165 0.03076849 0.05318512 0.16158168 0.94366154
54.77114361 9.03266612 2.33469461 0.04646295 0.06326288 0.28403244 0.74214242
50.90046966 9.29753277 2.47397657 0.03003917 0.07121595 0.27203486 0.66505866
42.64601902 3.32202171 0.98807873 0.04468462 0.09363217 0.65677282 0.50380394
57.88051493 9.67474030 3.91015549 0.09939318 0.11554723 0.54271677 0.08884116
48.96465081 7.90182981 3.24511678 0.04504754 0.06271108 0.41005534 0.48239176
46.51119432 8.07701076 2.53272980 0.04482104 0.08108251 0.27778627 0.73421125
42.79256850 7.98195842 2.41458160 0.02921344 0.06780654 0.26464118 0.61404849
48.32612163 8.54102567 2.31392573 0.02936836 0.06328802 0.25518816 0.68370992
45.40721334 8.55867437 2.15461822 0.01916022 0.07011158 0.30031864 0.66591199
57.75377393 0.34696855 3.76110438 0.03006681 0.11675351 0.60647352 0.74544096
40.51350212 8.37874822 2.86422232 0.07028876 0.08325282 0.20837175 0.61893641
45.67622133 9.27832972 4.02459556 0.04154483 0.09663697 0.27966185 0.50454396
44.48210657 8.66084514 2.97183611 0.06089646 0.08182121 0.49226271 0.76526522
46.80117151 8.95325902 2.64755436 0.04631870 0.06138125 0.30517449 0.90413841
57.02113875 7.29098189 3.06935204 0.01426080 0.07000856 0.39434807 0.51981024
49.59943016 9.36278853 3.12468101 0.05242101 0.07510788 0.30572916 0.59263524
48.98681484 8.46489427 2.43759576 0.03353649 0.06882403 0.40982408 0.49051714
51.02481333 9.79244885 4.35644097 0.03951229 0.07902661 0.21638302 0.59016945
52.55180891 8.25616636 2.54611771 0.03344660 0.06753444 0.39822069 0.81048891
28.32830411 1.68833975 4.65049891 0.03968250 0.18618859 0.59092897 0.17929941
53.17988935 6.69295777 2.89154652 0.04801083 0.06488171 0.07910081 0.92122258
55.37350376 5.02173463 3.43439530 0.03959400 0.17890361 0.95208101 0.92669076
45.57624122 9.23648691 3.35676757 0.04595156 0.08232797 0.52708075 0.73816322
47.82593983 9.14540303 2.98405686 0.06342971 0.07445936 0.31957288 0.24071980
49.65288766 8.62392350 2.63256374 0.02155415 0.06418429 0.14005083 0.58439771
46.52934226 6.44988973 2.26168083 0.03889746 0.06145770 0.51393956 0.33368831
47.31213067 8.51536445 2.42993401 0.02912624 0.06419998 0.57520488 0.48113842
59.03206362 8.41293765 2.17606777 0.05992844 0.06185743 0.15767220 0.95082399
50.30523815 9.99629087 3.75072247 0.06215945 0.06822863 0.47286972 0.67790268
47.96707553 7.49620094 3.09452007 0.04055615 0.07569865 0.35745214 0.56288409
58.33213988 8.49375489 2.47002115 0.02003860 0.06350349 0.45365869 0.62632957
59.29066679 0.46964110 2.76824026 0.05788659 0.09115779 0.60481833 0.17005719
44.86377430 8.76562405 2.31178677 0.02890320 0.06561362 0.34181186 0.54370112
51.06536365 8.15780572 2.85086644 0.03103319 0.07181267 0.56821790 0.55345293
43.64733584 9.13885898 1.85786193 0.03122298 0.06597440 0.26008130 0.95071203
56.33906351 9.00324445 2.37818851 0.03134892 0.07962195 0.16642523 0.81578866
47.99432326 7.61639012 2.87351405 0.02481691 0.07488407 0.41807317 0.61844924
49.60438109 8.22036814 1.94090752 0.03247858 0.05941459 0.42748247 0.57708076
46.74322133 8.54628776 2.86858535 0.02918706 0.08331441 0.19020142 0.65278544
43.23085474 7.88146392 2.99397982 0.02552877 0.05945887 0.32974505 0.62702316
49.37749882 9.69201335 2.41559500 0.04990577 0.05931776 0.26655569 0.81931524
48.17182222 8.51778435 2.50602872 0.03176039 0.07591293 0.27924504 0.52709008
43.35272048 9.18213898 2.50919070 0.03489447 0.06107163 0.31049124 0.80415756
56.72447816 6.03516081 4.50231432 0.08378507 0.11351380 0.78841052 0.50711647
49.38114102 9.15091865 3.48942574 0.03314357 0.05259957 0.47290510 0.38358923
56.51612872 5.43376365 3.15030444 0.01957141 0.15735616 0.62052061 0.14176875
46.25644026 9.46722952 3.37500016 0.05968511 0.05969848 0.29343422 0.42081367
51.00159584 8.44791346 2.10666982 0.01787440 0.05859432 0.10829396 0.56181606
49.38107172 9.06152171 2.28479377 0.04134555 0.06687655 0.25968203 0.93396648
41.97551645 9.57894053 3.47433966 0.02087281 0.06631161 0.18989757 0.59299131
49.76548909 8.73464256 2.45753628 0.04327537 0.06206199 0.46402859 0.57472539
42.23093839 9.88056297 2.95310078 0.05378384 0.05881291 0.31662903 0.51786389
42.56261112 8.48213590 2.83348731 0.03983291 0.07883297 0.21374715 0.50863035
33.50014484 4.42499624 1.04933235 0.02389099 0.19765527 0.65602888 0.52155913
30.70696168 6.57875572 2.45518492 0.08287650 0.11766894 0.28766540 0.76740280
47.95957077 8.43735894 2.11239950 0.03839083 0.06153719 0.51237001 0.63223644
55.57986517 6.84790781 2.68372884 0.05115298 0.06305304 0.09890761 0.94963750
55.27897951 8.02323533 2.55651874 0.04668620 0.06675949 0.04985368 0.80988709
56.76919578 6.51492250 2.75435533 0.02781230 0.06128980 0.25566611 0.71862134
57.04907550 4.56873590 3.13529302 0.02106842 0.12688107 0.78963486 0.11918485
50.14488164 8.99821030 2.97231986 0.01881440 0.07496058 0.19471256 0.56728301
45.90422953 8.98666872 1.81309829 0.03335624 0.07295294 0.45724384 0.54721632
27.38437791 2.40765689 4.11531734 0.08345136 0.16058942 0.49325993 0.73729544
53.78246686 8.21943419 2.89278767 0.03328375 0.05229786 0.07984120 0.85883719
52.06461576 6.79755927 2.77279325 0.03252793 0.06122035 0.35541691 0.66857856
46.74078278 8.56215777 2.77691763 0.04462911 0.07551262 0.37402195 0.54209266
55.22152995 6.95133124 4.05392245 0.08331736 0.09669776 0.89580526 0.53873642
47.40650319 7.73954178 2.48927164 0.04997147 0.05943372 0.30838745 0.83740014
59.26060548 4.15692258 1.70329437 0.01999608 0.15279470 0.18017263 0.13958338
39.62545260 8.96963422 2.42813659 0.01204919 0.07667174 0.38546569 0.42029745
33.91391965 1.86934090 1.76296771 0.00354628 0.07359272 0.85244338 0.40633956
51.79464463 8.76048715 2.74793478 0.02882032 0.06315745 0.15298131 0.55919508
52.50947738 8.49824609 2.75755296 0.02224633 0.05678265 0.27787834 0.73834478
54.56538913 8.71514448 2.51250345 0.05214390 0.05934884 0.25768927 0.77688589
54.79882937 8.74128482 2.37181871 0.03483169 0.07791153 0.21060426 0.81464705
54.26134731 8.53525459 2.09312229 0.03858309 0.07671625 0.23411564 0.73978423
47.07116677 8.89843603 3.44786606 0.01446097 0.14991237 0.70047219 0.40466377
49.05075313 7.71260193 2.78667561 0.04370930 0.08644079 0.34249727 0.51863191
55.05973773 2.58013252 3.56329247 0.00628530 0.13741883 0.91829746 0.54444493
56.53031142 9.64062291 2.26663183 0.03303846 0.07462927 0.11338621 0.79225373
20.41206391 3.84753214 3.36507039 0.05510376 0.06245806 0.16330845 0.44255128
47.49618275 7.65543004 3.29632118 0.03638054 0.08136005 0.46592996 0.65323771
50.15108677 8.25983170 2.49749654 0.01783457 0.05265995 0.17090736 0.48323096
31.04382835 8.13085566 4.60751859 0.06455226 0.14681438 0.67254612 0.74721958
48.43014319 9.10091328 2.43330979 0.03683807 0.06252051 0.14225762 0.59560792
52.12693920 8.11648896 2.83149306 0.04627224 0.06423558 0.21965241 0.80338769
54.47876386 8.37407857 2.47196149 0.01726527 0.05813394 0.18583840 0.53691479
55.56771741 6.81795029 3.98341451 0.08183047 0.09408908 0.81804436 0.64029510
48.98335248 8.80699647 2.61786827 0.02182839 0.07681706 0.10526819 0.63098969
47.40412359 7.69782771 2.33088499 0.03900746 0.06687440 0.45905067 0.55287463
41.18425509 9.91704847 3.38725430 0.02215124 0.06400238 0.27908137 0.55531771
50.55329303 9.53916716 2.80210160 0.03400070 0.06812549 0.46883020 0.35412747
54.41229251 8.62024644 2.88742335 0.04120277 0.05618200 0.29230216 0.77159757
43.23508352 7.53035627 2.18904252 0.04409699 0.06585118 0.18348504 0.70645635
45.52276998 8.22985793 2.46902946 0.03744646 0.07135591 0.32920128 0.69967295
50.84779577 7.60794886 0.54461786 0.07582042 0.07843726 0.29212554 0.91322919
37.71896126 9.24790477 2.39822595 0.04129974 0.08121484 0.10425660 0.72414507
48.97298006 8.06656565 3.63112209 0.03754409 0.07795824 0.12815115 0.46194143
44.23444853 9.08622506 2.38780330 0.03597004 0.06587320 0.24262130 0.73036146
53.04072040 9.08223649 2.76408878 0.03754580 0.06259954 0.36263551 0.39438867
45.09248257 8.21901381 2.44241358 0.02687948 0.05470478 0.27990293 0.74501713
50.66103772 8.34300259 2.64363352 0.01568495 0.05172081 0.39317598 0.72995389
27.34106841 4.53408986 2.70974687 0.02973831 0.15413707 0.10333913 0.40426550
32.77352550 6.42273462 3.94523732 0.09895422 0.08370397 0.46186052 0.44496955
44.65933224 8.33971159 3.05916380 0.05831384 0.06096155 0.33119706 0.32314184
48.27994072 8.47123064 2.55575149 0.04876161 0.06389354 0.33415314 0.58539920
36.60612293 6.41999076 1.06797810 0.00915428 0.17296005 0.05386197 0.53036040
48.54460994 8.34565795 2.61786947 0.04615428 0.06864004 0.54789670 0.47036449
56.67999750 8.24350600 2.32532340 0.03365087 0.06339204 0.24737596 0.82515864
47.87422459 6.95757584 2.80630759 0.04482590 0.05981131 0.31747403 0.59490879
44.93282756 8.67250028 2.63008238 0.07033276 0.09012913 0.11501582 0.61244811
54.88113685 4.06793618 1.35032982 0.05137918 0.15388465 0.62034109 0.82255853
22.03443977 7.70824831 3.12832660 0.00153499 0.07176863 0.35133308 0.37368052
45.97688685 9.21253386 2.27648334 0.02173324 0.05872537 0.22925607 0.56214253
48.25440218 8.63425282 2.30078832 0.04164663 0.05838990 0.56924375 0.58820637
47.73805702 9.06503812 4.06422586 0.03816248 0.09041577 0.21086572 0.55405813
50.97918994 8.83820599 2.25993169 0.02575218 0.06368945 0.22857339 0.62739588
53.81807971 8.52697503 1.97263997 0.03235202 0.06052609 0.19703063 0.85732851
55.06411637 7.70172510 2.66977338 0.03598742 0.06249824 0.02687415 0.80450616
48.84477613 8.38860207 2.71175571 0.03947455 0.07444631 0.21768650 0.95056082
54.45442753 8.61227086 1.96595530 0.04220740 0.05645932 0.19251662 0.82817380
57.68175063 8.33512422 2.02329569 0.01585293 0.05044785 0.48426297 0.61459451
