55.23471092 8.02866869 4.23361965 0.08949388 0.06719034 0.82661153 0.31972281
57.72434180 8.70865122 4.69995442 0.07508062 0.06740804 0.35320284 0.28635926
33.58003654 7.79346804 0.92695869 0.02374759 0.05902612 0.33411668 0.93958325
51.45284118 8.69298958 3.96439027 0.07303127 0.05640276 0.66532072 0.10108161
55.94536917 9.88058976 2.93030547 0.01298370 0.14794429 0.62022072 0.81935324
59.94684425 0.68192295 3.87548690 0.01382216 0.12121254 0.66152411 0.89136838
56.05589239 8.48338914 4.29213530 0.09014948 0.06504826 0.62215210 0.30840862
25.26440122 4.83683869 1.36432181 0.06722528 0.10489253 0.77137904 0.15044523
50.96492596 9.16822394 3.93030093 0.07699444 0.06263725 0.47348129 0.18376285
54.57937339 8.70105694 4.10622371 0.06567786 0.05768835 0.62293725 0.26450298
55.63579095 7.54215421 3.49284214 0.09598053 0.05719402 0.65553028 0.06787820
56.62054340 9.03243771 4.61082285 0.09769495 0.05489776 0.51636875 0.66120454
37.96029377 5.39825916 1.88768313 0.06761478 0.14313187 0.05676793 0.50730329
55.37038373 7.25499000 3.82650288 0.07765417 0.05738532 0.84130042 0.35659147
52.71449929 1.88495382 4.56035872 0.07592978 0.12846321 0.11191541 0.03111505
55.22413505 9.09980692 4.15353950 0.08912652 0.05543713 0.65182923 0.09247568
54.69555471 8.35634505 3.85850136 0.08706665 0.06738164 0.67137965 0.17464984
53.25363295 8.65882547 2.93122862 0.07214199 0.08679497 0.31848380 0.49261257
52.17884534 8.04793015 4.09318821 0.08738298 0.06090823 0.89833644 0.23881291
32.47491719 6.23840807 4.90894104 0.09545038 0.08623360 0.72947731 0.51364693
54.08408847 9.95894010 4.07055568 0.07610568 0.05096522 0.63115779 0.15605781
53.22336035 8.62213268 4.08709335 0.05135849 0.05007168 0.85907311 0.28595602
54.49565778 7.61990486 4.73867844 0.07060592 0.05989902 0.51143939 0.36835459
59.70957590 5.07659949 4.31837681 0.04722727 0.13195774 0.01829814 0.63036206
45.69515881 1.10954171 4.51379273 0.04292258 0.11463638 0.14145925 0.61085759
55.08391169 8.73219191 4.00656041 0.08147383 0.05524742 0.59989004 0.10024650
54.16918884 9.27057003 4.30293658 0.07705933 0.05756406 0.69039579 0.21566112
58.34653294 8.33844896 3.94448377 0.06058843 0.05157401 0.56862837 0.25859590
56.08101940 6.84755788 4.78542781 0.06261317 0.05027065 0.48756873 0.31282166
24.33740028 1.42776163 2.11061719 0.09818757 0.07164231 0.61903184 0.46084681
59.21275877 9.97996548 4.74901184 0.07435144 0.06731413 0.63817545 0.32426070
56.93567432 8.77134588 2.31941119 0.02356853 0.12883125 0.87416575 0.62831937
50.53076846 9.43159291 4.08143966 0.07960299 0.05219982 0.75795452 0.13571692
56.96102512 9.44217784 4.37675069 0.07864787 0.05430727 0.12612364 0.24012560
33.18101357 2.93840345 1.20246213 0.01538227 0.13860171 0.85503209 0.00853687
55.48289040 8.53922439 4.67245144 0.08486994 0.05381786 0.75565604 0.15165930
57.44589118 8.14150559 4.11423901 0.07491264 0.06084061 0.73661285 0.33387209
53.27830965 9.33162488 4.28871035 0.06895210 0.06130552 0.69500145 0.16561006
56.70826563 9.21730172 4.76512815 0.07977621 0.06109943 0.79628239 0.23092956
56.06375389 8.21836891 4.29228881 0.09112576 0.07417877 0.69821402 0.21516359
56.68931749 8.65241539 3.64928191 0.09736158 0.06032916 0.69175419 0.31365199
37.25770559 0.47488142 3.41481709 0.04108120 0.15384199 0.94289016 0.55827272
20.07757288 9.96036760 4.59664738 0.03041671 0.05278879 0.50263622 0.26163409
51.46451671 7.57001485 4.19876020 0.09512510 0.07235597 0.87280132 0.31595587
46.96992772 2.08521358 3.38465242 0.05078538 0.06188931 0.94184491 0.69109747
54.67150471 2.00662564 0.61956226 0.02411679 0.14323921 0.14733925 0.98015670
57.45742877 9.14031335 4.67013705 0.06667212 0.05637696 0.70895692 0.28661393
57.45884432 7.84055335 3.98445504 0.09493522 0.06008322 0.64588550 0.02677907
24.18810830 3.04425714 2.98226596 0.04872084 0.17389768 0.91062899 0.43497431
53.08331965 9.60373865 4.33770355 0.07677018 0.05646551 0.67299761 0.26472606
53.02062008 8.63760071 3.89026101 0.08897775 0.07034108 0.75856163 0.16370237
57.20251930 6.57176725 2.92088796 0.07761448 0.06663844 0.14221772 0.42913527
55.97254162 9.55470360 4.17216881 0.09128631 0.05768703 0.58068642 0.31950135
49.35974563 9.73754805 4.52815766 0.07451429 0.05158288 0.77763151 0.10906532
49.75333201 9.13484380 4.07875733 0.05748478 0.06453210 0.79089796 0.07145553
57.75770150 2.72396943 0.94788120 0.04435528 0.18227787 0.37061002 0.03269731
58.62850389 9.78759624 4.86588742 0.02013622 0.10456883 0.73858335 0.01969282
25.48004140 7.84359595 4.73919553 0.05594584 0.05296428 0.14991594 0.47740226
30.64845546 3.92884809 2.47782944 0.09796126 0.19065386 0.65363378 0.28033124
46.51572755 9.24295970 4.17721246 0.08912595 0.05791598 0.61934247 0.06340823
49.58385370 5.81983999 4.12909731 0.08561315 0.18377177 0.47072592 0.87015977
25.80889060 5.95832582 0.76344146 0.05821181 0.18037538 0.11142769 0.07651387
55.38525817 9.20632842 3.97546294 0.08516246 0.05450752 0.64152190 0.14977999
50.75864205 9.66738943 4.05955501 0.08281265 0.05623014 0.75104791 0.05019545
50.34033003 9.54284421 3.62308109 0.08082728 0.06749033 0.78461356 0.08703241
53.22470678 9.68933156 4.33195377 0.08171638 0.06625736 0.66447864 0.16324084
48.98737481 9.75678380 4.38553014 0.08373385 0.06388789 0.57189946 0.11295320
45.45528337 2.21974078 2.56708313 0.02317931 0.08276901 0.08809211 0.94801130
52.74757950 9.16282227 4.04085430 0.08556704 0.05511107 0.48209285 0.08804575
59.93241203 9.30543220 4.40188960 0.07295521 0.07389521 0.64365505 0.20334432
57.89718505 8.32545212 4.39687458 0.09120518 0.05284138 0.74495245 0.18366657
51.23533394 8.22776590 4.15455458 0.05055347 0.05926437 0.76890007 0.30335346
24.58223275 9.66262789 2.03348313 0.03688503 0.09452258 0.62639246 0.30936972
30.07324423 0.65833350 3.08394755 0.00785823 0.06709165 0.94318322 0.31380228
21.10925193 5.12396142 4.30007447 0.07041574 0.07541715 0.86535628 0.24963610
26.46731055 0.28096466 2.85561666 0.06705851 0.16886781 0.54490061 0.86660293
50.65896027 8.89541078 4.33650695 0.08221622 0.05677383 0.51185093 0.06993957
51.35846987 9.26515182 4.26921718 0.06439853 0.05131415 0.83270407 0.20752581
51.33536384 9.48490869 3.62815171 0.07591854 0.06232159 0.82827335 0.08190343
56.96619034 8.54417906 3.99867116 0.08470866 0.07136237 0.60883560 0.09428275
47.60175312 9.32189209 4.14931561 0.08514359 0.06339542 0.63199806 0.06724017
50.70627099 8.57618665 3.82887513 0.07643379 0.05556953 0.59898201 0.09327655
23.97162709 1.96965371 4.62753785 0.07956481 0.18278310 0.78399024 0.63632192
51.73523514 6.68733491 4.86543915 0.01952252 0.05602328 0.95064555 0.80814539
57.26711087 7.93540110 3.85964503 0.00603357 0.18370152 0.23042312 0.30825863
46.98783079 8.54793265 0.60098910 0.07091038 0.19093580 0.75829491 0.81941393
55.48953291 8.14981627 4.34361829 0.07948702 0.07254796 0.90774091 0.26829554
46.45106933 2.66808602 2.69014859 0.04686376 0.15815622 0.64624583 0.19105587
54.97729731 0.68000202 0.66538161 0.04681233 0.08999706 0.06523875 0.25252174
43.95559158 0.66130657 4.50120104 0.02608174 0.09734460 0.96932764 0.70744432
50.74065474 8.38741803 4.75373092 0.07325148 0.05421042 0.58631932 0.11446067
41.81856036 3.16610263 3.98505497 0.03266847 0.13217034 0.60212090 0.03631783
55.71183718 9.10646509 4.62403552 0.05984394 0.06040679 0.51028336 0.35231053
45.49397186 1.21258918 2.38458656 0.09624655 0.12319623 0.35808652 0.00973750
34.15642738 9.48209937 2.19695362 0.00324112 0.16046557 0.41842712 0.97153955
34.38036206 5.25385561 4.84100493 0.07092759 0.06480353 0.41116751 0.17935636
57.21588461 9.09296029 3.89875605 0.07844548 0.05788996 0.61733577 0.12454844
47.34405961 9.08012578 4.29576098 0.09946882 0.05692620 0.60178614 0.04608540
51.60347362 9.02682932 4.63528945 0.07693598 0.07082631 0.66270345 0.07034618
31.57780156 6.82031132 4.26599257 0.00809798 0.16497420 0.52203528 0.08878180
57.75861460 9.22118599 4.99066042 0.08252157 0.05362422 0.79996946 0.18762251
46.84237146 9.45204065 4.26711979 0.07447933 0.06036836 0.62874840 0.09974951
55.09749349 7.88515224 4.34958805 0.07461368 0.07757835 0.50971808 0.05824213
46.89154317 8.89396282 4.38332318 0.09239261 0.05997206 0.58195031 0.07775323
51.68090508 8.62045397 3.12910144 0.00399445 0.13879200 0.49480520 0.67296232
58.45468461 8.22793387 4.41771579 0.07283359 0.06398826 0.75431433 0.28845831
57.61889251 7.88754499 3.16956184 0.05537547 0.05781462 0.20394545 0.22914664
58.17295346 9.16680975 3.58768006 0.09420522 0.07327696 0.28510873 0.05993185
42.27778092 7.51551380 2.38158711 0.04375177 0.12124125 0.24358265 0.08548254
30.66521363 5.90500497 2.05691929 0.01075651 0.15475626 0.77527070 0.80638089
54.82973747 8.63473819 4.20852556 0.08517236 0.05017557 0.61733149 0.19903108
53.92865779 9.60126633 4.36447472 0.07365400 0.06735678 0.17747668 0.23858152
54.27105720 8.90383733 4.37904937 0.08469277 0.06620639 0.88409158 0.11566811
55.07967767 9.11361662 4.27473221 0.07811964 0.05612259 0.74408525 0.13969559
48.82054506 8.94292089 4.43670410 0.06066372 0.05371008 0.79171153 0.34171534
55.59741821 9.01471435 4.67910504 0.08638162 0.05547030 0.63850611 0.27719533
38.21578657 6.29931228 1.03652423 0.04934254 0.12074502 0.19857020 0.54699727
31.52329045 9.84887488 2.60859499 0.04802664 0.13195558 0.37281126 0.54562587
57.47290674 4.63345790 3.51729652 0.09461645 0.11438746 0.18329409 0.98594678
59.01321941 8.84561147 4.36856192 0.08991461 0.06814115 0.80134836 0.29452939
57.74068700 9.23104568 4.99907607 0.05593740 0.05904791 0.55573876 0.30802364
45.12522404 5.84206966 4.14851348 0.02242708 0.06939818 0.78698549 0.28828214
47.75977223 8.84034879 4.28720680 0.09213505 0.05094844 0.64340959 0.11405271
54.32379318 9.57452888 3.88640369 0.06082676 0.07065011 0.45292670 0.10045219
51.20658204 9.67779076 4.43678637 0.07109132 0.07062440 0.59361607 0.16014772
46.73114319 9.24009756 4.37388013 0.09178383 0.05811467 0.61233388 0.16858230
51.41699880 5.51682086 1.14393465 0.00933822 0.18375648 0.54107236 0.85890545
52.29411553 9.35589734 3.81954645 0.07293425 0.05014660 0.32903484 0.09469347
