108.58604689 14.59041331 14.11098883 0.16760178 0.05264455 0.31486921 0.26196443
96.14915262 17.59896336 12.35406171 0.18419719 0.07053028 1.17934236 0.28246826
71.78389611 27.44982218 13.38953831 0.06921955 0.06255163 1.58484796 1.35229240
59.85371403 9.96415994 4.98354283 0.09963794 0.19945143 0.99634285 0.99634285
91.55761271 20.30186036 12.29641492 0.18419393 0.05755362 0.83284997 0.49225755
71.55621336 25.10794506 13.22365747 0.08902310 0.05994958 1.43402005 1.08714023
125.89073485 13.99085596 15.09164841 0.15747353 0.05483913 0.84339909 0.32690092
39.88009740 5.07062386 2.73651096 0.05020324 0.12455037 0.49700244 0.49700244
121.06238392 14.68123380 15.56874976 0.14980799 0.05843875 0.60499842 0.56625270
125.40128211 14.54824607 15.12553070 0.15305062 0.06286381 0.73728688 0.41871189
99.98558056 19.36453000 11.86860580 0.18340965 0.05294682 1.10214207 0.27833097
39.24531039 4.91510105 2.66509742 0.04863214 0.12216991 0.48113276 0.48113276
52.11593251 8.06840346 4.11304241 0.08048693 0.17043475 0.80289831 0.80289831
65.16670724 26.27635259 12.90650640 0.08960700 0.05386756 1.34700166 1.20183457
40.45403040 5.21123745 2.80107842 0.05162373 0.12670261 0.51135076 0.51135076
56.62800774 9.17386190 4.62065087 0.09165432 0.18735503 0.91570019 0.91570019
54.44388240 8.63875119 4.37493677 0.08624861 0.17916456 0.86109706 0.86109706
106.60248275 15.21172270 14.43716160 0.18189023 0.05179408 0.15431092 0.58843287
91.61112468 19.28264400 11.84103069 0.19884930 0.06765003 0.97733437 0.64776098
24.37444581 1.27173922 0.99212515 0.01182675 0.06640417 0.10936115 0.10936115
103.01486897 18.88821627 12.01726164 0.19132366 0.05337961 0.65734356 0.63891552
125.50949665 13.56808770 14.98669774 0.16165258 0.05808825 0.67756418 0.41380750
68.66072534 25.76985950 13.03674135 0.07669962 0.06552203 1.45185715 1.19728389
72.53093556 29.09371831 12.93225551 0.08424100 0.06415965 1.30818492 0.87500633
107.04023244 14.98981244 13.78808296 0.16005615 0.05664471 0.27206310 0.30651435
101.58234072 19.25922337 11.88103011 0.18351431 0.08025536 1.18489960 0.28191648
32.01979211 3.14484907 1.85222661 0.03074899 0.09507422 0.30049480 0.30049480
71.59038805 24.09427983 13.27142498 0.08656622 0.05411511 1.44314362 1.10455318
28.53992269 2.29228106 1.46074130 0.02213631 0.08202471 0.21349807 0.21349807
45.20493307 6.37520860 3.33555497 0.06338221 0.14451850 0.63012333 0.63012333
51.85505687 8.00448893 4.08369390 0.07984127 0.16945646 0.79637642 0.79637642
38.95610029 4.84424457 2.63256128 0.04791635 0.12108538 0.47390251 0.47390251
101.57800760 19.50899727 11.40709327 0.19685295 0.05190355 0.79474888 0.55851747
109.40062506 14.35504547 13.90477710 0.18369250 0.05945867 0.14259628 0.58283418
37.08738381 4.38640903 2.42233068 0.04329127 0.11407769 0.42718460 0.42718460
118.71486827 15.07928136 15.25996309 0.15871834 0.06837287 0.62748293 0.55088999
70.94564679 26.00372699 13.20424333 0.08825926 0.05884044 1.56490135 1.23535609
99.99789938 18.64447502 12.16522888 0.19263769 0.05884189 1.12994530 0.19909201
81.01396728 25.56102047 10.86492557 0.10732639 0.05478421 1.40228152 1.22145496
88.19872962 21.72383961 10.93002912 0.12405696 0.05035710 1.93113647 1.19006320
90.32002132 19.30465936 12.35899841 0.18532880 0.05808993 0.82522976 0.63500062
113.04797987 11.79864849 13.94247945 0.16966346 0.05549134 0.48639012 0.25175122
26.55547762 1.80609202 1.23749123 0.01722481 0.07458304 0.16388694 0.16388694
101.22017719 17.09214372 11.93628429 0.21602436 0.06394310 0.67609141 0.55316895
30.84794015 2.85774534 1.72039327 0.02784865 0.09067978 0.27119850 0.27119850
79.52398475 25.70684669 11.59997204 0.11080176 0.05926575 1.42614521 1.21996793
85.32344609 25.94844272 11.93391047 0.11020990 0.06114659 1.35136089 1.14562909
45.16614693 6.36570600 3.33119153 0.06328621 0.14437305 0.62915367 0.62915367
53.35917792 8.37299859 4.25290752 0.08356397 0.17509692 0.83397945 0.83397945
31.55896099 3.03194544 1.80038311 0.02960843 0.09334610 0.28897402 0.28897402
112.67225412 13.84220313 14.35855008 0.19518051 0.05510644 0.29848461 0.44641731
117.55094528 14.95206089 14.91130352 0.15677343 0.07137350 0.57527894 0.59834083
107.33452741 19.63980214 11.67969782 0.17380019 0.05034590 1.36638912 0.28442086
112.29037098 15.69213072 12.78609488 0.18060211 0.05052320 0.32479539 0.27555066
93.67818004 18.98315785 12.22555592 0.18691497 0.05156088 0.84551009 0.62208361
48.46053212 7.17283037 3.70180986 0.07143982 0.15672700 0.71151330 0.71151330
67.97881792 28.55779157 12.99991029 0.09578169 0.05585734 1.26783014 1.08070818
100.80414421 19.27346299 12.01291224 0.17443813 0.07178891 1.24546671 0.28147221
104.84360980 14.71752207 14.70545283 0.18132314 0.06384595 0.08351933 0.69649664
103.12053028 18.99768095 11.65103323 0.20307047 0.05466951 0.77199311 0.59057906
94.62010333 19.52019150 11.82323575 0.19649892 0.05421730 0.93261076 0.62804586
36.14544587 4.15563424 2.31636266 0.04095998 0.11054542 0.40363615 0.40363615
92.95101829 21.51550495 11.46397721 0.18246024 0.06355075 0.79162296 0.58889564
91.93344090 20.62438967 11.31092639 0.12105277 0.06060941 1.84679364 1.12366642
125.89272755 14.87402479 15.36537758 0.14988600 0.06665819 0.63639907 0.50282670
112.65838130 13.23084345 14.66410862 0.17286575 0.05594054 0.65909327 0.47655579
88.69703431 27.07415486 11.95252001 0.11720353 0.07329163 1.35917272 1.16860165
120.91664420 12.94941437 14.04469633 0.16285202 0.05085824 0.69505803 0.37838991
85.43180336 25.88948914 11.42825841 0.10908468 0.06046042 1.45518100 1.18635426
91.29197915 22.10962279 10.19500776 0.13289284 0.06123155 1.86318456 1.08027207
89.92865763 19.89620007 11.94172303 0.18901488 0.06109716 0.90537410 0.49577463
33.60007958 3.53201950 2.03000895 0.03466020 0.10100030 0.34000199 0.34000199
92.36547739 19.25763504 12.64302304 0.19075577 0.05825311 0.87624377 0.61871856
72.04109673 25.57799898 12.51121411 0.09167572 0.05512507 1.37574563 1.19406305
68.68966622 26.44632017 12.97404856 0.08410713 0.05355739 1.66611461 1.21079369
41.07401205 5.36313295 2.87082636 0.05315818 0.12902755 0.52685030 0.52685030
124.43437796 14.28698815 15.51574131 0.15391343 0.07174297 0.87960881 0.50956453
122.54616994 14.34726301 14.31549771 0.17483187 0.06450575 0.62345999 0.37118976
68.75519038 28.48071031 13.01100649 0.09341712 0.05656452 1.25827580 1.02185249
54.73166159 8.70925709 4.40731193 0.08696086 0.18024373 0.86829154 0.86829154
70.71429146 25.01780638 12.08551970 0.10724339 0.06858030 1.45745694 1.23204902
47.50043121 6.93760565 3.59379851 0.06906357 0.15312662 0.68751078 0.68751078
69.34492289 26.16959320 14.01327439 0.07486419 0.05919340 1.45464271 1.08380815
49.31511132 7.38220227 3.79795002 0.07355490 0.15993167 0.73287778 0.73287778
113.71122348 14.73870128 13.49101234 0.16653157 0.06505138 0.86721723 0.68202757
103.84230350 18.96499523 11.96053339 0.19588692 0.05817995 0.76249460 0.67902155
112.81882790 12.17375062 13.82772254 0.16317080 0.05029961 0.59821177 0.42047325
104.23361511 19.36948877 11.84536806 0.17473149 0.05439026 1.25890057 0.32852479
116.75756502 12.87882548 13.79098802 0.16927158 0.05603528 0.76443124 0.47112186
25.37475622 1.51681527 1.10466007 0.01430252 0.07015534 0.13436891 0.13436891
69.40822380 26.56754642 13.57725803 0.08522363 0.07858557 1.57910949 1.16633387
34.82502491 3.83213110 2.16781530 0.03769194 0.10559384 0.37062562 0.37062562
86.99393932 20.63592898 10.74973262 0.12929094 0.06156413 1.86362093 1.13896007
70.49527962 25.58972196 13.41620376 0.09249244 0.05581327 1.44582794 1.05175574
113.52661042 13.08512197 14.27111810 0.16911850 0.07000833 0.62137615 0.54101331
71.11492976 25.31899838 13.58390694 0.09302031 0.06199344 1.47069670 1.04893177
91.01189352 20.48114949 10.98980631 0.12965828 0.07068801 1.74277796 1.12356808
99.34385760 18.57557945 11.77327669 0.17502826 0.05636852 1.34354077 0.42800505
83.81631668 26.06888271 11.81935553 0.11355738 0.05027412 1.48265424 1.14309994
101.00274098 18.80254877 11.92226845 0.17249925 0.07239813 1.36737728 0.32142949
115.71157885 15.59280625 15.54196820 0.16220008 0.06365404 0.65385559 0.56650942
114.98517906 15.33820293 12.54206586 0.15923133 0.07265627 0.31661080 0.34419685
120.63397175 15.54391860 14.54988068 0.16180886 0.06271400 0.79200962 0.47870491
108.14569974 15.43302571 13.80686024 0.17588183 0.06001867 0.85714666 0.64347839
43.19210598 5.88206597 3.10911192 0.05840046 0.13697040 0.57980265 0.57980265
93.40748932 19.55622730 12.74875091 0.16397584 0.06397142 0.84187973 0.57102318
84.23469362 27.11163882 11.00472214 0.11481035 0.06180512 1.42267297 1.18120267
96.60517976 19.54415299 12.40831060 0.17654365 0.05553205 1.12954889 0.26716978
104.81143925 15.32482892 14.13260769 0.17330422 0.05282906 0.18389173 0.62031135
94.67673229 17.30801077 12.40858014 0.17817788 0.05914228 1.10607255 0.15418001
33.28366019 3.45449675 1.99441177 0.03387706 0.09981373 0.33209150 0.33209150
30.70976269 2.82389186 1.70484830 0.02750666 0.09016161 0.26774407 0.26774407
95.01194886 16.75418036 12.21074914 0.17071927 0.07481689 1.05563049 0.10229460
67.60086369 28.32580626 12.29127153 0.07138340 0.06146041 1.28062733 0.99977667
80.65772502 27.78444741 11.48138390 0.10040802 0.05656863 1.43605356 1.13677877
56.25763627 9.08312089 4.57898408 0.09073765 0.18596614 0.90644091 0.90644091
38.61335325 4.76027155 2.59400224 0.04706805 0.11980007 0.46533383 0.46533383
90.81699040 22.33641991 10.58163128 0.11641308 0.06089614 1.94001721 1.25101904
24.04901382 1.19200839 0.95551405 0.01102131 0.06518380 0.10122535 0.10122535
108.60470818 14.35023590 14.35156968 0.18532819 0.06111698 0.03089826 0.32246887
107.44542522 14.76773692 14.13937188 0.18494099 0.06536365 0.06233200 0.70394068
110.90963904 14.89100087 14.03646155 0.16429795 0.06219181 0.79230819 0.60973408
47.11538697 6.84326981 3.55048103 0.06811058 0.15168270 0.67788467 0.67788467
123.80133931 14.53497854 14.64108021 0.15586007 0.06153434 0.65327823 0.51889827
91.65211985 27.81249609 11.09506102 0.11262438 0.05464701 1.33343183 1.17722422
118.45159899 12.67296439 14.59713528 0.18014626 0.05463343 0.73219316 0.49654716
47.04992138 6.82723074 3.54311616 0.06794856 0.15143721 0.67624803 0.67624803
93.39590592 18.30005766 12.18271918 0.19308179 0.07724464 1.01731622 0.58188106
