57.86364295 1.66653905 3.09325379 0.03248480 0.14879206 0.46855606 0.74594194
55.70987214 7.87289978 4.16291482 0.09370973 0.05209716 0.12808258 0.48902212
54.18320270 8.30369054 4.08204169 0.08685661 0.05550090 0.33697823 0.27046373
53.03110466 9.58574372 4.64967156 0.08883728 0.06381411 0.36437054 0.25488257
56.56359235 7.78775558 4.80707610 0.05741483 0.06155034 0.21936483 0.17701116
51.08031970 9.08871514 4.63480861 0.07692188 0.06523190 0.45549724 0.32801417
53.03652965 8.19377857 3.81200165 0.09579876 0.05473343 0.49958752 0.13325552
38.56085593 6.70060324 4.55521506 0.05851877 0.13571253 0.24831871 0.52599420
44.07040992 5.94551297 2.36370997 0.00877313 0.05994168 0.34019885 0.99214256
58.31242276 9.40477889 4.49031340 0.04903303 0.05623725 0.55949119 0.60394910
50.75780184 9.53253769 4.39384668 0.07872103 0.06338410 0.38139011 0.11346505
29.34216817 2.01887775 1.71092608 0.00738066 0.08652172 0.17432908 0.79601941
39.26300412 6.37099428 0.76032718 0.00984777 0.16621392 0.06439724 0.43694220
57.18279927 8.82197996 4.50443079 0.08953366 0.06330569 0.25810488 0.23476612
52.73988116 2.87403669 2.16884027 0.06124648 0.16706655 0.57185534 0.51455071
58.94655386 9.69753303 4.50100338 0.08019145 0.06636569 0.31488402 0.22108207
30.45071215 7.37328443 4.69059752 0.05804837 0.08138656 0.52763015 0.18371351
52.19059496 6.46096965 2.50135614 0.08339291 0.07299440 0.25547878 0.63962101
54.78181900 5.81194494 3.97939848 0.08175016 0.17185970 0.20469231 0.17680185
55.62126040 3.71030636 2.51890567 0.01587874 0.18852142 0.07062125 0.12490621
59.36692142 8.25874412 4.05034154 0.07192920 0.06387527 0.29352805 0.17052680
52.44309128 0.56718033 0.55674893 0.02241036 0.15389666 0.93351088 0.49139696
46.52780325 4.00196211 1.36048082 0.00994878 0.05322145 0.16461380 0.15458391
55.03024232 6.56625760 2.45069263 0.05759783 0.11784874 0.03327740 0.47051303
58.15423844 9.82939541 4.37515759 0.09795331 0.06188141 0.19708492 0.44682411
53.92505216 1.55897891 3.33910854 0.03509235 0.17524279 0.28309773 0.42410834
37.49991852 4.96120407 4.29649264 0.06007056 0.17705994 0.07985071 0.80977192
58.87354474 8.69159116 4.37810338 0.08394866 0.06533410 0.34032588 0.21374149
32.36690335 2.66173490 0.68934628 0.06106840 0.09601480 0.71913213 0.64511559
48.10593358 9.60775337 3.73627999 0.09929560 0.08488867 0.51398891 0.22247275
50.79354306 9.04497439 4.02255449 0.07694048 0.05735457 0.42581834 0.37561998
59.93581895 4.84621418 1.29923988 0.02440905 0.17531381 0.21101004 0.86664858
25.20275271 8.14725202 4.24928532 0.09005827 0.15611973 0.26138650 0.31193269
20.82561636 4.87087303 1.30550262 0.05523993 0.10058728 0.66976242 0.55116351
24.05232032 5.55966090 1.23220305 0.04739638 0.13101942 0.20032656 0.16845261
57.84662048 8.52016039 4.65616195 0.08768159 0.05308258 0.36551019 0.22012313
29.67783306 6.84547800 3.81442784 0.03804974 0.18823991 0.68575524 0.18509409
53.47365837 9.58167538 4.41598175 0.07149633 0.05370331 0.22318452 0.19348469
56.21387577 9.90911371 4.37348556 0.07215573 0.05292219 0.38851983 0.30829381
51.50993337 8.81297364 4.32872434 0.08493908 0.08329557 0.54021754 0.25448509
54.66141559 9.98607835 4.45576122 0.09277146 0.05226295 0.33161320 0.31572933
47.02816424 5.41251141 0.70560013 0.03628471 0.15212046 0.18581060 0.22659899
55.54811960 8.22391677 4.63192131 0.09978356 0.06254208 0.14242467 0.40510603
22.66051931 2.23116712 3.08391943 0.02308266 0.06055505 0.31321408 0.04616294
57.17398281 9.67009197 4.74951237 0.08779150 0.06760637 0.37382973 0.06107582
58.65091251 3.70631253 4.65993331 0.07517629 0.10320312 0.69576201 0.96729874
54.43048754 9.05303970 4.79623893 0.08953311 0.05421345 0.21718521 0.39181577
54.59532571 3.50308282 3.15756098 0.06096463 0.19068298 0.05712412 0.60494323
59.37142977 8.33547370 4.52469730 0.07456158 0.06943966 0.29386932 0.15358362
29.28697982 0.21906703 2.59178890 0.00885638 0.16281985 0.41532991 0.08032584
55.90358659 9.31066920 4.65170698 0.07199098 0.05049607 0.29253363 0.21297606
27.69173608 3.52521414 0.79889978 0.06164034 0.18622972 0.18283309 0.33702836
56.43413068 7.85063287 3.98701492 0.07129372 0.06292045 0.21155951 0.23935147
34.05164005 0.79990875 3.32509382 0.06712672 0.18185032 0.42022494 0.73670876
56.88869750 9.38223347 4.34798326 0.06165022 0.07404431 0.01949549 0.12014326
55.69428413 9.51526165 4.18156861 0.06553728 0.06214548 0.16359045 0.62344584
30.01771422 2.06961244 3.63710908 0.01735884 0.17647501 0.38662463 0.13811849
55.33063212 8.84689348 4.78998574 0.08400616 0.05754723 0.21565785 0.41589577
58.50263030 9.29854180 4.41174375 0.06277249 0.05776645 0.34266529 0.41089585
57.15091696 7.56918292 4.21593840 0.08297666 0.07843975 0.22830312 0.32561828
44.26680027 2.20704394 0.90849356 0.01881840 0.14521571 0.87276093 0.47375080
39.65777297 0.89357517 4.10820515 0.07489230 0.09171070 0.06895318 0.13143066
31.90984382 2.77266323 3.10610620 0.04643490 0.11547307 0.46405486 0.36351820
47.06159888 8.66736272 4.23007374 0.09381244 0.07078562 0.54149769 0.14500805
52.89214840 8.71463819 4.46722331 0.09480475 0.06237844 0.26345240 0.38484916
55.29996142 7.27793275 4.67852885 0.09815725 0.05320053 0.31149466 0.45747799
41.42368838 4.08593525 2.62389647 0.08337686 0.07820538 0.18090299 0.03350279
20.05716626 0.55416179 1.21975937 0.07269732 0.09614330 0.42794139 0.85426698
52.82514477 7.99441325 4.31028746 0.06933001 0.06009650 0.50299125 0.35354501
55.33911263 9.51500035 4.24249239 0.06701964 0.05664786 0.28691299 0.19502320
45.86063258 6.72720860 4.46471197 0.08985109 0.10082593 0.63357654 0.19580457
27.63972684 5.00791833 1.23309430 0.02774828 0.15679559 0.45585692 0.87202683
53.43940465 8.97510492 4.55060173 0.09550874 0.06675823 0.23825702 0.05733841
39.21046460 1.95772988 0.86603305 0.04466985 0.12538509 0.25924182 0.50982186
56.11947732 7.84008588 4.77110583 0.09024639 0.06809735 0.39675693 0.16874461
59.40754652 8.44119899 4.40840212 0.08903300 0.05891049 0.36763146 0.58783650
26.85639289 6.01385235 1.12960991 0.05580669 0.11731419 0.76153501 0.78484928
21.68884386 8.11980087 1.69742877 0.01023557 0.06356880 0.67738585 0.04145470
53.69660223 7.48993123 4.28996841 0.07478500 0.05836057 0.36527194 0.27398488
55.37663804 8.29116074 4.16149551 0.09756235 0.05583855 0.29991459 0.24126290
56.40714445 9.16706469 4.21461177 0.06680674 0.05919619 0.16690322 0.03691375
58.07709265 9.85842955 4.40949691 0.05460468 0.06072314 0.34617749 0.24439520
26.69689526 6.85306187 2.65575608 0.04037870 0.11294196 0.74968840 0.36965927
58.14399110 9.92087516 4.84428557 0.09167550 0.05879690 0.42694016 0.36521836
54.58502200 7.99381507 0.59252527 0.06001593 0.11718386 0.56616469 0.11416260
51.49593901 9.31005266 4.08100619 0.08712617 0.07438532 0.52172950 0.20597693
35.57466555 5.69230689 2.44512529 0.08097634 0.14422364 0.40511015 0.97641849
50.12294978 9.31870015 4.95050464 0.06026100 0.06337161 0.32872519 0.49298417
55.37751299 6.56741608 2.84030810 0.08337247 0.07265606 0.92638097 0.84178905
42.68714895 6.09602998 1.32959683 0.01239648 0.09927517 0.87815805 0.89103140
54.69866588 8.25220865 4.66726103 0.08494061 0.05394722 0.48588602 0.24113219
43.69907313 2.34649612 3.01462375 0.03442990 0.09622893 0.12494059 0.47411410
55.76335232 8.66787062 1.43598304 0.09276849 0.14882581 0.30599344 0.65666325
56.40915627 8.72649067 3.92248161 0.09480296 0.06880579 0.61058965 0.08318173
52.58237882 7.40069678 4.31587250 0.06093361 0.06044106 0.22641950 0.28213658
24.67299621 4.55633621 2.69263219 0.08699698 0.18788105 0.00702630 0.98643594
57.17439729 8.36702982 0.73417864 0.09923979 0.12032512 0.77419889 0.95085262
29.97581148 1.47108614 1.02879616 0.01667288 0.08418045 0.43052475 0.63114195
59.81484673 7.54815475 4.44127915 0.09609153 0.06242926 0.37074451 0.33679448
50.01638683 9.04462111 4.05322804 0.07460003 0.06776220 0.57506974 0.27754015
43.01020358 8.04865894 2.14361215 0.05108200 0.17506370 0.62738812 0.11804106
49.06786648 1.32387271 4.85434463 0.08749469 0.05947971 0.14788494 0.91649467
59.80771613 8.35339193 4.28178481 0.07080404 0.05965750 0.28480343 0.41997853
49.68648251 7.63035651 4.04853278 0.08721167 0.05543371 0.06546244 0.07891073
56.17460337 9.02510803 4.54000412 0.08791152 0.06192990 0.43762538 0.32030797
36.24232965 6.61304822 0.59822419 0.08153835 0.17236562 0.91444309 0.99848276
54.38556192 8.66801949 4.73808963 0.09561964 0.05979992 0.41046703 0.26821588
50.76568158 7.82243897 4.70455628 0.07597324 0.05681358 0.24959636 0.10980801
59.43944167 8.12396634 4.62067811 0.06380566 0.07275948 0.34101545 0.40378888
55.23494875 9.98394232 4.23265413 0.05536315 0.06579911 0.55247086 0.59882061
44.66746900 3.67495400 4.94352421 0.02034830 0.09337289 0.98194374 0.77940861
53.42348939 8.58947318 4.10765416 0.09696783 0.08231652 0.52319552 0.21163139
33.93484620 8.85460123 1.22013880 0.01237475 0.11606667 0.02646599 0.33181249
42.10373871 1.21556844 2.31446439 0.09215465 0.11478719 0.80561147 0.64230269
49.08394961 8.08828550 4.08226241 0.08748022 0.05961007 0.07389400 0.06899042
56.63790532 9.59018253 4.86041232 0.08524360 0.07026285 0.41900517 0.31116579
59.05025126 8.96416950 4.81131375 0.06903704 0.06309226 0.13802329 0.26925713
37.81890238 0.66984845 2.40443031 0.01770592 0.15446806 0.45536322 0.47399860
57.90973101 7.43350870 4.57731916 0.08675045 0.05881964 0.37103353 0.33189211
55.81482287 7.29411954 4.79283161 0.09602287 0.06372762 0.28433192 0.12174099
37.01135653 4.05482175 0.95708162 0.00290158 0.07767641 0.36554706 0.85941146
51.65877167 8.92662428 1.18546763 0.02866276 0.09511430 0.70866994 0.30626997
53.49176630 8.08293230 4.77431435 0.08767406 0.06200017 0.31248612 0.35319162
57.73274952 8.35981431 4.40289984 0.06393343 0.05757432 0.18364569 0.03737911
57.62796092 7.87260989 4.42468821 0.08928927 0.05005121 0.29349422 0.26287315
56.51973835 8.71587812 4.63268616 0.08378611 0.06741474 0.31217550 0.24090470
48.66048905 0.78476629 1.35227133 0.07535754 0.19371036 0.58228940 0.33302987
55.63181812 7.56414252 4.85698928 0.08491959 0.07711639 0.30588486 0.15204892
