54.60895804 8.93461321 4.55160084 0.05944584 0.06143893 0.30584358 0.37921045
56.15602464 9.30827182 4.31611719 0.07563611 0.05886421 0.59676831 0.37016898
55.74570853 8.72846583 4.51824275 0.06378294 0.05393758 0.70681223 0.24309534
29.65950990 1.98947434 1.99489212 0.02462655 0.11811910 0.70251335 0.09421771
49.69135594 9.20717109 4.35330654 0.08880788 0.07149952 0.82010254 0.14502243
32.74895321 0.36713083 0.83650537 0.04606395 0.17060129 0.83076168 0.41586440
40.40216976 9.80369142 4.20818245 0.01101053 0.18543474 0.06075361 0.59171956
55.65416861 9.50767344 4.49146675 0.07487854 0.05308333 0.61917364 0.25707328
51.93611888 5.70535787 1.22032740 0.07159547 0.19479819 0.25092748 0.89472926
54.40855515 8.20884885 4.70639198 0.05826033 0.08078158 0.74119209 0.31897316
54.47041433 7.32428473 4.44878801 0.06564694 0.06106282 0.67989018 0.26641644
50.17616817 9.55228862 4.19221261 0.06426198 0.06562911 0.25095693 0.12874684
56.26062547 8.15655053 4.45875481 0.06162557 0.05166217 0.86369888 0.26888026
53.29760560 8.13645618 4.67622625 0.06745100 0.06747814 0.68203389 0.35098735
35.76587141 4.48416775 4.88193415 0.01931724 0.19740321 0.84715522 0.61080063
47.20151072 8.00220404 0.67773519 0.09383077 0.09090841 0.06204048 0.95730780
53.68745322 8.85687509 4.43272491 0.05011037 0.05017219 0.35494009 0.31393217
59.02331210 9.70776493 4.55445040 0.08172287 0.06197224 0.63073026 0.16605234
51.44132551 9.04541138 4.62074463 0.06360561 0.05734251 0.21359981 0.40143059
55.13396635 9.31322459 4.23457863 0.05211663 0.05183209 0.41983064 0.55533926
56.41431292 8.05389499 3.36211716 0.07702350 0.05703873 0.95800271 0.21676581
47.67400567 5.30139388 3.69995966 0.03317679 0.06898244 0.59648249 0.68919210
59.50513991 6.88759032 1.23667579 0.00830719 0.14220172 0.34305316 0.42038375
37.32920664 2.84771596 4.30538491 0.01380528 0.08263748 0.96811112 0.90208448
55.18662389 7.59740410 4.59326527 0.06356874 0.05756330 0.79526952 0.22158474
50.11785403 8.83971776 4.12392531 0.05979285 0.07694908 0.31147815 0.18819955
56.13403476 7.79856021 4.81772401 0.07385092 0.06586384 0.73121018 0.13591019
38.98241811 4.61138543 3.22323300 0.02507153 0.06035011 0.00940407 0.85249466
25.36229186 2.45071054 2.23350717 0.05119635 0.09984524 0.13916564 0.91746545
20.98652567 9.71751969 4.48911812 0.07761372 0.15672857 0.50967505 0.13398604
51.49254074 8.36050009 4.30259612 0.04377692 0.05544562 0.35360546 0.32948654
54.58221099 9.89816200 4.34755579 0.06597826 0.05450347 0.82860591 0.23424058
54.63720711 8.88988194 4.80703311 0.09199115 0.06944488 0.76397362 0.19550026
27.29397204 9.63883877 4.30857360 0.08967325 0.08395311 0.24747849 0.17327682
44.18756195 7.66358587 2.50932486 0.07191295 0.11457639 0.33033817 0.63025476
53.84721553 8.50476107 4.40780562 0.06475212 0.05088429 0.43798092 0.33110259
30.22346583 3.92988200 1.60107944 0.07284570 0.07074707 0.49354157 0.04510201
55.41829943 8.76144126 4.32580167 0.07428227 0.05288103 0.44752556 0.28827096
22.00556767 1.29949326 4.26981270 0.09324892 0.08453395 0.71036355 0.75706197
53.39801939 6.01900523 2.50073166 0.04821838 0.13699653 0.64855856 0.19343774
53.69900326 9.80986275 3.68083125 0.07180693 0.07076877 0.32468470 0.17181973
56.23220674 6.71026810 3.92852902 0.07895149 0.06250808 0.71952161 0.14928852
29.28979403 9.35304870 4.08040235 0.07347625 0.17107737 0.10589316 0.33452204
49.78718581 9.84469583 4.74630386 0.07513607 0.06541268 0.74163159 0.09380992
53.48225646 1.34930657 3.12666657 0.01372692 0.13542656 0.42968960 0.27680964
25.95591553 5.26621703 1.43832545 0.06914190 0.14489027 0.09413825 0.58345671
53.28646403 8.63608486 4.36072555 0.08240857 0.05587631 0.64465210 0.10437295
58.18142862 6.37057995 4.19578636 0.07195107 0.06807171 0.63240370 0.05065398
51.60557084 7.70424507 4.64226380 0.07353759 0.05786930 0.77249972 0.20637022
48.88971591 9.77185581 4.03911461 0.07555474 0.06896627 0.14239865 0.29208997
53.55669605 6.76446197 0.78564904 0.02611068 0.17060196 0.19044871 0.82555694
23.42948377 7.26859546 2.12056376 0.04576188 0.19076656 0.79222532 0.81164477
48.62008887 8.82621316 4.32681423 0.06463996 0.17269724 0.78068780 0.95589287
59.05960446 3.26135519 3.82884570 0.09965457 0.05658079 0.24771059 0.26617464
55.87744680 8.39507925 4.24848110 0.09800666 0.05195229 0.64272609 0.17905422
58.42463914 6.42546192 4.97322809 0.07878819 0.05300379 0.08070870 0.35765764
57.33310717 8.95210736 4.70380659 0.08110811 0.05912884 0.92291667 0.10542383
54.21307928 9.59728775 4.64134858 0.06649610 0.05772843 0.64215518 0.10958612
22.59855598 9.86303412 2.96632780 0.06317338 0.18929138 0.00851832 0.07497754
59.97446866 8.60553181 4.43054988 0.09578463 0.05237369 0.60487001 0.23133897
51.63247203 9.55245459 4.22605809 0.06700521 0.07041306 0.75273680 0.30855636
54.22746804 5.64132698 0.60159888 0.06383281 0.19256863 0.02353495 0.02337908
28.29863708 0.62922133 2.83066084 0.09046462 0.12515019 0.98685433 0.16591120
59.41324673 9.57863896 4.73124968 0.06182156 0.06484807 0.40952277 0.42265081
52.34566621 9.91858516 4.60498307 0.07963690 0.06766079 0.82023298 0.18728360
41.64403193 2.28284138 0.82037237 0.03476075 0.05742133 0.73299264 0.15192137
39.96838225 7.55758498 1.25359047 0.07477981 0.13392399 0.35894074 0.41054354
37.88587809 1.49761070 4.81708030 0.04090037 0.08224836 0.45162792 0.09737285
54.03097219 9.81429382 3.86782709 0.06174206 0.07841179 0.58200915 0.40446955
24.73428746 5.00074898 3.88407549 0.09075660 0.10395769 0.00294363 0.50560332
51.86994843 4.90087269 2.67455311 0.06378328 0.18299669 0.30112856 0.36981987
37.27985794 5.83794017 3.70464028 0.08152160 0.16514707 0.95082125 0.37211205
58.59101411 9.77604750 3.96543241 0.06346981 0.07388142 0.57981943 0.42239840
53.27887461 3.37303043 3.86334008 0.03690732 0.19272354 0.45573746 0.96726015
22.70277675 7.43420954 0.66050148 0.09067573 0.14033770 0.46696610 0.89064663
56.11204736 7.64737209 4.55363409 0.08295101 0.05576804 0.80812329 0.22136530
45.04409090 8.11081807 3.30122682 0.06729830 0.19977456 0.72805161 0.52190361
50.92443988 9.53647906 4.15206455 0.06854696 0.07241257 0.28256305 0.30070184
57.12106038 9.37804005 4.50938133 0.08020923 0.06391416 0.70560221 0.14150585
47.32836883 8.24674995 2.43327767 0.05768225 0.05048868 0.06164897 0.43643256
54.62870688 8.52018029 4.62835578 0.07523670 0.05685605 0.76549467 0.17376992
59.09367761 9.77776696 3.93202346 0.05285504 0.06422594 0.53185291 0.61989820
58.05732343 9.60781215 4.40015652 0.06956711 0.06533517 0.88385898 0.17047495
55.39928432 9.51814087 3.65891469 0.06179096 0.06335284 0.32764313 0.45847111
55.21726329 9.49852634 4.74128292 0.08292165 0.05456492 0.73184765 0.22494816
52.97011881 9.83224856 4.33214512 0.06344153 0.06225538 0.71712643 0.07215084
57.02545638 9.42108414 4.62945271 0.06788983 0.05829098 0.79871674 0.25303751
53.49456324 7.44991709 0.73865736 0.07410604 0.17834733 0.54401538 0.10128383
50.04847952 9.60916926 2.38288119 0.01600902 0.16694516 0.85027784 0.55282587
58.15543884 9.28873174 4.98849217 0.08637920 0.05965026 0.71369405 0.09052134
33.35998549 7.44783697 4.32081562 0.09316136 0.09286490 0.22558327 0.36306052
54.81200996 8.76887288 4.46061236 0.07755218 0.05869868 0.58046408 0.25046077
57.72524160 7.42240906 2.17281256 0.09766859 0.13484412 0.95952151 0.24983034
20.99302391 5.03650472 4.38362606 0.07197914 0.06849101 0.15001020 0.41603751
59.97944965 3.00264019 1.00916422 0.03793379 0.06274353 0.17458887 0.32963333
55.61692835 9.06214157 4.15004419 0.05887288 0.08585661 0.70471457 0.30959670
59.24168111 9.72042302 3.93883997 0.05903972 0.05594867 0.68942166 0.14109129
58.75627595 8.14297651 4.39341777 0.06899369 0.05952609 0.64367216 0.52616391
55.64985895 9.63143122 4.05349335 0.07369611 0.05542103 0.78101741 0.13072722
51.67710988 7.51267334 4.23214256 0.05961927 0.05837486 0.75441721 0.46498077
53.93783431 8.62871284 4.86238739 0.06830513 0.05778124 0.53026830 0.19939707
59.90519057 9.18603500 4.81541710 0.06850408 0.05506391 0.80701238 0.24926508
42.11574211 3.57194008 3.27751520 0.01807895 0.11766049 0.60901490 0.68426647
58.64092099 0.76305897 2.38670670 0.06441465 0.19221421 0.73846246 0.71986729
21.43407822 2.74874076 3.17905329 0.04344294 0.08148455 0.88588328 0.57895200
52.87527053 2.71118204 1.60514516 0.09801229 0.19041724 0.99806174 0.00971386
45.19881680 2.63791536 2.59034420 0.01822504 0.09514370 0.29229772 0.87326073
57.66697335 7.16612018 4.93867486 0.08030935 0.18094898 0.99513948 0.57672634
27.11560343 7.18141947 0.60566274 0.04944596 0.19893417 0.74466915 0.55395255
44.02705996 1.04363443 2.30911739 0.03753354 0.07200214 0.79835811 0.48469640
52.38338972 9.30894687 3.70204480 0.07802823 0.05291069 0.76697626 0.16092308
49.97192427 5.62037078 3.52962270 0.09062854 0.18334692 0.58298669 0.33688815
54.76052039 8.20595385 4.51984013 0.09815275 0.06115936 0.79415574 0.01496432
37.16716865 5.61079367 4.49974605 0.09525059 0.13915322 0.12122320 0.22231279
57.10433451 9.46597190 2.34527730 0.09689469 0.16480613 0.53270971 0.53543096
57.41947243 9.69605647 4.02485758 0.06472408 0.05620275 0.55328689 0.40407547
53.51469800 8.66469384 4.59093036 0.06510322 0.06454839 0.74717113 0.48648487
51.88799084 9.51101925 4.38952254 0.04811270 0.05169117 0.64561641 0.15060385
45.86823328 9.97668722 3.76703984 0.08179634 0.09640883 0.31098924 0.82787369
21.20279902 5.25579074 2.04136909 0.04455336 0.05814927 0.91208973 0.67073739
51.77022624 9.62046923 4.42209510 0.07255976 0.06528859 0.78355147 0.07658152
49.73722432 7.71104449 4.63007294 0.06757308 0.06262983 0.77987049 0.42639563
53.54591025 9.54423341 4.93526368 0.07098679 0.08694739 0.75007230 0.12415277
55.85726514 9.43671590 4.42440389 0.08835787 0.05767945 0.74146109 0.16618495
49.09957407 9.46788674 4.43421732 0.06873092 0.05632121 0.31280261 0.32053197
20.97704677 4.81533327 4.73480097 0.00360614 0.14274160 0.80773082 0.77532795
29.54915194 4.68876111 4.40928058 0.03132495 0.10125397 0.54979014 0.10772586
54.91213971 8.80026509 4.35509552 0.06872646 0.05104384 0.53343850 0.59167978
