54.92030685 4.56438995 2.99064718 0.09306797 0.08683527 0.46140346 0.13765344
59.37793013 9.82036623 3.92441702 0.06480504 0.06873450 0.57836471 0.65836887
26.50542449 5.27080041 4.03648518 0.08316205 0.06509267 0.52339783 0.60241381
56.16372129 9.19131453 4.04759244 0.06188934 0.06539705 0.49176102 0.72859599
57.57859485 8.52787402 3.84228068 0.09190040 0.07626764 0.64068791 0.20444255
20.91502824 9.23047110 1.86667543 0.03489217 0.11506149 0.58120445 0.00860162
36.42176872 5.51938341 4.12315735 0.06963996 0.17049032 0.38802058 0.74867826
37.93693377 1.42351308 2.65633465 0.00932487 0.11990017 0.59916867 0.98404345
54.94568318 7.83172937 3.68603377 0.06847737 0.05494308 0.74050350 0.57330529
27.03473969 5.47322895 1.65061344 0.05086556 0.14965638 0.28671059 0.53636854
54.43072771 9.42535355 4.80862102 0.09225515 0.05857678 0.22742428 0.23132902
57.74253914 8.59869391 4.23961906 0.07915270 0.05867157 0.64635902 0.75771914
59.16836300 8.25076752 4.73660062 0.02513687 0.13598161 0.63122402 0.40793659
58.48131179 8.10988144 4.25564130 0.05322347 0.06095453 0.44276503 0.33305715
50.82716359 8.23176916 4.73066173 0.06065561 0.05126050 0.59486320 0.48173722
57.79965018 9.27970126 4.95331386 0.08335746 0.06733010 0.27581840 0.05035440
56.23225008 9.93542273 4.10405565 0.04771214 0.05041775 0.78985565 0.38781913
54.21726930 9.47468494 3.97957530 0.06215544 0.05930570 0.61083020 0.62913055
59.05260480 8.95708528 4.27597782 0.05142967 0.06170731 0.35259371 0.25375171
48.19323086 8.49882264 4.67469899 0.05284892 0.17544798 0.12665360 0.16367963
28.56093498 1.74216555 0.99433413 0.01382968 0.15475298 0.90117534 0.47619863
49.97811881 9.09406777 3.22989737 0.08678847 0.06043508 0.69271300 0.27263567
50.68317266 9.51577438 4.17033580 0.08005555 0.16016730 0.92010173 0.54081005
50.21809603 8.64414272 3.98143525 0.08543683 0.07203239 0.63939260 0.40591210
55.66221911 9.87340417 4.82985095 0.08380141 0.07168608 0.64869721 0.34312508
23.48089688 1.94803243 1.29179694 0.06098804 0.10677493 0.89205386 0.15010758
54.56459885 8.57923425 3.78917359 0.09473096 0.05296332 0.42863909 0.02533573
59.35844631 7.73362333 4.16925677 0.07775985 0.05954153 0.40532712 0.24500811
50.10564323 8.89172458 4.45110811 0.09836934 0.07065688 0.88980942 0.32665470
51.18179067 8.72572889 4.67432163 0.09720364 0.06752509 0.52839448 0.47698315
56.89771159 9.23726422 4.62737727 0.04945175 0.05099145 0.40939180 0.52104710
20.67444626 2.24179106 2.75502626 0.06334687 0.08569814 0.72978960 0.87685919
57.05951038 8.89505515 4.94184157 0.08030628 0.06003195 0.28058546 0.16520851
59.91684115 8.82964924 4.35268598 0.04280129 0.06405408 0.52045054 0.28309798
59.39515157 9.68792666 3.22629437 0.02015919 0.07076712 0.40961632 0.94823477
43.15586081 2.44135333 2.88107131 0.00902051 0.07665708 0.41386863 0.87043931
45.70566190 2.69148362 3.88994160 0.07504986 0.05702972 0.89371238 0.51667455
53.85795702 6.10810704 4.13030904 0.07896450 0.16185441 0.91224088 0.54603737
54.84153084 8.05191098 4.46329099 0.06066961 0.05603829 0.68396245 0.28494306
36.50596845 8.48745555 4.74384166 0.08542925 0.06200806 0.02922092 0.13524665
56.48143654 8.89301588 4.13320651 0.07890774 0.05427979 0.66029677 0.71822341
57.58309143 9.49223203 3.99615923 0.04939105 0.06345635 0.60218680 0.56072610
56.75402539 8.90731860 4.87494169 0.08598124 0.05907018 0.63990540 0.37795504
48.30051789 9.01070993 0.50092624 0.07132770 0.14254128 0.80910556 0.45109218
55.42306487 9.91438306 2.48277132 0.02212580 0.09357290 0.15979379 0.53271761
58.21757427 8.23103219 4.94499846 0.03846003 0.05889506 0.47400536 0.52331651
27.57971667 7.04172253 0.55807406 0.04818312 0.19466637 0.76645688 0.56142999
56.42298921 8.90349935 3.77618123 0.06215934 0.05574221 0.50692952 0.50007891
56.79365256 9.52378468 4.56410300 0.04585860 0.06372603 0.37678933 0.50562687
54.86252595 8.82901079 4.23110864 0.03364703 0.05921458 0.55885226 0.43510884
57.41340956 8.39376318 3.91327582 0.06848993 0.05768350 0.73424088 0.54907823
55.74820356 8.29634976 4.29632986 0.08243466 0.07203344 0.66050871 0.15252711
48.47086283 9.58359315 4.68600524 0.02692480 0.05219945 0.50561608 0.38256398
46.87959876 4.87502248 3.89554604 0.01376597 0.07573542 0.94126718 0.61794200
56.98201068 9.72164068 4.80260978 0.03115562 0.06068082 0.67537202 0.62269584
59.73625866 7.93596754 4.26495903 0.06076282 0.05040878 0.46337291 0.54524243
21.28560591 0.58105757 4.67439533 0.03378204 0.10079449 0.41845732 0.22223768
57.68477492 9.12716479 4.57835585 0.04021996 0.05478992 0.60002322 0.39225394
50.52641578 9.87888874 4.28437922 0.04430447 0.06838942 0.64464987 0.42425229
57.63758047 9.69606037 4.73457266 0.08082774 0.05380632 0.19001086 0.68842633
33.03786044 4.02010218 3.33631513 0.01606541 0.11198906 0.34891180 0.59614748
56.19550540 8.95174772 4.63433406 0.07957571 0.07002357 0.57254119 0.53083752
52.02907192 9.49448417 4.08937155 0.06210955 0.05145110 0.92849437 0.41945523
58.10372440 8.59926818 4.71393602 0.07351674 0.06049426 0.31653160 0.04659617
58.86594798 9.27044717 3.66815597 0.07668474 0.19603176 0.44637745 0.32978336
48.62129793 8.74902628 4.66231249 0.07151164 0.05896387 0.70874155 0.49199243
53.81109417 3.29897636 2.86828060 0.04041031 0.13270747 0.87858370 0.33514456
29.76640230 0.48961995 4.21339486 0.02896859 0.10160483 0.84856810 0.37351557
55.77880742 9.27715595 4.32734463 0.06573293 0.06221019 0.48627260 0.66877577
52.69760420 9.22771447 4.77284033 0.07335038 0.05320641 0.16834313 0.11410783
36.43129079 5.20005865 2.52102990 0.08970955 0.07834862 0.23717617 0.05067796
42.85242650 7.63591697 3.20806880 0.06705532 0.13100931 0.47864091 0.05121500
54.01319962 9.13982861 4.02347113 0.02957283 0.07239576 0.56938840 0.30219009
45.65519492 3.33599942 3.44294312 0.06174090 0.14210648 0.17034163 0.17287421
46.57250275 6.84200368 1.60690755 0.01132553 0.11704840 0.04101714 0.32333356
44.11565042 9.14958283 1.27445822 0.06449881 0.16736815 0.89221873 0.16877103
59.73586626 8.93180246 4.56257806 0.04650062 0.06170546 0.77198502 0.48878503
56.31683945 7.95998007 4.13565825 0.07427193 0.06510346 0.40300467 0.19863244
54.53717538 8.82796303 4.04748500 0.08486069 0.05074257 0.63845017 0.47201753
45.51773861 4.00431190 3.35433050 0.02670342 0.15341694 0.68004681 0.52950162
50.06761362 9.46593754 4.35096033 0.02751769 0.05127669 0.51879411 0.35182640
58.23529408 9.58147627 4.65530880 0.04055416 0.05973616 0.62650157 0.43290791
55.24179511 8.70669549 3.79181068 0.08582792 0.05533752 0.38506654 0.17191178
54.02011007 8.42540237 4.10597311 0.05713285 0.05205152 0.69130945 0.28083949
55.09837119 9.29341807 4.68764230 0.08324338 0.06389811 0.27021936 0.12297975
57.35001649 9.50567507 0.97731457 0.04979056 0.07874879 0.34964410 0.81302039
56.21845793 9.22944307 3.94768872 0.04855060 0.06122454 0.40049482 0.20685368
54.64372361 9.16719021 3.82345563 0.05034277 0.05605878 0.66092143 0.53710159
52.83121042 9.42606177 3.84403551 0.07478529 0.06278542 0.81432790 0.45211118
47.50912632 8.20019464 4.91614202 0.06902996 0.05791139 0.66892869 0.49019732
55.39626785 9.73386209 4.70285839 0.05776551 0.06235687 0.75844309 0.47024135
58.50154437 8.83797062 3.73389109 0.05958807 0.05829718 0.45799969 0.78549915
52.05234935 9.39064179 4.79860428 0.04223217 0.06349619 0.56072180 0.34562924
53.10319366 9.54063660 4.87463819 0.07445708 0.05325265 0.03263390 0.60853318
53.26084772 8.97539030 4.36904834 0.08687536 0.05668912 0.26059356 0.10262936
53.64446711 7.88412142 4.88456900 0.09320338 0.05318651 0.61721629 0.53340713
55.33313454 8.40434235 3.74536879 0.08603248 0.05736340 0.36423561 0.24254157
55.34298341 9.03853149 4.16797349 0.06631800 0.07069903 0.91016225 0.40021838
50.90542617 9.18307657 4.29829341 0.03175819 0.05504575 0.66739193 0.41614351
56.12711057 9.49129516 4.05977035 0.06567411 0.05925870 0.55728190 0.60695756
50.36501273 9.59951637 3.48756383 0.08636988 0.07473341 0.69543368 0.20869040
48.13346150 3.04619117 4.75896705 0.09651903 0.07823786 0.26877136 0.47703802
37.52773847 2.77285130 4.51465529 0.09862909 0.05657878 0.57153692 0.36658549
55.86092890 9.94060555 3.81484263 0.06801185 0.05862761 0.89956459 0.39334540
56.42806467 8.12916035 4.05600620 0.07324328 0.05148501 0.68040929 0.63847810
21.90949083 4.85609728 3.50883099 0.05461726 0.08919871 0.96566597 0.14505586
53.14688623 8.67240461 4.58355451 0.07826756 0.05676833 0.16525046 0.21537064
30.72874960 7.82381352 3.77515745 0.01803175 0.13514754 0.29976900 0.55413628
47.36796446 9.55675856 4.62660206 0.08047149 0.05852215 0.63065175 0.63063561
59.50791288 7.04108049 4.21013758 0.07605369 0.06089207 0.37225869 0.23078687
41.81357678 0.84540471 4.58996056 0.08603021 0.18627909 0.68745943 0.88979555
56.74987715 9.38515303 3.98996013 0.08323480 0.05899655 0.27899843 0.22194841
48.66524746 2.18778898 1.34042506 0.06528042 0.13371967 0.80130152 0.93126051
57.45582371 7.83952439 3.81343454 0.08771365 0.06783287 0.29101777 0.19926781
58.37715781 0.80921308 2.85148283 0.05691319 0.19617145 0.37179780 0.21297033
57.44580856 8.44915856 3.70796099 0.05540274 0.07034475 0.47361556 0.44783965
36.74476108 1.24050831 2.69693464 0.05578177 0.09591555 0.14216320 0.36084730
43.38265612 6.46583245 3.23467174 0.01585003 0.05473040 0.57284572 0.80899805
57.12020145 9.23478335 4.38187711 0.07772621 0.06351544 0.54626980 0.68910972
59.28920556 9.43803220 4.64244803 0.06160985 0.05583549 0.74889187 0.48187832
51.06736579 3.14199968 4.75985725 0.01170982 0.19054778 0.89967670 0.12695402
58.41292528 9.00351070 4.30141537 0.07906154 0.05206833 0.36720549 0.28086618
46.14417402 3.46906895 1.14490567 0.05070358 0.07477867 0.61608269 0.78664199
21.77832120 4.30752659 0.93888324 0.06632332 0.18983602 0.83842510 0.88323871
54.34643600 8.84554137 4.12273983 0.08487081 0.05005042 0.37339329 0.20367774
36.40288924 4.50375335 1.99165698 0.08685849 0.14040342 0.35845366 0.72429018
56.30308104 8.46569060 4.06510365 0.02877705 0.05012796 0.71139248 0.41777456
46.41968579 4.67974291 1.20851985 0.09902511 0.05930643 0.43751231 0.20475381
