67.90167062 16.44878009 6.76363914 0.03256245 0.05860528 1.14478162 1.31559598
56.16610320 16.49382166 6.38920559 0.05096341 0.05899786 1.13055181 0.94842550
63.44049686 12.78933938 6.20821244 0.13013905 0.05577999 1.06603859 1.41988093
76.54475937 11.96664295 6.37701745 0.11978922 0.06687366 0.80421938 0.86102271
55.99125547 18.03096859 6.53780881 0.04156379 0.05480798 1.46189500 1.15826549
72.41225388 11.05563856 6.63938881 0.13755351 0.06591006 0.62958292 1.01900368
67.94881226 15.59736235 4.83077447 0.11456010 0.06282836 0.79800959 0.76698463
31.25190736 2.95671730 1.76583958 0.02884847 0.09219465 0.28129768 0.28129768
62.53734343 18.03645907 7.10563456 0.00754218 0.05675526 1.42982352 1.21714325
63.73481616 14.99681710 6.29033889 0.03814423 0.06462435 1.24311308 1.07134789
52.95385769 17.12526662 6.40261490 0.04033761 0.05068838 1.42750739 1.17831387
65.49522127 15.71827043 4.74278859 0.10941155 0.05413729 0.88217268 0.82991970
69.66232314 13.43780741 6.95178598 0.03457555 0.06838377 1.24517131 0.87173575
68.31018909 13.53803841 6.57141087 0.13544655 0.05648868 1.02448873 1.12855731
58.70405245 9.68249285 4.85420590 0.09679253 0.19514020 0.96760131 0.96760131
65.60958276 9.91758125 7.13728935 0.15161527 0.06097356 1.02841055 0.76401834
62.34126434 17.88147744 7.11150502 0.01427532 0.05351110 1.48868534 1.12783267
78.18199777 12.67361358 6.24773951 0.12414808 0.05335586 0.91682395 0.92373001
64.61994231 16.69120147 7.14169065 0.00508120 0.06056473 1.46271670 1.00780016
62.30195412 16.47509859 7.23440749 0.01119161 0.05599696 1.41041838 1.35488535
70.94497592 10.21749810 6.41129876 0.13065947 0.05116197 0.65495380 0.98929106
70.59047008 16.25525243 5.26236989 0.12094956 0.05495820 0.81218569 0.81445977
76.39947962 9.69593330 6.53101654 0.13984580 0.05212805 0.58830835 1.02160211
60.00445189 14.34451455 5.90977916 0.05178252 0.05087879 1.24907619 1.00372153
59.48298564 17.17879453 6.49678104 0.01244541 0.05374812 1.29802479 1.10395191
76.64869206 13.42850760 6.57837893 0.13053156 0.05483509 0.81959936 0.96926664
65.65881086 15.67791256 5.04774500 0.11793016 0.05351126 0.76920039 0.90412720
54.14076840 8.56448826 4.34083645 0.08549840 0.17802788 0.85351921 0.85351921
55.45824333 8.88726962 4.48905238 0.08875915 0.18296841 0.88645608 0.88645608
78.25585511 9.11025241 6.48269082 0.14761505 0.06060762 0.86595794 0.98056154
62.91521414 13.93884447 7.22056821 0.02005611 0.05928980 1.46111840 0.79458866
64.02085608 15.14408489 5.71677784 0.04075377 0.05552216 1.35884309 0.98333203
69.34961044 16.55830210 5.05456190 0.12362671 0.07403876 0.81060221 0.84968603
70.47930000 10.19213872 6.61490329 0.13357109 0.05454116 0.63420095 0.93234987
75.90634490 12.09264208 6.53488928 0.12360950 0.05667782 0.86889694 0.92681451
65.05483423 13.11921547 6.07386228 0.13389331 0.06870924 0.93562752 1.12454224
69.86623639 13.83707360 6.95901331 0.02763919 0.06704350 1.20725543 0.79172423
72.18874725 11.04006293 6.89744444 0.11781393 0.05379259 0.54674966 1.00854595
76.38236611 11.07074884 6.35944407 0.13839374 0.05411657 0.88915392 0.89774758
76.14518435 11.46133008 7.36026543 0.10454808 0.05125636 0.36903518 1.13780752
78.83522517 12.38166882 6.01129977 0.11991642 0.05079775 1.01559980 0.71939546
60.29264447 16.80192814 8.06144799 0.00855382 0.05572262 1.33571788 1.28272143
60.89393746 17.71016326 6.89400956 0.00414048 0.05688143 1.50469325 1.27545493
70.76272124 13.47921377 6.93330769 0.15021454 0.05615631 0.96355275 0.99244056
56.54684422 15.33880616 7.35054235 0.03160199 0.05546327 1.02473042 1.13196530
44.86627465 6.29223729 3.29745590 0.06254403 0.14324853 0.62165687 0.62165687
59.39455636 9.85166631 4.93188759 0.09850153 0.19772959 0.98486391 0.98486391
32.11327516 3.16775242 1.86274346 0.03098036 0.09542478 0.30283188 0.30283188
42.68247122 5.75720545 3.05177801 0.05713912 0.13505927 0.56706178 0.56706178
36.94317425 4.35107769 2.40610710 0.04293436 0.11353690 0.42357936 0.42357936
58.88957274 17.24806382 7.28520900 0.00768248 0.06499124 1.65139885 1.25538422
63.00875277 16.53050876 7.00126379 0.02746619 0.05943736 1.37761184 1.10393064
72.68309779 11.38544054 6.29736195 0.12687137 0.05750680 0.88081593 0.91115859
79.00224527 10.92053235 6.96104211 0.09618502 0.06596544 0.42762013 1.14103324
43.87250209 6.04876301 3.18565648 0.06008444 0.13952188 0.59681255 0.59681255
57.68859300 16.86811330 6.63618491 0.02724600 0.06597829 1.43029615 1.20354125
77.88032144 10.67071960 6.74710387 0.09691107 0.05707203 0.47755152 1.19133952
78.43694858 11.62086170 5.76537213 0.12325390 0.05815970 0.99784606 0.83092110
64.46936499 16.32069593 6.99283482 0.02519977 0.05395560 0.98811081 1.18689224
69.60313946 11.53135481 6.84858930 0.11944529 0.05103831 0.55599468 0.98179755
71.76173495 13.54893755 7.25242966 0.02602358 0.06362266 1.28317457 0.84404241
76.74145703 11.21430496 6.88802825 0.12120917 0.06293623 0.52420595 0.98367627
61.88164501 16.83534861 7.90012109 0.00373954 0.06361743 1.53107169 1.18037216
60.38696243 14.88041185 6.74267120 0.10515319 0.05251665 1.31578350 0.83404839
23.54546897 1.06863990 0.89886526 0.00977504 0.06329551 0.08863672 0.08863672
72.16895477 15.17418707 6.31133348 0.01537398 0.05882810 1.32574627 1.35686125
59.53827647 17.17409662 8.15394517 0.00171220 0.05926116 1.66237248 1.28927937
66.58970784 15.89520369 5.09620586 0.12079701 0.06826633 0.82374121 0.79320062
20.16231351 0.23976681 0.51826027 0.00140173 0.05060868 0.00405784 0.00405784
59.59334305 16.64959641 7.93219072 0.00364570 0.05603084 1.49095525 1.35964782
64.61785877 16.43548458 6.98562979 0.04384665 0.05783021 0.98080248 1.27015978
64.19945456 16.08720397 7.72109220 0.04607044 0.05771370 1.28761921 1.02041538
59.36724887 17.30709751 8.36038845 0.00440925 0.06264567 1.59922970 1.01951161
67.14467439 12.68537005 6.55484545 0.13377454 0.06198732 0.94418867 1.08053208
67.18486244 16.69043993 7.06390485 0.04422683 0.05688231 1.33247968 0.95822090
58.94207305 9.74080790 4.88098322 0.09738163 0.19603277 0.97355183 0.97355183
32.25938606 3.20354958 1.87918093 0.03134198 0.09597270 0.30648465 0.30648465
72.07340464 15.61381364 6.27284023 0.02324905 0.06354420 1.41248765 1.26583234
24.12152063 1.20977255 0.96367107 0.01120076 0.06545570 0.10303802 0.10303802
67.97916297 15.98595092 5.36611428 0.11288286 0.07008538 0.86803705 0.79135317
63.19457220 16.55098931 7.27422737 0.03176757 0.06228018 1.34865390 0.94749946
69.77343865 10.69546012 6.91374076 0.11999408 0.05995095 0.96249038 0.92305403
42.44498036 5.69902019 3.02506029 0.05655133 0.13416868 0.56112451 0.56112451
61.94879865 15.04120000 6.45596814 0.09704695 0.06429855 1.37430135 0.78841277
62.63580675 14.48813720 5.93762568 0.03696758 0.05113568 1.27290418 0.91114957
74.73237046 11.00888661 6.43400229 0.12688723 0.05831954 0.62787574 1.17998773
27.51991340 2.04237878 1.34599026 0.01961179 0.07819968 0.18799784 0.18799784
35.04392457 3.88576152 2.19244151 0.03823371 0.10641472 0.37609811 0.37609811
71.99567999 14.95565790 6.74299572 0.01478689 0.05062852 1.46327857 1.19950057
46.75867803 6.75587612 3.51035128 0.06722773 0.15034504 0.66896695 0.66896695
22.23419897 0.74737875 0.75134738 0.00652964 0.05837825 0.05585497 0.05585497
67.92411663 16.91319274 4.97561422 0.11586330 0.05961780 0.74516281 0.89334824
81.55885199 9.89047289 6.55676064 0.13834285 0.05129370 0.66609030 0.90376096
71.93825894 17.11135539 7.52156815 0.00707025 0.05403606 1.53241308 0.97907327
60.40783706 15.36544812 5.46431262 0.05437953 0.06010510 1.19384052 0.80181437
50.73951077 7.73118014 3.95819496 0.07708029 0.16527317 0.76848777 0.76848777
28.66346598 2.32254917 1.47463992 0.02244208 0.08248800 0.21658665 0.21658665
29.06819340 2.42170738 1.52017176 0.02344378 0.08400573 0.22670484 0.22670484
66.98250262 17.71873661 7.23063429 0.00254886 0.07522382 1.45926759 0.97862804
63.27600455 16.44023374 7.51651310 0.04196096 0.05961132 1.35063187 0.93781756
62.58850106 17.25142177 6.76039510 0.02618211 0.05859569 1.13083982 1.19057380
62.63811653 15.12657922 5.62524478 0.05228549 0.05916348 1.19182749 0.77630679
67.69690668 13.73751984 6.69786031 0.02699136 0.07644273 1.20274744 0.82434472
56.55690975 15.03565038 6.87050524 0.05282942 0.05668186 1.23854680 0.96926126
61.09208880 15.51509212 6.46416748 0.01477909 0.05368254 1.16302884 1.04750752
43.69801160 6.00601284 3.16602630 0.05965258 0.13886754 0.59245029 0.59245029
73.60617889 17.04297337 6.92513268 0.02898900 0.07548716 1.63676495 1.06306841
62.37224152 12.22391526 6.52619404 0.10199409 0.06763561 1.24254061 0.79069461
59.18937458 14.37464727 6.42504001 0.05189278 0.05932048 1.16921385 1.05882310
65.39546723 16.84831162 7.27083431 0.00799711 0.06015845 1.42200274 1.06018408
70.62749129 11.19557248 7.01860923 0.11793364 0.07108726 0.71820272 1.16974729
27.64431814 2.07285794 1.35998579 0.01991969 0.07866619 0.19110795 0.19110795
68.97954837 17.08885142 4.98785789 0.11386609 0.06528277 0.82296646 0.77783816
61.40198586 17.42014623 6.70395945 0.03363572 0.05660767 1.38133655 1.09579256
39.60492325 5.00320620 2.70555387 0.04952219 0.12351846 0.49012308 0.49012308
52.13476091 8.07301642 4.11516060 0.08053353 0.17050535 0.80336902 0.80336902
67.33968132 16.54219404 7.67113945 0.01075649 0.05521867 1.42160066 1.05622000
49.52350001 7.43325750 3.82139375 0.07407066 0.16071313 0.73808750 0.73808750
62.09822057 19.20055258 6.83897460 0.01676380 0.05116815 1.48916857 1.39458231
70.09506469 13.13965444 6.13360633 0.14798225 0.05780764 0.91802491 1.11769640
62.53747520 16.92298776 7.04515999 0.00919670 0.05082093 1.53285207 1.16109627
61.17852548 17.25661105 7.63072265 0.01139821 0.06674251 1.40352239 1.00963234
51.15433515 7.83281211 4.00486270 0.07810698 0.16682876 0.77885838 0.77885838
26.15294461 1.70747143 1.19220627 0.01622854 0.07307354 0.15382362 0.15382362
74.43194677 11.05741573 7.02713404 0.11725484 0.05274802 0.43160460 0.91566114
67.31292502 16.31005404 5.00428771 0.11988601 0.05463073 0.72016260 0.82832220
74.57985560 12.39291715 6.61247100 0.12130914 0.05081865 0.88155166 0.91459227
58.51402622 16.46289760 8.31342716 0.01066999 0.07082885 1.64257123 1.35270873
