84.00380903 23.69312638 16.97155283 0.31095174 0.06797789 0.78806065 0.36571604
65.71090396 29.24479482 16.47720235 0.23496242 0.05557363 1.75930471 0.18151248
33.41733906 3.48724807 2.00945064 0.03420791 0.10031502 0.33543348 0.33543348
93.46688609 21.22423247 19.45393853 0.30508792 0.06467364 1.44941889 0.12808053
81.23120607 24.47153729 17.40607715 0.29769327 0.05979338 0.95612005 0.40191405
80.55816469 26.37954225 18.75081578 0.31915347 0.06006158 0.96395619 0.06978306
90.22161773 21.23287382 19.27871437 0.31920969 0.05993580 0.91775260 0.08904080
57.91065944 9.48811156 4.76494919 0.09482888 0.19216497 0.94776649 0.94776649
77.97285389 30.96044427 15.04950508 0.26636045 0.06128759 1.88671811 0.23213202
86.80230864 24.47669080 18.44087053 0.32061314 0.06245972 0.95988467 0.09362493
87.55943924 25.21871760 18.72706864 0.32441369 0.07723778 1.01069674 0.10797890
57.24935536 9.32609206 4.69055248 0.09319215 0.18968508 0.93123388 0.93123388
109.23288205 23.06886524 19.93811799 0.31163723 0.05477007 1.30273294 0.22282157
82.68497142 24.67221451 18.81464529 0.32167938 0.05906094 0.94855475 0.11517411
96.38529956 21.24200713 17.78629538 0.34767418 0.06730903 0.84680936 0.08497876
78.15334355 30.16162460 15.31694804 0.26449040 0.05314261 1.75010326 0.17630346
79.63662775 27.01160029 17.39016443 0.21380257 0.05543930 1.13945045 0.55694452
79.28124949 24.40938853 17.01675482 0.20206687 0.05778918 1.44124049 0.43290465
43.95036992 6.06784063 3.19441662 0.06027717 0.13981389 0.59875925 0.59875925
79.48601471 24.29008868 19.08656053 0.31509831 0.07145670 0.99060972 0.18005532
26.32273798 1.74907081 1.21130802 0.01664878 0.07371027 0.15806845 0.15806845
34.29512256 3.70230503 2.10820129 0.03638043 0.10360671 0.35737806 0.35737806
84.97395502 24.40619483 16.89758071 0.30544681 0.05279606 1.00376971 0.15673855
37.91038412 4.58804411 2.51491821 0.04532820 0.11716394 0.44775960 0.44775960
51.82740265 7.99771365 4.08058280 0.07977282 0.16935276 0.79568507 0.79568507
75.07413691 30.37779381 15.76960561 0.25576144 0.05771447 1.76163718 0.03031324
20.97031250 0.43772656 0.60916016 0.00340152 0.05363867 0.02425781 0.02425781
63.18311493 33.47928854 14.08128267 0.24577965 0.06274090 1.67539643 0.43800450
72.24553631 28.59196139 15.75887229 0.23731495 0.06673546 1.37825088 0.12983167
58.54565110 9.64368452 4.83638575 0.09640049 0.19454619 0.96364128 0.96364128
73.71488495 30.19208151 15.79701841 0.24517127 0.07358182 2.02325383 0.07475854
79.33010130 23.94587929 16.98405827 0.34395911 0.06256445 0.90149903 0.25058396
89.80822000 24.62755600 19.01534050 0.30336563 0.05789881 1.01426749 0.03954718
77.14980613 25.32642820 17.43044120 0.30939134 0.05886618 0.81276980 0.38816497
82.47518794 25.57273558 16.80949858 0.20928516 0.05745361 1.43627884 0.55134343
86.94272231 26.23328549 18.72115181 0.33140780 0.05593774 1.01318966 0.13806274
97.39460399 21.11054555 18.97030632 0.33406790 0.06175306 0.59904558 0.09695587
20.44978596 0.31019756 0.55060092 0.00211322 0.05168670 0.01124465 0.01124465
55.60481777 8.92318035 4.50554200 0.08912192 0.18351807 0.89012044 0.89012044
64.08695466 32.73118432 13.96141351 0.24524143 0.05137443 1.74259327 0.35843597
44.80578008 6.27741612 3.29065026 0.06239431 0.14302168 0.62014450 0.62014450
73.13430668 29.09012221 15.63944404 0.23490620 0.06303484 1.45492404 0.18907402
39.56108879 4.99246675 2.70062249 0.04941369 0.12335408 0.48902722 0.48902722
28.34393159 2.24426324 1.43869230 0.02165123 0.08128974 0.20859829 0.20859829
107.26805659 20.43770285 18.94478190 0.30534222 0.05497049 1.16975499 0.20980748
87.43531219 24.74193356 18.72878432 0.31279883 0.06148215 1.03183350 0.07354031
78.90361824 26.31944611 16.85610160 0.21028118 0.05890493 1.16139755 0.40227209
109.49299882 22.48036707 19.35551407 0.31304430 0.05062685 1.30988173 0.19463888
70.19976144 29.33403033 15.06690933 0.23616059 0.06253397 1.90312173 0.01453838
78.08900714 25.99880463 18.41530501 0.30889031 0.05497887 0.99898048 0.04592973
34.40714318 3.72975008 2.12080361 0.03665768 0.10402679 0.36017858 0.36017858
92.77996058 20.70193046 19.06554703 0.31764656 0.05562300 1.01331087 0.18089341
60.17889327 32.09788132 14.59300889 0.24893899 0.06003153 1.79269363 0.40156493
48.77346353 7.24949857 3.73701465 0.07221432 0.15790049 0.71933659 0.71933659
92.42354348 21.14423241 19.02527398 0.31694129 0.06305490 1.18519923 0.03267700
45.79156170 6.51893262 3.40155069 0.06483412 0.14671836 0.64478904 0.64478904
92.06430616 21.67446320 19.49078878 0.32205247 0.05000787 1.03317142 0.20587065
45.89488408 6.54424660 3.41317446 0.06508984 0.14710582 0.64737210 0.64737210
42.36393879 5.67916500 3.01594311 0.05635075 0.13386477 0.55909847 0.55909847
20.47085093 0.31535848 0.55297073 0.00216536 0.05176569 0.01177127 0.01177127
79.63382566 24.54754919 16.33494460 0.33143059 0.05645347 0.85375407 0.28585768
88.93361953 23.85686687 17.90505403 0.31282655 0.06144637 0.82929664 0.13218933
110.07259674 23.14880394 19.50916287 0.30705614 0.05159999 1.32851618 0.24093110
111.33917383 22.64272576 19.40928152 0.31328855 0.06098078 1.37914423 0.24218571
33.76961746 3.57355628 2.04908196 0.03507980 0.10163607 0.34424044 0.34424044
50.86181347 7.76114430 3.97195402 0.07738299 0.16573180 0.77154534 0.77154534
91.70198067 23.09433900 19.40249623 0.31674870 0.05904277 1.03753115 0.07509286
78.64759914 23.77276063 17.05763629 0.31013463 0.05713768 0.88012953 0.33773532
87.79622408 24.08184943 17.19551494 0.31390626 0.06642176 1.05785766 0.19375957
52.39943457 8.13786147 4.14493639 0.08118860 0.17149788 0.80998586 0.80998586
81.97117627 23.87341765 16.67422399 0.32673378 0.05454313 0.97811148 0.18853360
47.94836009 7.04734822 3.64419051 0.07017219 0.15480635 0.69870900 0.69870900
70.02658482 31.43090375 13.94842109 0.22412643 0.06107116 1.71888013 0.33288043
66.06850072 28.71401974 15.06095127 0.23341631 0.05456553 1.34800844 0.27668738
72.81784791 29.44964120 15.06467997 0.23981107 0.06113129 1.90610946 0.10596897
80.85815407 26.03881634 18.83499973 0.32623299 0.05211650 0.95996818 0.24793020
51.10658282 7.82111279 3.99949057 0.07798879 0.16664969 0.77766457 0.77766457
60.09304728 33.60125467 14.00532251 0.23147639 0.05373864 1.67140122 0.37387795
66.82991149 29.36866192 15.60919827 0.23337714 0.05474655 1.33602008 0.05282462
91.50259119 22.08625043 18.95198634 0.32774564 0.05340303 0.98143033 0.10454399
58.00921544 9.51225778 4.77603674 0.09507281 0.19253456 0.95023039 0.95023039
24.27806839 1.24812675 0.98128269 0.01158822 0.06604276 0.10695171 0.10695171
65.51986142 32.26259300 14.01627935 0.22492576 0.05827645 1.74731217 0.28441104
69.49366386 28.74199861 15.02109708 0.23406196 0.06213512 1.31642786 0.20273128
67.83124405 31.99533740 13.96525432 0.22430189 0.06318917 1.72918103 0.31635293
53.79796268 8.48050086 4.30227080 0.08464996 0.17674236 0.84494907 0.84494907
64.63824992 29.24117740 16.26895888 0.24432081 0.06547168 1.80536238 0.30983710
37.21601411 4.41792346 2.43680159 0.04360963 0.11456005 0.43040035 0.43040035
75.71313108 29.02038948 16.06859795 0.23087877 0.05727634 1.59882270 0.08954061
82.24469647 25.04958219 17.13214736 0.30238772 0.05615707 0.85703295 0.45985847
43.09122702 5.85735062 3.09776304 0.05815079 0.13659210 0.57728068 0.57728068
86.56752152 24.00869007 18.90107060 0.29771361 0.06874192 1.04087012 0.11701632
75.54174160 24.48201063 16.57840960 0.30594838 0.06462757 0.93279105 0.31206791
79.48568351 30.21591117 15.49482799 0.24535559 0.06625324 1.99169168 0.00410351
42.63238467 5.74493424 3.04614328 0.05701515 0.13487144 0.56580962 0.56580962
81.31467196 23.79398599 16.61952035 0.33264936 0.06342332 0.91113726 0.27968848
78.53100251 31.56814713 15.49411481 0.24683998 0.05780493 1.91128259 0.30716053
86.66089608 27.71061148 19.14492636 0.33614727 0.05120646 1.14594717 0.08572647
39.96932728 5.09248518 2.74654932 0.05042409 0.12488498 0.49923318 0.49923318
54.76278595 8.71688256 4.41081342 0.08703790 0.18036045 0.86906965 0.86906965
83.85309276 24.06418100 20.46579826 0.32292741 0.05662903 0.82702588 0.30247755
67.68058797 28.18784476 15.25689646 0.23335943 0.06393361 1.35984595 0.18966471
39.65250006 5.01486251 2.71090626 0.04963994 0.12369688 0.49131250 0.49131250
90.40195281 21.77611249 19.14119446 0.33290196 0.05152383 0.99631209 0.10212363
86.15456117 24.05828215 18.84838241 0.31210403 0.07318358 0.96829807 0.12119270
92.66864685 22.90972182 19.76510770 0.31689297 0.05623678 1.37655707 0.18183736
80.13010409 25.56981092 16.99108968 0.21736296 0.05093120 1.17099078 0.53717336
78.20045953 25.62457244 18.60591231 0.31579460 0.05275112 1.06417154 0.09211999
69.69312369 29.52686122 16.18430761 0.24406578 0.06222400 1.37170162 0.21180939
73.29055327 31.14024756 15.04659499 0.25888553 0.06261660 1.87862812 0.17228649
103.60967528 20.04264221 19.59463059 0.30592550 0.05784683 1.17289352 0.16501847
59.37589569 32.50447084 14.16473922 0.24905950 0.05539565 1.62903794 0.49032434
92.17630752 20.24578985 21.36200261 0.33659529 0.05739576 0.94893025 0.36781421
83.98439996 26.50660992 16.61835117 0.20628331 0.05141530 1.09135680 0.69390072
85.83375456 25.76144529 18.67431500 0.33021599 0.05204211 0.90982172 0.19673487
55.37773303 8.86754459 4.47999497 0.08855989 0.18266650 0.88444333 0.88444333
78.88561152 30.70563682 14.54701712 0.26689700 0.05194049 1.82050113 0.20486105
81.39177956 26.32177850 16.65290992 0.21092103 0.06284055 1.21098784 0.64568902
34.82913289 3.83313756 2.16827745 0.03770210 0.10560925 0.37072832 0.37072832
64.43556013 31.48777425 14.13661886 0.23987769 0.06280147 1.63611025 0.38447379
37.69338464 4.53487924 2.49050577 0.04479113 0.11635019 0.44233462 0.44233462
108.56669274 20.43413477 19.09152229 0.31051914 0.05910285 1.21051153 0.11147697
86.25755068 25.94217999 18.46067318 0.31640770 0.05845039 0.96337751 0.01378878
86.87871645 22.69403613 19.22290540 0.33358535 0.05298839 1.08924265 0.01957751
82.49761339 24.30348169 17.14120338 0.30803415 0.05317423 0.87937625 0.27712696
79.86782852 25.16954983 16.87453580 0.31229607 0.05799379 0.91445677 0.38149768
105.92322070 19.69839480 19.36708529 0.30092065 0.05154830 1.20263036 0.14222186
99.94451915 20.79667268 18.25926494 0.35016289 0.05593803 0.91988081 0.02726539
