78.95064335 23.95112955 10.35315790 0.06165416 0.06173677 1.10245705 0.91087271
50.65566581 7.71063812 3.94876240 0.07687277 0.16495875 0.76639165 0.76639165
106.34183648 14.51986122 10.60568385 0.14685589 0.05053388 0.72338269 0.37186358
37.66135736 4.52703255 2.48690270 0.04471186 0.11623009 0.44153393 0.44153393
69.12149919 24.95710662 11.66204990 0.06889604 0.05332153 1.64218524 1.31982245
88.78949638 19.27467877 9.20532783 0.15711803 0.05885535 1.66410010 1.00692511
108.52945209 12.80491617 12.44347609 0.16600614 0.06533491 0.36883385 0.85499554
82.40872492 22.47934144 11.92515539 0.03015429 0.05923692 1.28966228 0.76863857
73.39427122 23.80996105 11.70825347 0.09147001 0.06020744 1.48186983 1.02423552
101.09282607 15.04140441 11.65269248 0.15761259 0.05625527 0.28192844 0.58930164
105.13251691 16.97370227 10.22084098 0.14445516 0.05463606 0.57520005 0.63933638
44.74802838 6.26326695 3.28415319 0.06225137 0.14280511 0.61870071 0.61870071
74.32819649 21.91502638 11.50305909 0.07744345 0.06115665 1.72212361 1.31157563
104.49678608 15.60279740 10.68660632 0.15842323 0.05435245 0.32668681 0.72405942
79.13927387 23.16222630 11.67389285 0.02373334 0.05814418 1.31142072 0.88173830
79.76404579 22.90302093 11.22076296 0.10238503 0.05414910 1.59047962 1.23081232
75.79427929 25.96457187 10.61544288 0.03958642 0.06504293 1.23994741 0.92749851
50.43113600 7.65562832 3.92350280 0.07631706 0.16411676 0.76077840 0.76077840
53.44571444 8.39420004 4.26264287 0.08377814 0.17542143 0.83614286 0.83614286
40.86586170 5.31213612 2.84740944 0.05264301 0.12824698 0.52164654 0.52164654
81.84460217 23.92552359 10.82142995 0.06296827 0.06089825 1.33134914 0.95728396
31.69840482 3.06610918 1.81607054 0.02995355 0.09386902 0.29246012 0.29246012
101.65436518 14.99078025 11.73678416 0.16053144 0.05537338 0.20685243 0.59197685
20.39056478 0.29568837 0.54393854 0.00196665 0.05146462 0.00976412 0.00976412
26.89731241 1.88984154 1.27594765 0.01807085 0.07586492 0.17243281 0.17243281
56.31592983 9.09740281 4.58554211 0.09088193 0.18618474 0.90789825 0.90789825
101.06945359 14.04989428 11.65705347 0.16906954 0.05421309 0.13000722 0.76226586
97.96560610 15.94206341 11.38540156 0.14324763 0.05173363 0.14983134 0.75878960
85.06035544 19.03494491 9.56516557 0.15658700 0.06437461 1.62158998 1.01881830
74.12482060 22.73581129 11.06575347 0.10771002 0.05617981 1.40021019 1.07525701
39.38851994 4.95018738 2.68120849 0.04898659 0.12270695 0.48471300 0.48471300
66.42640091 21.93792099 11.87289696 0.08979489 0.05934623 1.58850290 1.24183429
83.99598199 23.95950635 10.72394229 0.05828663 0.06288759 1.14279346 0.86898413
101.37227784 15.37262487 11.37099309 0.15705528 0.06667385 0.28054299 0.79405950
101.39417068 14.49779620 11.74920477 0.15958073 0.05638315 0.24416158 0.69214124
47.39548642 6.91189417 3.58199222 0.06880383 0.15273307 0.68488716 0.68488716
79.74376084 23.36246264 10.72377625 0.06047461 0.05817840 1.26487536 0.98914884
72.57627636 23.13095109 11.32629340 0.10258625 0.06490389 1.47448073 1.19078268
109.74698445 13.28154569 11.48026583 0.17497446 0.06725577 0.29858267 0.78776305
103.07360220 12.33696114 12.02448840 0.17606469 0.06313933 0.41280801 0.83781972
59.05999852 9.76969964 4.89424983 0.09767350 0.19647499 0.97649996 0.97649996
75.18255710 22.59584500 11.73648268 0.10246415 0.06357848 1.46593251 1.08906729
98.54149536 16.57831631 10.59988344 0.14803125 0.06291454 0.54304433 0.70547610
86.96053353 19.26563718 9.49802684 0.15581539 0.06939156 1.71834899 1.04139674
79.27958515 22.63805385 11.10153771 0.06135469 0.05304511 1.29855023 0.94372625
107.00823469 12.13839878 12.19670643 0.16958620 0.06088813 0.23205364 0.82439849
62.79882356 25.58637437 11.05813024 0.07578545 0.05580955 1.66204812 1.25338603
27.97247467 2.15325630 1.39690340 0.02073187 0.07989678 0.19931187 0.19931187
35.54368371 4.00820251 2.24866442 0.03947062 0.10828881 0.38859209 0.38859209
106.35761031 14.04662634 11.02652792 0.16210380 0.05272337 0.23766370 0.84901494
74.35094255 26.03274834 10.10693239 0.02932737 0.05310363 1.37827736 1.01342791
102.85366390 15.59737612 10.90119790 0.13916246 0.05447361 0.26722674 0.72748561
51.67480473 7.96032716 4.06341553 0.07939514 0.16878052 0.79187012 0.79187012
66.31034750 22.41615981 11.16774177 0.07975525 0.05595670 1.66141522 1.43797966
112.33264633 13.93209986 11.37742712 0.16943353 0.05696840 0.39213125 0.88870741
77.89058465 23.00959610 10.80168758 0.09238196 0.06026008 1.54689941 1.18671057
59.76075517 9.94138502 4.97308496 0.09940787 0.19910283 0.99401888 0.99401888
83.45091386 21.66496268 11.53478992 0.08353356 0.07275230 1.41050784 1.19053989
88.57125957 15.67629764 10.18904080 0.19763478 0.05649295 1.32526100 0.80039813
103.60838576 15.05796228 11.75086288 0.15885268 0.05811817 0.20873713 0.59449836
109.19852542 13.89447652 11.29582507 0.16664988 0.05733750 0.35947790 0.56324442
74.47384009 19.80342756 11.28463480 0.11378438 0.06751186 1.73024247 1.15026967
105.27631874 14.72438386 12.06574465 0.15478273 0.05292356 0.30974068 0.71935039
75.02815356 23.25760651 11.78890994 0.09545960 0.06030889 1.46384281 1.13440995
126.08115720 14.50225540 10.26232667 0.17409139 0.05156900 0.25760528 0.71333097
78.20792886 26.91273855 10.24784119 0.03380234 0.05878919 1.22169770 1.00008545
103.97309218 15.23968683 10.46615513 0.14259063 0.06802127 0.33029307 0.61153745
117.96870152 13.88221332 10.80282878 0.16908635 0.05976054 0.43584403 0.58837597
24.51879370 1.30710446 1.00836429 0.01218401 0.06694548 0.11296984 0.11296984
79.01161857 26.46265657 9.53393534 0.03177714 0.05107060 1.38619645 0.60943899
110.08630930 14.20506310 11.65947435 0.17305418 0.05567102 0.17570104 0.81087306
76.78679627 24.32930443 10.54080129 0.06175885 0.06129728 1.22337278 0.79575322
102.30307292 13.19708841 12.27942260 0.17164473 0.06685500 0.37541663 0.82243552
105.78483405 12.71480683 11.24355638 0.16608903 0.05165721 0.31720732 0.58541492
103.89762382 14.38497029 11.62168263 0.15753293 0.05118018 0.17512667 0.85437980
107.75434905 16.06973619 10.43957057 0.15838419 0.06460570 0.18449418 0.69427390
104.87983355 14.49886388 11.34676127 0.17816129 0.05348646 0.33810759 0.88616433
100.33149149 15.49893559 11.06038999 0.14179569 0.07420625 0.17023599 0.81906555
88.23171841 16.56979366 10.75612387 0.18795954 0.05846589 1.09991654 0.74802406
88.79847284 19.23954691 9.71403535 0.13837672 0.06083539 1.67515924 1.06420906
68.96978909 21.46253750 11.12924066 0.12486781 0.06362610 1.43238361 1.13825727
75.37082966 23.21062018 11.56668513 0.10016091 0.05498048 1.46876018 0.99238681
52.52764208 8.16927231 4.15935973 0.08150591 0.17197866 0.81319105 0.81319105
58.44049477 9.61792122 4.82455566 0.09614022 0.19415186 0.96101237 0.96101237
107.33516801 13.66701620 10.31475734 0.14645892 0.05521003 0.68998216 0.49795566
28.91844340 2.38501863 1.50332488 0.02307315 0.08344416 0.22296108 0.22296108
104.78966564 13.70980853 11.27008064 0.14421966 0.06082325 0.72152610 0.37335475
73.75735134 23.45439381 10.56805938 0.11192223 0.07399203 1.62018659 1.14013012
66.36931600 22.42746566 11.44300456 0.09060959 0.06837193 1.66120374 1.40885595
86.98690665 18.48110355 9.09807755 0.16020058 0.05586706 1.67037872 1.06790844
57.29109591 9.33631850 4.69524829 0.09329546 0.18984161 0.93227740 0.93227740
106.82786226 13.61952358 11.88122986 0.16411662 0.06293250 0.17874023 0.88422846
84.88937071 18.48844532 9.78483032 0.13360301 0.05362996 1.57082695 1.08609050
80.36781200 23.57227537 11.13378598 0.05439384 0.05367095 1.32309635 0.85224471
64.76197503 23.10789615 11.88737058 0.07410726 0.05238508 1.72490488 1.17166605
105.25496586 14.22528825 11.87217382 0.16798320 0.06512690 0.18533545 0.77778642
32.80752723 3.33784417 1.94084681 0.03269863 0.09802823 0.32018818 0.32018818
95.86557841 15.08656611 11.51991032 0.15762378 0.05930611 0.15581131 0.77854611
98.76254331 15.15252713 11.53726161 0.15597421 0.06473572 0.12864426 0.83960764
88.71374605 17.05081316 10.74344578 0.17586204 0.06289875 1.29601212 0.86725747
99.34824399 14.09586192 11.95099102 0.16640105 0.05426746 0.21296867 0.70128651
102.29788911 15.44707045 11.92155631 0.15305902 0.06237203 0.32471908 0.56920137
114.40541577 12.76417879 11.35004442 0.17553265 0.05409759 0.22288843 0.82195481
58.20703108 9.56072261 4.79829100 0.09556240 0.19327637 0.95517578 0.95517578
104.44181155 11.43820742 11.81165880 0.15731045 0.06607527 0.33610260 0.64312766
80.23367505 23.17470148 11.02742470 0.06746671 0.05057559 1.30274209 1.01107328
98.73686499 13.54718998 12.00883326 0.16968944 0.05334508 0.31819494 0.65980015
78.15273952 22.32435043 10.96598365 0.10220346 0.08013029 1.52333423 1.17182563
124.30557448 14.10301500 10.24338150 0.16525008 0.05217908 0.35173697 0.53904870
47.23185584 6.87180468 3.56358378 0.06839884 0.15211946 0.68079640 0.68079640
75.15545924 22.55998440 10.40446960 0.10663789 0.05210170 1.48896666 1.25202351
99.59955937 15.28042084 11.64795466 0.14696638 0.05848834 0.38126832 0.81349708
73.96890709 24.22778790 10.33228770 0.06865369 0.06094852 1.22052346 0.79289254
72.51195934 23.67287396 11.36343966 0.10241835 0.06021554 1.51451477 1.05163987
91.25694431 16.91429004 10.71511051 0.16887073 0.05363978 1.25058540 0.76191432
106.40705840 13.19511588 11.21702830 0.16067922 0.06083271 0.35089918 0.64492418
88.06280563 15.83545123 10.20211992 0.19303744 0.05576223 1.21857982 0.74754127
65.56900093 25.42789783 11.05160470 0.06967497 0.05302395 1.68978738 1.26345061
87.76372843 16.14566255 10.84394943 0.19385093 0.05914134 1.25154958 0.71529070
124.80590105 14.99851379 10.33580247 0.18953205 0.05245673 0.39970593 0.60306840
80.16278908 22.48147034 10.75843096 0.09769144 0.05971712 1.53365242 1.17355972
70.52670093 21.94167800 10.91692829 0.12430591 0.06704279 1.45659644 1.16614006
74.36523317 23.23267727 10.97182708 0.10452016 0.05882326 1.57443719 1.27927861
26.33760162 1.75271240 1.21298018 0.01668556 0.07376601 0.15844004 0.15844004
45.94662647 6.55692349 3.41899548 0.06521790 0.14729985 0.64866566 0.64866566
35.02460878 3.88102915 2.19026849 0.03818591 0.10634228 0.37561522 0.37561522
69.02301132 22.85678819 11.98934257 0.08630514 0.07107037 1.68700789 1.14379771
80.27651013 23.34398575 11.12388317 0.04019494 0.06754235 1.33436170 0.77614998
