34.52280277 3.75808668 2.13381531 0.03694394 0.10446051 0.36307007 0.36307007
56.85058281 11.97232236 5.43977783 0.10280498 0.05823689 1.04710649 0.94583378
25.51753929 1.55179713 1.12072317 0.01465591 0.07069077 0.13793848 0.13793848
61.27949748 11.87038290 6.04097989 0.09994746 0.07068631 0.89088786 1.18502798
47.50069359 6.93766993 3.59382803 0.06906422 0.15312760 0.68751734 0.68751734
65.22111474 11.49254407 5.69840574 0.10968767 0.07218376 0.56074951 0.99669933
61.07045902 13.27891646 6.27480812 0.10186990 0.05266633 0.81878687 0.79349924
62.89061377 12.65879638 6.12403821 0.00224180 0.07131735 0.99177979 0.99024902
31.97198782 3.13313701 1.84684863 0.03063067 0.09489495 0.29929970 0.29929970
58.36063546 12.52412683 5.86757807 0.02797149 0.05652158 1.29017313 1.11730329
64.48097946 13.89779892 5.62487555 0.01523088 0.05633311 1.46550273 1.04815516
65.81908678 12.68765358 5.62984468 0.00276590 0.07065447 1.02288019 0.89509234
62.20910617 13.74302963 6.17954789 0.02398887 0.05944993 1.14887088 0.83671437
56.27677378 13.25553476 5.80682465 0.09859494 0.05517085 1.08935625 0.89981937
55.31227518 11.38223293 5.75704916 0.10388606 0.06097998 0.95620162 1.03286725
63.69745465 12.61767496 6.32126162 0.02069127 0.06527500 1.18929268 0.84386525
37.42135655 4.46823236 2.45990261 0.04411786 0.11533009 0.43553391 0.43553391
74.90686879 9.83832691 5.92907317 0.12502810 0.05731057 0.77509959 0.95683963
57.62004013 12.68755425 5.87344496 0.01440122 0.05557055 1.25252507 1.03285562
20.43512007 0.30660442 0.54895101 0.00207692 0.05163170 0.01087800 0.01087800
64.68751843 11.68744981 5.83620175 0.02271627 0.06010708 0.83313283 0.93814334
61.12749805 13.79950443 6.64106488 0.01446703 0.05778950 1.24809737 1.03550362
65.44367904 8.68897174 6.02806136 0.13797636 0.05561725 1.09523055 0.96898829
64.68910904 14.04475481 5.92455546 0.02115289 0.06289084 1.49110954 1.14319930
60.63468297 12.31374522 4.97679500 0.02344506 0.06535584 1.15563046 1.06133342
60.48669970 13.17843559 6.07021729 0.10419794 0.05994869 0.90128666 0.82601860
52.34560239 8.12467258 4.13888027 0.08105537 0.17129601 0.80864006 0.80864006
63.06087420 9.32912313 5.44991599 0.12657365 0.05217639 0.84538368 0.75394067
61.72046638 12.43087341 5.22089149 0.11568666 0.05583331 0.46134420 0.99117416
58.86087169 12.82813842 6.15737466 0.01614961 0.08066904 1.28043120 1.04771085
63.79715782 13.41465206 7.27554696 0.01754578 0.05128793 1.24676246 1.10320427
54.27482458 8.59733202 4.35591776 0.08583019 0.17853059 0.85687061 0.85687061
55.78924765 10.92623685 6.07597445 0.10974055 0.05325108 0.99646736 0.80395030
54.37844178 13.30498821 6.22833139 0.02904307 0.05589466 1.09196988 0.84813077
72.76216400 9.50635031 5.81537315 0.12208584 0.05886153 0.57705420 0.99148776
43.00402482 5.83598608 3.08795279 0.05793496 0.13626509 0.57510062 0.57510062
45.41390998 6.42640794 3.35906487 0.06389943 0.14530216 0.63534775 0.63534775
63.47042438 13.92739184 5.88620444 0.01712437 0.05104315 1.33424174 1.19059067
66.22896669 10.64098502 5.47474522 0.08984837 0.05428728 1.17535932 0.79442996
28.27998675 2.22859675 1.43149851 0.02149297 0.08104995 0.20699967 0.20699967
64.86398196 12.11456573 5.99554037 0.10893467 0.06460804 0.91836099 1.10668041
66.50244248 13.14450469 4.50867358 0.05330561 0.07268702 0.88730786 1.05031476
65.29316383 7.93171172 6.02410283 0.13161443 0.05728178 1.15299198 1.09113056
58.85258892 11.94284141 5.44869858 0.10179064 0.06985413 1.10596770 1.02167944
58.70456422 12.79757041 5.75161710 0.10547208 0.07136844 1.14797089 0.86673784
63.33565848 11.92413577 6.29315929 0.03102910 0.05504828 1.24178468 1.09694255
36.55661444 4.25637054 2.36261912 0.04197762 0.11208730 0.41391536 0.41391536
56.27303095 13.42183030 5.95618582 0.01250337 0.06884283 1.37607523 1.00336470
61.08755269 14.25487190 6.52500586 0.01529168 0.05142020 1.26266592 1.06888522
60.69036075 10.82683687 5.87048955 0.10309403 0.06328657 1.00224885 0.79255604
25.44040944 1.53290031 1.11204606 0.01446501 0.07040154 0.13601024 0.13601024
26.93518387 1.89912005 1.28020819 0.01816458 0.07600694 0.17337960 0.17337960
57.48567385 10.23777406 6.47937712 0.11793644 0.05591757 1.03588124 0.85450220
32.93044859 3.36795990 1.95467547 0.03300286 0.09848918 0.32326121 0.32326121
69.99945200 11.39278932 4.85618890 0.11435713 0.05393903 0.76656464 1.00215970
59.87240982 9.96874041 4.98564610 0.09968421 0.19952154 0.99681025 0.99681025
51.22272342 7.84956724 4.01255638 0.07827624 0.16708521 0.78056809 0.78056809
53.54862448 8.41941300 4.27422025 0.08403285 0.17580734 0.83871561 0.83871561
67.64699103 13.91660385 6.26089524 0.01946448 0.05822411 1.31650053 0.96570902
67.61176246 10.79954983 6.50182831 0.03029943 0.06070815 1.20875838 1.03801975
69.15973547 14.58566839 7.13818714 0.02144476 0.05530449 1.23936541 1.03434581
66.86266338 10.63001002 5.84453968 0.08398804 0.05615009 1.11825794 0.74830234
55.22247053 11.99844783 5.89998707 0.10519116 0.06432726 1.11916932 0.83179906
65.01148890 9.23007003 5.47633573 0.12813498 0.05554266 1.09705151 1.04207089
60.02644915 12.22356125 5.80573919 0.02206670 0.05177368 1.28664616 1.15225916
36.96311572 4.35596335 2.40835052 0.04298371 0.11361168 0.42407789 0.42407789
61.36677948 12.99789239 6.19808524 0.03148792 0.06334784 1.22374457 1.03129641
59.59019194 12.67167578 6.57014076 0.02402055 0.05635065 0.92023565 0.76380598
71.95745262 12.16312237 4.22974709 0.12364491 0.06195334 0.72207034 1.01200004
55.72433965 13.54385664 6.30665599 0.03179825 0.05945415 1.06326239 0.85077215
46.36954999 6.66053975 3.46657437 0.06626464 0.14888581 0.65923875 0.65923875
56.48738599 13.64631344 6.14146313 0.01037784 0.05710719 1.44169228 0.99186509
62.55289908 14.12730842 6.29368704 0.01231868 0.05152085 1.22584905 1.08819600
73.03349872 12.36460299 4.70861042 0.12016668 0.06804580 0.62201371 0.96045019
25.15447144 1.46284550 1.07987804 0.01375732 0.06932927 0.12886179 0.12886179
25.96706357 1.66193058 1.17129465 0.01576848 0.07237649 0.14917659 0.14917659
31.15612120 2.93324969 1.75506363 0.02861140 0.09183545 0.27890303 0.27890303
48.90730276 7.28228918 3.75207156 0.07254557 0.15840239 0.72268257 0.72268257
57.32449994 12.43733057 5.85884672 0.11122530 0.05430907 1.07231607 0.82615818
62.33647281 13.13680719 5.46703783 0.11749219 0.06052707 0.80048644 0.99104596
60.97551629 14.17823386 7.05480892 0.03163403 0.05129088 1.29297477 1.06321233
61.02321325 11.60228295 6.22458119 0.02274910 0.06942724 0.92001715 0.90932004
52.16597199 11.84765347 6.14482110 0.10373269 0.07253015 1.10642993 0.85201628
57.38010367 12.12966157 5.47331026 0.10753926 0.06127786 0.99919126 1.01314766
58.11740689 9.53876469 4.78820828 0.09534058 0.19294028 0.95293517 0.95293517
59.52396764 11.97468171 5.43075295 0.09790704 0.06134188 0.98658662 1.05710502
63.67316917 12.06187073 6.21079613 0.02173777 0.06188908 1.25544330 1.04460766
63.38885257 11.58639977 5.01750648 0.10268301 0.05695878 1.05367728 0.94504349
58.91397213 13.16318624 6.34474833 0.01767086 0.05901246 1.33836106 0.95756564
20.08580710 0.22102274 0.50965330 0.00121237 0.05032178 0.00214518 0.00214518
64.71484840 13.32971457 5.90120837 0.00735254 0.05139028 1.49872434 1.19488194
55.31290406 13.16885995 6.62587740 0.03238417 0.07116229 1.06220389 0.79902114
67.34451034 11.03500076 5.89477343 0.02316760 0.05992061 0.66314485 0.78885613
30.07342699 2.66798961 1.63326054 0.02593173 0.08777535 0.25183567 0.25183567
60.71984202 11.34104526 6.18168383 0.10101494 0.05186278 0.96680088 0.74775469
37.79725200 4.56032674 2.50219085 0.04504820 0.11673969 0.44493130 0.44493130
66.60410761 13.68294834 6.84090268 0.02477205 0.05631915 1.29362302 1.09719598
56.62077065 10.62960360 6.24552907 0.10153652 0.06059250 0.89689066 0.89127587
67.98122745 11.80971405 5.49853752 0.11876796 0.06470474 0.97532003 0.80068075
68.85078030 11.25141446 6.01942197 0.12403077 0.05491360 0.78574383 0.88609211
64.53093638 11.54161413 5.64493917 0.09791505 0.06045110 1.03365735 1.05441252
62.16708588 14.46760929 6.71297198 0.01665767 0.06212212 1.34638735 1.02145893
67.75240355 12.78902928 5.16611007 0.10344199 0.05625357 0.90222665 0.86503204
69.00010084 10.64784569 5.92732088 0.12041837 0.07023003 0.68605351 0.96091822
65.79931169 9.75061473 5.99202666 0.13117481 0.05191047 1.11424667 1.02474570
54.74959826 12.98759028 5.55988571 0.01713964 0.05368435 1.24650526 1.01536632
61.59763151 12.32478997 6.51382029 0.03281169 0.07932401 1.17527590 0.80833963
45.17147737 6.36701196 3.33179120 0.06329941 0.14439304 0.62928693 0.62928693
21.84578604 0.65221758 0.70765093 0.00556832 0.05692170 0.04614465 0.04614465
57.63910551 14.16848773 5.73822894 0.10183879 0.05613753 0.98309853 0.94411084
67.14156926 12.19273436 4.83907540 0.11036976 0.05588948 0.95714198 0.89607217
66.35751657 12.91843996 4.38741277 0.05058058 0.05070658 0.83157930 1.05020641
58.94481538 12.73467908 5.72695432 0.01889242 0.06131447 1.27063346 1.16248590
64.12217338 12.46928853 5.83143885 0.11998611 0.06078162 0.71772996 1.00615451
63.55523437 13.74665813 6.97010077 0.03940891 0.05633415 1.27524728 1.04847648
65.28879853 13.79061876 6.43119586 0.00874674 0.05467632 1.16083443 0.86079442
71.23919536 11.21095184 4.78784782 0.13201186 0.05344969 0.87059868 1.07742998
61.51455472 13.11558046 6.67023178 0.01666797 0.05143427 1.24235869 1.09154771
46.11875713 6.59909550 3.43836018 0.06564392 0.14794534 0.65296893 0.65296893
59.58059925 11.20444825 6.10373954 0.02032765 0.06303674 1.31758249 1.06634519
65.36953250 10.28718318 6.01466177 0.08652091 0.05433556 1.17927518 0.82492762
41.22362470 5.39978805 2.88765778 0.05352847 0.12958859 0.53059062 0.53059062
59.76625853 13.10302319 6.18056462 0.03383211 0.05588180 1.19072101 0.72495486
58.16491303 12.69385451 5.58169896 0.10348624 0.07133232 0.96223312 1.03379642
69.69439403 9.67995272 5.17554065 0.13441958 0.05511855 1.06721495 1.04294367
60.72185558 13.16760967 6.86694490 0.02565847 0.07712484 1.18520034 0.72229927
69.07400679 11.98692236 5.64303456 0.13075065 0.07288960 0.85246303 0.89238114
57.16631153 10.80769234 5.71171997 0.02877886 0.05044322 1.33480148 0.88297452
