115.10324917 15.87020296 17.81981035 0.20811053 0.06187878 1.48991301 0.16508945
47.41090222 6.91567105 3.58372650 0.06884198 0.15279088 0.68527256 0.68527256
92.92711488 21.49233098 16.22334275 0.25920428 0.05259491 0.91854998 0.35383666
114.42278196 17.84686604 17.61216115 0.20628875 0.06762527 1.52830655 0.27961861
88.88945760 22.77176719 17.21712729 0.20195992 0.05431811 0.71434440 0.58254827
102.24672541 17.19355730 17.01755928 0.20383600 0.05484385 1.43167477 0.30695653
95.66587991 22.38420756 16.74252178 0.26164573 0.05276999 0.82299303 0.54551782
99.20678805 24.20114619 17.40309161 0.24988660 0.06234974 1.02555144 0.67544645
61.93646599 34.20198158 13.30298015 0.14411610 0.05308555 1.62377943 1.20634426
71.13634752 26.27447675 13.32396685 0.23723115 0.06959394 1.05173055 0.21432022
92.83766056 21.64738305 15.91553805 0.27476938 0.05564594 0.88666598 0.29377320
81.86369668 21.30636467 17.46647422 0.20694401 0.05548986 0.53609191 0.55456713
27.25144699 1.97660451 1.31578779 0.01894733 0.07719293 0.18128617 0.18128617
71.42472465 32.31053021 13.10989902 0.13631759 0.05153487 1.81024753 1.33608401
75.12082543 26.24125403 13.22061044 0.23676925 0.05773792 1.23367021 0.32270364
68.18252227 26.47292481 13.78911110 0.23222413 0.05148337 1.11383276 0.38785539
48.91526513 7.28423996 3.75296733 0.07256528 0.15843224 0.72288163 0.72288163
104.16920696 17.14317976 17.68405132 0.20998275 0.06856529 1.60094162 0.13540933
77.31720902 26.20562687 13.18855470 0.23322240 0.07373831 1.17693756 0.41919997
97.28752901 21.81365382 16.97791680 0.26152446 0.06588606 0.84233634 0.64491156
105.15328122 22.18934096 16.46016582 0.26615565 0.06005575 0.71794014 0.57126327
102.60214073 17.83513263 17.80427702 0.20897427 0.06740241 1.57805363 0.19254037
23.15789962 0.97368541 0.85526371 0.00881580 0.06184212 0.07894749 0.07894749
105.99380772 16.03280426 17.97828899 0.21829985 0.05886623 1.42563153 0.16251004
97.90957160 22.77773238 17.75343142 0.24386010 0.05270562 0.96142361 0.61065857
39.32695801 4.93510471 2.67428278 0.04883422 0.12247609 0.48317395 0.48317395
98.55674942 17.45534911 17.62212772 0.22345178 0.06640353 1.60333821 0.17070584
71.40122363 32.85701643 13.33834192 0.13133344 0.05630772 1.76320022 1.31472516
97.35978100 22.93621736 17.05477472 0.27600669 0.05989674 0.85764761 0.58494207
96.70621869 23.10760220 17.09105114 0.27354065 0.06504341 0.89296813 0.55974123
76.77712166 25.33843491 13.11953945 0.23131298 0.05681721 1.38111098 0.37998453
103.32478036 17.69281812 17.84899081 0.20922866 0.05462299 1.54770772 0.17310475
29.98214972 2.64562668 1.62299184 0.02570582 0.08743306 0.24955374 0.24955374
49.26124470 7.36900495 3.79189003 0.07342158 0.15972967 0.73153112 0.73153112
27.13466593 1.94799315 1.30264992 0.01865830 0.07675500 0.17836665 0.17836665
55.40096864 8.87323732 4.48260897 0.08861740 0.18275363 0.88502422 0.88502422
88.92341854 22.00318623 17.01633902 0.20051032 0.06780576 0.63843459 0.69168269
105.45672697 15.91147476 17.89328895 0.22297105 0.06808422 1.43860132 0.13085472
77.51544896 26.35226233 12.29332726 0.24050842 0.07263798 1.29072195 0.60378583
75.83256870 32.96761418 12.53552356 0.15626203 0.06206035 1.67706435 1.42480551
103.42894315 22.29892732 17.99084876 0.22886811 0.06468362 0.79754994 0.58349629
102.42322827 21.74308712 17.49254868 0.25135194 0.05095796 0.68722184 0.73615424
53.25018745 8.34629593 4.24064609 0.08329421 0.17468820 0.83125469 0.83125469
108.29970864 17.26262857 18.27746504 0.20269939 0.05122873 1.42935975 0.11027028
104.10549078 21.05443585 17.21483973 0.27291420 0.05567606 0.73780003 0.58450378
36.87531256 4.33445158 2.39847266 0.04276640 0.11328242 0.42188281 0.42188281
87.65591977 20.55186811 18.16740285 0.19559384 0.05288880 0.67086065 0.73370342
111.76085013 18.93130472 17.76755614 0.19242016 0.06538258 1.58051072 0.24718105
68.16272542 31.04174684 12.75780763 0.13279895 0.06706979 1.75559657 1.34115542
105.76181295 15.33424830 17.76553411 0.22820647 0.05980668 1.48220498 0.07797159
43.56575970 5.97361113 3.15114797 0.05932526 0.13837160 0.58914399 0.58914399
105.69156774 22.88775861 16.22428647 0.27232572 0.05485518 0.77831426 0.43700261
113.06164049 15.24250106 18.60154385 0.19708115 0.05142322 1.49929312 0.21671708
98.73528454 21.23106425 17.39286579 0.24634723 0.05296269 0.90619225 0.61408344
46.28089876 6.63882020 3.45660111 0.06604522 0.14855337 0.65702247 0.65702247
38.75082347 4.79395175 2.60946764 0.04740829 0.12031559 0.46877059 0.46877059
108.21829664 22.60351737 16.61803996 0.26188515 0.05525149 0.75041131 0.50383659
48.65737373 7.22105656 3.72395454 0.07192700 0.15746515 0.71643434 0.71643434
106.87654747 16.34307800 17.51409696 0.20733002 0.05645346 1.36787510 0.18249624
115.92322041 16.71129525 17.05632806 0.19242734 0.05837191 1.63379408 0.34781156
59.34293669 33.54162279 13.16104117 0.14798374 0.05688392 1.92563596 1.43961883
77.28588461 25.06870602 13.06902531 0.23452539 0.05708637 1.19844983 0.15234884
113.79756867 16.60899058 17.58439012 0.20489956 0.05995197 1.41254809 0.27477523
119.84527707 15.84400343 17.86264975 0.20229261 0.05370245 1.02660236 0.13176582
81.64905818 27.81476116 12.66434931 0.23657627 0.06092653 1.26223781 0.43734400
100.75969279 18.50200648 17.16358357 0.20634853 0.06891316 1.43757340 0.18675860
109.86299149 18.06023533 18.02980846 0.20913334 0.05762569 1.45987622 0.13674055
104.62384616 21.88770315 16.74497865 0.27149729 0.05637600 0.79661370 0.61772647
63.19052352 31.05257156 12.98073429 0.14793562 0.05879512 1.64658942 1.36528521
89.63344692 22.60002633 16.99822405 0.27976461 0.06141948 0.87149564 0.52549449
103.19433925 21.32237139 17.53883252 0.25612693 0.06053626 0.88595143 0.58915801
106.20916394 20.91177603 17.68914281 0.25777700 0.06072129 0.84922882 0.65020336
91.06347079 22.75125403 17.03983023 0.20134925 0.06071553 0.68781426 0.66466492
78.04876483 25.66772018 13.88355531 0.23320755 0.05596124 1.32934636 0.38229104
103.31941929 17.77862575 17.79040919 0.21175134 0.06277637 1.67547928 0.23380875
72.08577011 25.84374576 13.82514955 0.22823630 0.05030792 1.30727751 0.46711934
59.85841001 34.34340655 13.27791277 0.12389744 0.05295300 1.87795295 1.49236255
77.34372797 26.64006821 13.08514701 0.23234491 0.05117351 1.40789297 0.30053794
90.33983624 22.90427987 17.05504557 0.20706503 0.06155019 0.69315637 0.67998896
86.81180052 24.00667826 16.72660881 0.20029624 0.06995137 0.76820177 0.67904357
57.79961747 34.80646817 12.95664820 0.15002761 0.05687414 1.64989166 1.21115291
110.59329927 21.48912846 16.07143867 0.27421551 0.06526756 0.73271487 0.56121342
21.35117785 0.53103857 0.65200751 0.00434417 0.05506692 0.03377945 0.03377945
96.80614549 21.46302633 16.54978318 0.27790590 0.07002448 0.78092545 0.62807610
36.59789162 4.26648345 2.36726281 0.04207978 0.11224209 0.41494729 0.41494729
55.30463429 8.84963540 4.47177136 0.08837897 0.18239238 0.88261586 0.88261586
114.40708601 17.55994113 18.41465015 0.20959551 0.07283171 1.42893655 0.22940302
106.88243611 15.26279112 18.31867051 0.21685115 0.06527440 1.40109061 0.01060405
111.02364952 16.77948321 18.02051601 0.21124080 0.05745031 1.51803634 0.22428864
102.51153490 20.85433914 17.77518528 0.25070123 0.07038235 0.68197767 0.73087328
115.05441109 16.34251211 17.63150573 0.21337045 0.05481474 1.51576497 0.23028138
99.49008495 23.77810759 17.12516669 0.24494500 0.06624092 0.91551486 0.63080329
55.14708742 8.81103642 4.45404734 0.08798904 0.18180158 0.87867719 0.87867719
25.00932035 1.42728349 1.06354854 0.01339807 0.06878495 0.12523301 0.12523301
126.94560050 17.51388545 17.45073323 0.18443178 0.05557779 1.34554416 0.28880122
79.16877100 28.41199423 13.59473222 0.24507635 0.07748402 1.33068967 0.50087057
20.15606812 0.23823669 0.51755766 0.00138627 0.05058526 0.00390170 0.00390170
89.62479698 21.56322100 16.67085057 0.26440680 0.05727715 0.88073277 0.36141066
22.27950331 0.75847831 0.75644412 0.00664177 0.05854814 0.05698758 0.05698758
68.15369239 31.64260697 13.60962324 0.13294584 0.05780893 1.81951906 1.43181001
85.39855219 23.91703413 17.15521721 0.19721439 0.05495555 0.62198557 0.62939719
75.15045225 25.03244502 13.38746297 0.23877563 0.05329167 1.31454091 0.42582136
104.51317094 20.52904737 17.20429060 0.25250552 0.05001420 0.95613788 0.63720644
93.43963237 21.21430725 17.01144681 0.25745597 0.05158082 0.89714780 0.59695165
25.26065110 1.48885952 1.09182325 0.01402011 0.06972744 0.13151628 0.13151628
104.05423967 17.17597268 17.92376828 0.20753606 0.07904502 1.67347051 0.26857855
77.97139334 32.88550240 14.00143748 0.16583280 0.05194379 1.67296529 1.43115618
68.81019163 31.13004050 13.51774932 0.14132472 0.05546378 1.76400617 1.41189500
92.27277966 21.37991533 16.53206207 0.26815139 0.05231977 0.98127731 0.39933050
119.06494196 16.30079595 17.20349946 0.22075026 0.06098612 1.59760892 0.08587375
93.81889819 21.97576652 16.20718451 0.26252221 0.06550438 0.98562877 0.35372833
87.81983316 21.74177375 15.72059053 0.26351014 0.06403771 0.94712624 0.37989838
103.79550763 21.19490373 17.19682929 0.27060080 0.05781604 0.78717934 0.67577346
77.47856451 31.99733405 13.77193496 0.17030630 0.06001070 1.79837842 1.44520602
124.04416315 17.57686805 17.83396399 0.18118618 0.05715441 1.37067669 0.26114834
80.11424683 26.37731977 13.15572264 0.23422986 0.06529370 1.37609777 0.21849988
26.79020864 1.86360112 1.26389847 0.01780577 0.07546328 0.16975522 0.16975522
99.85537677 22.23653606 17.46666646 0.25097097 0.05774228 0.67647149 0.69031380
114.61816216 15.69815043 17.45136357 0.19307244 0.05009250 1.56439192 0.26363488
89.23003503 22.57285970 16.95379957 0.26231029 0.06112722 0.89682092 0.51540011
79.85384680 25.70068657 13.43245845 0.24463370 0.05802172 1.35262501 0.45569141
62.68452644 32.83926094 13.00171662 0.13628771 0.05163191 1.93691797 1.42307440
127.91392976 17.01647871 17.99033652 0.17733876 0.05413226 1.37634907 0.35154045
76.62846187 26.49049219 13.21691020 0.24341866 0.05600130 1.34847429 0.39017849
120.36145316 16.26022339 18.31118495 0.20001250 0.05845044 0.88819459 0.15859737
63.53398418 32.05066421 13.62258385 0.15476429 0.05239976 1.79368622 1.31070862
34.62291799 3.78261491 2.14507827 0.03719172 0.10483594 0.36557295 0.36557295
61.39083027 32.84152390 13.27697891 0.12910382 0.06479929 1.92822296 1.54663050
