55.07273497 17.06380893 6.95872331 0.02818793 0.06379970 1.38312352 1.19082315
77.58677671 11.29325342 6.62460042 0.12074451 0.07491743 0.91594799 0.92730173
51.80555199 7.99236024 4.07812460 0.07971874 0.16927082 0.79513880 0.79513880
66.13204965 14.73186678 5.94878206 0.04637502 0.05209870 1.10964144 0.85149564
57.02377106 16.58207367 6.67140743 0.02355960 0.05805434 1.44054407 1.07493401
45.73092788 6.50407733 3.39472939 0.06468405 0.14649098 0.64327320 0.64327320
69.87753133 14.31915785 6.24267820 0.01862878 0.06511179 1.21790726 1.04933176
43.04665717 5.84643101 3.09274893 0.05804048 0.13642496 0.57616643 0.57616643
66.60698454 14.97270987 7.26244349 0.01377650 0.06085105 1.18908870 1.08945575
57.37037995 9.35574309 4.70416774 0.09349169 0.19013892 0.93425950 0.93425950
63.34616970 12.30455651 6.50124039 0.11376369 0.06438417 1.10054327 0.80190186
58.12071824 13.41978416 6.28922549 0.10185676 0.06277250 1.19448136 0.90814568
61.45989883 16.57467960 6.81488176 0.03460648 0.05603929 1.05033810 1.16757957
57.96572871 16.32884518 6.93552544 0.01893107 0.05986352 1.34806957 1.15864576
77.15533999 8.14479192 6.77941692 0.15259947 0.06388017 0.99987747 1.02092947
49.31837817 7.38300265 3.79831754 0.07356299 0.15994392 0.73295945 0.73295945
75.81820712 9.71547768 6.76034807 0.10425519 0.06182592 0.93360492 0.86241950
71.31363184 10.51660320 6.80866339 0.11126690 0.05199696 0.88268182 0.86520930
29.87441531 2.61923175 1.61087172 0.02543918 0.08702906 0.24686038 0.24686038
61.50484898 14.40133231 7.16088507 0.02084982 0.05052970 1.03816156 0.92404232
59.46440550 9.86877935 4.93974562 0.09867440 0.19799152 0.98661014 0.98661014
78.09676148 10.10940616 5.64422817 0.11529163 0.06353640 0.82802968 0.73838968
30.68635365 2.81815664 1.70221479 0.02744873 0.09007383 0.26715884 0.26715884
67.18776193 12.06326019 5.89678504 0.12952417 0.05118540 1.07967742 1.05637836
26.94145718 1.90065701 1.28091393 0.01818011 0.07603046 0.17353643 0.17353643
65.78800506 14.86940486 6.90966335 0.02012062 0.05125694 1.22668628 1.06714584
66.41868150 13.85761832 6.30954834 0.01564585 0.05721453 1.31604570 1.00529827
65.93845618 15.16324462 7.54786628 0.01994799 0.06577941 1.26495179 1.08256100
78.02204782 10.64859160 6.44818364 0.12799178 0.05140926 0.74223630 0.98412745
58.81066022 14.41460056 5.58201407 0.12255902 0.05267867 0.80516119 0.79262456
57.20665082 15.71465753 6.49975241 0.02953345 0.05918422 1.24297973 0.92983508
64.92201090 14.29166919 6.81573198 0.02176535 0.06784539 1.31553080 1.03034649
68.01173439 10.92216532 5.40465548 0.13208013 0.06455943 0.98044504 1.05178668
67.94293230 13.99862383 6.46515650 0.02347195 0.06681188 1.24117666 1.10497180
61.71573467 14.29878094 5.95512333 0.04549587 0.05371954 1.22087088 0.84977507
60.85722174 13.55368289 6.11242826 0.11102478 0.06347386 1.18355158 0.98651346
61.00633232 14.35356464 7.16886167 0.03048288 0.06073328 1.33470378 1.07536962
66.84504387 14.48447537 7.18152571 0.02118846 0.07651126 1.28096994 1.04636640
59.41192482 17.22048170 7.16012003 0.02825867 0.07025448 1.33611691 1.15185825
71.20423100 11.08703705 5.70550442 0.13239918 0.06033074 0.77059695 0.80547543
74.87006436 8.30930686 6.66057368 0.15318950 0.05080578 1.01634415 0.95793257
71.15127304 9.97513845 6.16690447 0.12812394 0.05001169 0.84826806 0.83272254
47.40710876 6.91474165 3.58329974 0.06883259 0.15277666 0.68517772 0.68517772
55.27265294 14.93566377 7.19534871 0.01982966 0.05628400 1.41288803 1.12348998
64.96479854 10.38515630 6.75892356 0.16290664 0.05139796 1.08173773 0.78870157
62.68942244 13.65016807 6.51360378 0.10766224 0.06274699 1.27059974 0.87029118
69.93200731 16.07556177 5.00864791 0.13085214 0.07084385 0.87529605 0.94461099
42.53568400 5.72124258 3.03526445 0.05677582 0.13450881 0.56339210 0.56339210
59.52792458 14.53038861 5.64296728 0.03024562 0.05707715 1.03339403 0.76585735
62.17684806 14.08019511 7.36229424 0.03070082 0.05934676 1.08194420 0.89830279
62.01910889 12.26667177 5.54918608 0.12296068 0.06030281 0.76978249 0.81659708
54.52474315 15.68330528 6.75390405 0.02115350 0.05615017 1.39231582 1.14561047
53.14593691 8.32075454 4.22891790 0.08303619 0.17429726 0.82864842 0.82864842
74.85589618 11.70077760 6.98099619 0.12801439 0.05968128 0.86770846 0.91979655
80.05765437 9.15709418 6.28185830 0.11655269 0.05966662 0.56662101 0.97336739
62.30922676 13.62323603 5.71958379 0.03940649 0.06635169 1.27831816 0.88249934
57.95685424 15.02418340 6.46853405 0.01410501 0.05241487 1.32480560 1.09601765
59.40490393 16.38115780 6.69798879 0.01801352 0.06353243 1.44793287 1.15957981
39.44651761 4.96439682 2.68773323 0.04913013 0.12292444 0.48616294 0.48616294
33.91566475 3.60933786 2.06551228 0.03544127 0.10218374 0.34789162 0.34789162
56.66362186 9.18258736 4.62465746 0.09174246 0.18748858 0.91659055 0.91659055
71.70950907 8.38043845 6.74625267 0.16065834 0.05863977 1.05057826 1.05275181
67.45836108 14.78947426 6.70045699 0.02339498 0.05358464 1.19775682 1.00823522
51.83123019 7.99865140 4.08101340 0.07978229 0.16936711 0.79578075 0.79578075
62.19023856 13.25229624 5.92736694 0.10797122 0.05542727 1.14279768 0.95453554
71.19026600 13.84402232 7.03183385 0.02642937 0.06578551 1.38389989 0.86329164
22.70266034 0.86215178 0.80404929 0.00768908 0.06013498 0.06756651 0.06756651
28.06602910 2.17617713 1.40742827 0.02096342 0.08024761 0.20165073 0.20165073
64.91169343 12.35598908 6.08214417 0.07914916 0.05424375 1.22936468 0.86030457
62.08106457 16.51881782 6.84918270 0.02006676 0.06515571 1.48031707 1.08971902
56.47709963 15.55077851 6.87264368 0.02620240 0.05960214 1.45406466 1.12170403
76.31181889 9.29647338 6.44339212 0.15179334 0.05280560 1.03323499 0.89977686
65.74572429 11.12941616 5.99415158 0.11975329 0.08157646 1.00070437 1.10026709
58.52704397 9.63912577 4.83429245 0.09635443 0.19447641 0.96317610 0.96317610
36.40406144 4.21899505 2.34545691 0.04160005 0.11151523 0.41010154 0.41010154
69.91554304 10.71493758 6.91357597 0.10228016 0.06555431 0.92495227 0.83405032
47.02245938 6.82050255 3.54002668 0.06788059 0.15133422 0.67556148 0.67556148
68.11454389 12.38597557 7.33954504 0.03035225 0.05084250 1.16926606 1.10106177
60.21060467 13.49775079 6.91130159 0.03038443 0.06361805 1.07675440 0.93516039
60.43226487 14.85553840 6.67398683 0.01241394 0.05229052 1.49638835 1.23665790
73.89150834 11.12199664 5.87567537 0.08626439 0.05274539 1.06675514 0.61600592
78.61171285 11.06382503 6.25302190 0.12827352 0.06143190 0.77207014 1.03257298
81.44873236 8.76345147 6.27386141 0.10797996 0.05552121 0.61928010 0.86364785
22.60732616 0.83879491 0.79332419 0.00745313 0.05977747 0.06518315 0.06518315
72.00257540 15.77345653 7.13751263 0.00982990 0.05922848 1.49344241 1.19786563
71.34395268 11.49782836 6.10048852 0.11202686 0.05222388 0.44029713 1.06317912
51.06587474 7.81113931 3.99491091 0.07788804 0.16649703 0.77664687 0.77664687
54.76957904 12.85766872 5.85662744 0.11094592 0.06612266 1.18423843 0.97537380
20.11526840 0.22824076 0.51296770 0.00128529 0.05043226 0.00288171 0.00288171
61.08102441 13.34629831 6.17820730 0.04620362 0.07245483 1.17962905 0.70054770
21.88255910 0.66122698 0.71178790 0.00565933 0.05705960 0.04706398 0.04706398
69.99976261 14.01523304 6.31484487 0.01711387 0.06378810 1.33350458 1.09348265
58.61881262 15.23665740 6.57257060 0.03018707 0.05617952 1.17662006 1.02973520
59.75211618 9.93926847 4.97211307 0.09938649 0.19907044 0.99380290 0.99380290
61.78030862 15.68042689 5.31150144 0.12932651 0.07156308 0.73803036 0.83744727
65.79345015 11.69022940 5.82348421 0.12987091 0.07445007 0.98173940 0.97132112
70.58292039 13.94781505 6.51359976 0.02090623 0.05416641 1.28572081 1.15940987
59.28570147 16.35554279 7.23129884 0.00820299 0.05098617 1.47178616 1.08124941
37.89299593 4.58378400 2.51296204 0.04528516 0.11709873 0.44732490 0.44732490
42.27246885 5.65675487 3.00565275 0.05612436 0.13352176 0.55681172 0.55681172
61.59031799 16.68223347 7.25581584 0.01994178 0.06377910 1.29684839 1.24648359
76.01580501 10.17853867 6.95299723 0.11743922 0.06279192 1.03843477 0.91917025
55.65002929 16.80904883 6.42407675 0.01444412 0.05288869 1.33133230 1.06087531
62.46776895 15.55299964 7.25597133 0.01164366 0.05057069 1.29637964 1.15228398
81.56813703 9.13749229 6.33302806 0.09997819 0.05107003 0.54206171 0.96020232
56.02407173 17.47507395 6.27816998 0.03026745 0.06378996 1.36052967 1.30104669
43.79815284 6.03054745 3.17729219 0.05990043 0.13924307 0.59495382 0.59495382
58.30090514 16.94377592 6.88209664 0.02435321 0.06351369 1.43534782 1.15268536
63.20169172 13.45950527 5.25447122 0.12091243 0.05310035 0.83338626 0.79780067
58.34357636 14.88625343 5.75975082 0.11501456 0.05317103 0.73503912 0.83829770
59.20179380 12.65627129 6.20192827 0.03559314 0.05129990 1.10554474 0.70322116
65.44037545 15.73364302 7.37319165 0.01593002 0.05845171 1.28947096 1.24180382
54.71548271 8.70529326 4.40549180 0.08692082 0.18018306 0.86788707 0.86788707
48.91636531 7.28450950 3.75309110 0.07256800 0.15843637 0.72290913 0.72290913
60.37284290 14.49196852 5.53920297 0.11666868 0.05383231 0.82211758 0.78812966
71.89942989 11.77439238 6.60990984 0.09663299 0.06369503 0.43488460 0.93179867
56.77462616 17.73530811 5.69449944 0.02396324 0.05394004 1.30132248 1.24080144
60.30116097 16.62895932 6.48219786 0.01929959 0.06456183 1.36944103 1.14097531
69.38856757 13.70291747 6.98531220 0.01393533 0.05605827 1.10611514 1.11172402
56.90211204 15.10207385 5.66828902 0.03213577 0.07244119 1.52091043 1.21783587
62.18787094 15.31337862 5.61599656 0.11582279 0.07359443 0.76962965 0.81012500
40.41221722 5.20099322 2.79637444 0.05152024 0.12654581 0.51030543 0.51030543
62.66988264 16.81998690 6.81127535 0.02141717 0.05174795 1.38527230 1.26171733
35.57182947 4.01509822 2.25183082 0.03954028 0.10839436 0.38929574 0.38929574
63.43196841 12.20458156 6.07740441 0.11703333 0.05256144 1.12994082 0.75966120
70.08165325 14.69434632 6.97830871 0.02596953 0.05520664 1.35774006 0.88235866
61.52031389 14.21071818 5.58582700 0.04119074 0.05299496 1.15330203 0.80504470
58.07074716 14.31048022 7.15798276 0.03098406 0.07080838 1.38261023 0.94629100
