58.78141826 8.34248372 4.31141235 0.08941789 0.05397865 0.69572363 0.27912652
30.56349600 8.47592327 3.51097456 0.05800182 0.08310219 0.36845911 0.33720686
25.67704558 0.99908226 1.80842629 0.01633141 0.08408820 0.41005855 0.54479364
50.15558785 8.83721021 4.52717140 0.08974263 0.06336711 0.63908874 0.22326028
58.04459187 8.53415547 3.84935252 0.08261185 0.05779101 0.78112881 0.22537333
36.43650374 2.65852819 4.01269320 0.03830236 0.07746238 0.42158302 0.81350215
24.45698062 9.94819961 1.94361341 0.01709070 0.11712350 0.41823818 0.73516237
52.72063361 9.16220192 4.60941773 0.06963171 0.05352810 0.37678213 0.06192837
58.58720282 0.85597113 2.19373916 0.06727703 0.05044052 0.28809922 0.03635531
51.38004333 9.21192066 4.35309155 0.08468455 0.06364745 0.57853770 0.06530595
35.62784843 9.22707915 4.97278450 0.01253954 0.11102172 0.45777413 0.35137682
45.96324211 6.27119309 3.35112790 0.09440313 0.12138826 0.23764923 0.17000283
54.63301590 8.71473133 4.45454789 0.08826820 0.05365532 0.62523964 0.35775978
53.16017292 6.54726538 0.73425111 0.00881726 0.17775052 0.46129535 0.83640761
58.72007923 8.74579955 4.50472470 0.07994138 0.05361482 0.34300059 0.74246385
58.46876082 9.47140526 3.94498453 0.05318254 0.12221277 0.15238224 0.45032086
26.31049572 4.36168290 1.09249644 0.05513397 0.15710680 0.75783877 0.60672486
57.34413733 8.51280204 3.59593999 0.08548849 0.05580237 0.40135431 0.19939449
59.37110928 8.69055238 4.38413199 0.05563808 0.05355940 0.40773346 0.36546879
41.08962215 4.01337745 1.91670101 0.09486673 0.12644638 0.22106956 0.41615681
55.60004165 9.08617181 4.05969377 0.08291530 0.05585886 0.38947875 0.09228576
56.13302775 8.92499526 3.69421384 0.09582692 0.05886057 0.57348447 0.14781406
50.46210661 6.06881925 4.77972702 0.07803052 0.17884968 0.08934444 0.95321465
22.63219796 8.76589451 3.26884579 0.08651409 0.19306086 0.15374037 0.22141372
48.94268559 9.59872806 3.95656933 0.06667850 0.05950145 0.72528118 0.00082458
56.78586817 9.52063181 3.31620515 0.06884207 0.05473784 0.88410730 0.06788771
51.87733898 9.73650393 3.56070990 0.08630015 0.06249503 0.43592578 0.31029028
53.42566314 8.69030098 4.07514020 0.08702424 0.07094139 0.71596944 0.41646482
50.28093023 9.82036253 4.56088571 0.09452296 0.06328736 0.55127763 0.26803101
59.26165946 7.38278688 4.28746137 0.08425960 0.05348658 0.78821837 0.12650787
53.99981705 4.05190144 0.59070098 0.04517660 0.14894282 0.29600869 0.26107228
56.36717756 8.47732832 4.72501315 0.06895741 0.06925866 0.15305965 0.18785054
21.22653482 3.84363576 2.38461769 0.05773378 0.19161467 0.07525719 0.63843465
57.11004885 8.29396898 4.98536536 0.08338537 0.06817151 0.62732766 0.46920079
58.81888476 7.43951851 4.76458632 0.08094676 0.06543746 0.64487065 0.47204048
51.33356807 9.41299513 4.23956023 0.06666447 0.06281349 0.35243126 0.20534871
48.79346666 2.31847162 3.50632481 0.08585857 0.10659832 0.24822482 0.23447007
55.82446989 8.29930038 4.50702196 0.08395069 0.06793195 0.73975350 0.36237635
24.04015966 0.82445912 0.69381355 0.00625260 0.18198997 0.26069492 0.54838358
42.95339746 4.25086132 2.90245757 0.04553633 0.07671443 0.95193746 0.24511617
46.85588719 9.59878015 4.61167129 0.07615382 0.05328016 0.57206636 0.07329116
46.13748652 9.62492076 4.26971643 0.07875355 0.05814117 0.61954434 0.11806218
50.15342140 9.41602117 4.99687524 0.09972411 0.05040137 0.47944649 0.01642796
54.13124872 9.10184429 4.79059114 0.07029139 0.07891083 0.76138834 0.35125181
51.28404804 8.21969226 2.38494909 0.01140108 0.11571360 0.97179144 0.50488206
47.27938467 6.41590415 3.29881817 0.05453430 0.11249644 0.80484801 0.09362145
54.62700748 9.35001443 4.44158333 0.07535481 0.05513975 0.72536037 0.15123901
21.40356141 9.06089625 1.62205346 0.08704988 0.15191742 0.52799498 0.56315520
57.41627098 8.66433169 3.18846529 0.08033027 0.07594755 0.44957988 0.08670490
59.33988960 7.46713420 4.45306218 0.08067430 0.06167822 0.62656477 0.44093153
52.02732518 0.97822674 4.19246901 0.07828272 0.19343608 0.06044689 0.67960665
56.32119184 8.58223486 4.36825647 0.09129963 0.05349220 0.75294897 0.28571956
52.14111431 7.61960414 4.95979033 0.07379059 0.06278727 0.67062302 0.16701862
40.45655040 5.93060022 1.18608372 0.06989320 0.09613529 0.02185872 0.60172357
56.86912941 8.49289474 4.63373891 0.08894641 0.06196762 0.53142735 0.29555419
54.61225714 9.23059712 4.94692002 0.09885495 0.07041621 0.60137976 0.64517041
57.78617714 7.84874353 4.73715577 0.08594915 0.06028479 0.72042185 0.35236012
56.40964400 8.21981354 4.18461970 0.08839537 0.05174170 0.70768881 0.12326828
55.83516089 9.82296988 4.41608382 0.08561586 0.07205273 0.63194960 0.09219191
57.84704773 9.97646006 3.99805115 0.09243171 0.05995000 0.69161311 0.17382095
56.24367380 8.41654974 4.22109081 0.08262300 0.05832566 0.41753368 0.02077572
53.20934874 8.94827195 4.33044236 0.08364832 0.07646465 0.77604608 0.21757874
23.11636286 5.95902707 3.05409712 0.03231279 0.14522784 0.93284823 0.91646507
26.24848192 2.54998461 3.64408381 0.01935214 0.12634649 0.99225684 0.38058947
51.72541639 8.70506082 4.83477424 0.05098549 0.05936060 0.75445535 0.43388180
52.76565099 8.91082875 4.36515261 0.09141607 0.06077372 0.82700783 0.09971074
54.71073525 8.48720272 4.67861376 0.08708960 0.06500426 0.62444341 0.25364541
33.13568698 1.93807891 1.08828321 0.09775589 0.10272686 0.71790710 0.79315361
52.46595575 9.27823133 3.94154149 0.07618065 0.05630291 0.65529414 0.26034229
50.54719237 9.14942315 4.30744295 0.08256885 0.07114001 0.40169436 0.26534247
39.14175178 4.26201585 2.56942890 0.04038324 0.05557751 0.11418852 0.67805461
51.48877033 8.57979199 3.69264265 0.08000763 0.05647681 0.71354508 0.29682591
58.47771058 8.70020834 4.13479360 0.07363200 0.07661293 0.79015323 0.37032316
37.70907689 8.83906693 0.68966079 0.03564515 0.08494962 0.27024348 0.13077163
59.86349471 7.16802448 4.83718839 0.05141647 0.05265634 0.73690471 0.20801420
58.66709940 2.98037310 1.72387286 0.05499753 0.06608277 0.94812348 0.80978668
52.76552061 9.14224977 3.60036434 0.08557226 0.05332988 0.71637852 0.26194077
27.86943138 1.98079038 1.11629371 0.09356550 0.17166188 0.33909496 0.48143020
34.25012168 7.82517145 3.52973443 0.08188678 0.06713168 0.63820139 0.86209270
46.82190923 5.01307346 2.27414679 0.00934778 0.09628648 0.76883137 0.80053095
55.25782942 9.23209558 4.87763620 0.06713271 0.05549471 0.85282574 0.11357051
57.17336162 9.09894231 3.71192370 0.08333141 0.05144115 0.41645600 0.03535510
59.48072437 7.45867530 3.76817995 0.08630082 0.05172728 0.52938091 0.04245699
57.01587781 8.89031701 3.89263402 0.09628256 0.05874501 0.84581253 0.18097929
55.18624706 9.71399489 4.45721969 0.08410167 0.06105096 0.77723172 0.16551138
52.82436380 7.41906765 3.34785677 0.08725092 0.16954045 0.26113800 0.40101345
56.28081345 9.09772762 3.97091476 0.04712396 0.06639898 0.52223080 0.35973280
56.89636368 8.93711546 3.69240702 0.07254619 0.07802858 0.78331976 0.19636332
58.69226147 8.80862469 4.59708756 0.08016268 0.07308609 0.53734365 0.34555326
21.80388902 9.31583862 1.34942128 0.05812228 0.17070867 0.30244901 0.14308807
56.43673809 7.52908938 4.87780664 0.06635426 0.05131666 0.78809787 0.23465489
49.62902010 9.42745741 4.31352876 0.09328590 0.06625551 0.64558658 0.17581378
48.71726647 9.93797190 4.25127179 0.06955740 0.06444527 0.75515543 0.17087561
46.09975139 9.30404881 4.03252293 0.07157345 0.05753492 0.57116146 0.11675920
58.77114287 7.21581486 4.52096997 0.07820562 0.05074633 0.72000491 0.40880122
53.10787571 9.96137425 3.74855508 0.08401722 0.05970379 0.76951986 0.19991601
33.97780511 7.65185842 1.66132774 0.09167945 0.05989942 0.69650190 0.66083500
58.56970744 7.49563958 3.91862959 0.08378600 0.06649386 0.75932068 0.35089904
24.88904404 4.81425797 2.87799936 0.05177029 0.19150317 0.36486610 0.37573056
22.33430460 6.01078039 2.24615501 0.08787534 0.16192391 0.80589313 0.31369119
49.73832201 6.26370056 1.18025731 0.00976655 0.19726901 0.62469381 0.82885569
29.73295364 2.76515752 3.42332393 0.07296380 0.14814736 0.58959443 0.61823810
43.59619837 9.27508262 4.51515729 0.08341741 0.05255121 0.64382840 0.10828556
47.13414292 1.65637897 4.26044149 0.06029307 0.17131377 0.11543672 0.16888313
52.89847111 8.12629415 3.80496497 0.07783804 0.05009332 0.50819518 0.03901427
59.65222202 9.33137175 4.28021791 0.09171272 0.06140385 0.34454837 0.64986192
51.77816514 9.46317368 4.15268106 0.08050814 0.07267396 0.42871995 0.25452960
57.15114395 8.93307312 3.73808321 0.07712270 0.06707893 0.49993241 0.09703765
55.99763603 8.28557965 4.78954631 0.09093143 0.06308118 0.38433951 0.65470392
58.47848168 8.65790210 4.35353517 0.07965071 0.05961705 0.57608677 0.37241881
48.15266563 2.03348385 4.21104498 0.03423127 0.13737791 0.49791087 0.82541602
51.70902947 9.49597693 3.93450487 0.08671839 0.05041629 0.58141456 0.18609442
58.43390718 0.40320782 3.90699493 0.07661951 0.14376813 0.11761067 0.54085759
52.83781035 9.25027209 3.75561855 0.07372190 0.06913105 0.46880807 0.28708473
54.99655330 8.70393596 4.71923488 0.08518285 0.08621708 0.80080716 0.22681553
43.65010948 4.47670573 2.15490453 0.09825854 0.10267052 0.38653478 0.86711595
23.51033409 6.15703487 3.79675421 0.06373292 0.06363865 0.32295293 0.40809057
59.33910939 9.55228084 3.93466204 0.07799753 0.07422074 0.66708435 0.23468092
52.77574083 9.76418736 3.10451088 0.09992733 0.08616996 0.09018930 0.63509268
52.93604568 7.24902601 4.20573037 0.08118889 0.06605478 0.71185106 0.21524112
56.12378630 8.48487749 3.43706890 0.09867763 0.06255001 0.51840697 0.30873192
33.94830954 6.56166604 4.14119358 0.03380882 0.07573307 0.05814626 0.22013135
26.91673465 4.06895562 4.17757756 0.02497295 0.07542209 0.23928174 0.22690114
28.25951282 2.63910675 1.36225448 0.06171623 0.19278673 0.86310701 0.95251559
53.47429320 9.62887053 4.35562663 0.07235803 0.07255569 0.68668198 0.27112793
57.73277186 9.20276653 3.15811987 0.08220749 0.05318080 0.64223646 0.27162937
57.91935200 1.94315962 0.56599646 0.03479563 0.10447671 0.35134074 0.39654716
37.98525474 5.54362811 4.08353256 0.07598871 0.19846337 0.18596243 0.23234741
