31.21795671 6.00134577 0.62383722 0.09937531 0.10510659 0.61964788 0.50408720
48.76863450 6.36416062 4.74711106 0.07142385 0.06629959 0.61163180 0.98857236
50.42706490 9.15278765 1.43181057 0.05136384 0.06879500 0.40136459 0.21107185
53.60890316 8.53639178 3.72329000 0.05735017 0.05449071 0.37296495 0.86038881
49.24226520 9.10733872 4.19606926 0.03605841 0.06036037 0.25577271 0.10843104
32.91092157 4.45318170 1.26597593 0.06106014 0.05126210 0.13973895 0.50760334
55.79914364 8.68395892 3.14611937 0.06404804 0.06175080 0.49029410 0.49169512
52.37522348 9.50022592 4.06601852 0.02469410 0.05313294 0.42887879 0.60037700
53.00276518 8.99951731 4.05326709 0.07407763 0.06042453 0.10451046 0.53468384
57.60370369 8.85779198 3.22567142 0.07689655 0.05753260 0.59169351 0.08965103
58.00136727 8.67794676 3.93478002 0.04809100 0.08609715 0.24009533 0.67974871
50.82966527 9.72234715 3.93441795 0.03152498 0.05338369 0.38063662 0.59911636
47.70175686 8.74568594 4.03652544 0.05857259 0.06197929 0.60764065 0.20749817
56.79564062 7.57353275 3.86030316 0.03222622 0.05230564 0.09183071 0.76521064
54.97803461 8.58532502 2.99608405 0.05155872 0.05958364 0.42344522 0.36048741
49.18021531 9.96319949 3.24916466 0.08214733 0.05698372 0.63217970 0.58049065
55.24795810 8.42069151 3.44891980 0.07544667 0.06569126 0.08493037 0.51787223
49.42968614 8.75214773 3.62574358 0.07587969 0.06044893 0.20096003 0.45466335
43.84429359 6.93747486 1.13432193 0.06112984 0.08080145 0.18093197 0.06130682
56.01953963 7.85629924 3.61976616 0.04110233 0.05593766 0.52066217 0.29662681
36.74177804 2.31437378 4.14957670 0.00890850 0.05403530 0.60325351 0.69851367
54.30808399 8.23062659 4.16576857 0.07390409 0.05567450 0.24513297 0.54276776
41.27163929 1.43308378 1.54140807 0.05784991 0.15631068 0.15208100 0.10343083
56.06664361 8.25707565 0.53981434 0.05312102 0.14401417 0.04738908 0.10536719
22.24443582 3.74993637 2.77503423 0.04230237 0.16832169 0.40769751 0.02530464
51.90344174 9.56794305 4.45176887 0.06811417 0.05081775 0.15861218 0.46539944
56.24843982 8.38112331 3.81883953 0.04240925 0.06291438 0.07770644 0.88491198
53.66570400 8.35594601 3.22514398 0.04365731 0.05158243 0.57496210 0.43559765
24.08364597 1.46917444 3.41772953 0.07739128 0.06215670 0.45111561 0.35009144
42.51505675 1.63642005 4.00559277 0.03479068 0.19632421 0.91647275 0.48669204
55.55947082 8.51976521 3.38699661 0.05529932 0.05856000 0.26113007 0.58697218
47.97215537 9.68381243 3.33734968 0.09551157 0.11647868 0.37759041 0.15804531
54.63144011 8.36940124 3.76009485 0.06906007 0.05408485 0.33973867 0.63762481
53.33859667 8.80562672 3.63722546 0.07591585 0.05149213 0.28095972 0.64949204
54.99824497 8.15795613 3.38531335 0.06019030 0.05072487 0.44001985 0.15660265
49.81104199 9.09270512 3.49185144 0.06188675 0.05420846 0.73894728 0.27755286
54.26192817 8.27339479 4.15762476 0.03459980 0.05931965 0.20664720 0.06259096
52.30491877 7.44210359 3.75214922 0.05065337 0.07566257 0.16005952 0.75740617
54.41077437 9.45894708 3.66702211 0.06119443 0.05006789 0.19422201 0.63752065
53.72033091 9.56543905 3.52310298 0.04579784 0.05620930 0.29674552 0.52792189
49.63119959 9.21933510 3.62521327 0.07994560 0.05787762 0.65063695 0.59250444
55.17572916 9.81690462 3.12476645 0.05902723 0.05609433 0.04455092 0.85649001
47.99706254 8.29573170 4.38855146 0.06449965 0.05327588 0.34387516 0.53519546
55.57616252 7.77944616 2.52794610 0.01186601 0.07381599 0.69729806 0.46387033
47.53682664 8.69959540 3.36634453 0.07339957 0.05948210 0.31664273 0.55266515
24.59457812 4.05304044 4.84091507 0.01478320 0.18930159 0.36315760 0.87855633
45.87700270 9.61664886 3.72247774 0.05055100 0.07005433 0.33805587 0.88011971
54.80512506 8.62965532 4.19221895 0.06704560 0.05067720 0.23016124 0.49015484
55.85335106 8.49335474 3.60393114 0.06688876 0.05353759 0.35773239 0.42151207
49.09667679 9.33989136 3.91163210 0.03135941 0.05370393 0.44300442 0.61900671
53.41739634 8.56707665 4.09149062 0.03608554 0.07520280 0.14773643 0.90062913
53.43666561 8.16566427 2.96944580 0.05748095 0.05717639 0.48008062 0.43545076
30.30234357 4.54488919 1.34580493 0.08478800 0.06511423 0.48656299 0.16390729
59.69021372 8.44891017 3.40866970 0.07389606 0.05134111 0.26390310 0.82570989
49.70471096 4.20433839 3.87540074 0.03885490 0.18274101 0.75203422 0.17282809
56.70765939 8.51234331 4.00827225 0.03398800 0.05422051 0.10408762 0.84481534
56.52473025 7.89234245 3.93850198 0.07044085 0.06458856 0.29725273 0.65537909
55.44289165 8.61652149 4.01043896 0.04611794 0.05816068 0.30336546 0.18603878
47.51038497 9.10513638 4.01312437 0.06175175 0.05872728 0.70260474 0.30508578
55.26668167 9.33016952 3.25651368 0.05089747 0.05343229 0.26788628 0.68642800
56.14666803 9.64845882 3.64061838 0.02978663 0.09245779 0.71376839 0.90197354
58.84649640 9.21057032 3.01814321 0.07273335 0.07417947 0.26401035 0.72990250
48.98326482 8.44607244 4.44265500 0.06749301 0.05105071 0.30071750 0.42463509
56.76875592 8.55903926 3.46492181 0.04463790 0.05807242 0.25095727 0.53606993
37.21008614 0.90868069 2.22608991 0.00669638 0.12058556 0.69686500 0.10542253
56.47172199 9.87758540 3.81096156 0.07351156 0.07102441 0.25922885 0.72200013
56.75584359 7.10164411 4.65913061 0.03856545 0.05894621 0.47249839 0.13599649
57.76567528 7.60036429 3.90019206 0.05606996 0.06762362 0.31628569 0.88907530
53.66768458 9.96161849 3.34717530 0.06206789 0.05348642 0.12456318 0.64058939
52.46446746 8.74918623 3.38114904 0.04744654 0.05332583 0.31874512 0.56321290
55.04024153 8.12531194 3.79678132 0.05329440 0.05207358 0.24370473 0.52709540
59.40617040 8.68924267 4.02127182 0.07112920 0.06793988 0.48434645 0.90846268
48.27681002 9.28976243 3.99371831 0.09246919 0.05816024 0.24709213 0.51412512
59.36390156 9.01373925 3.61128871 0.05704411 0.05698910 0.24951005 0.87109038
52.45168235 8.37689204 4.36857212 0.04116708 0.06375648 0.18979046 0.62834191
59.61518758 7.91660192 3.63992592 0.05722053 0.05823902 0.22025956 0.75709230
48.69662926 8.43417200 1.14071287 0.06361232 0.18167515 0.59879816 0.67926467
58.20674746 7.44993926 3.27644852 0.04075247 0.05572633 0.30872693 0.72781955
57.68719990 7.82270246 3.75514441 0.07088035 0.05250635 0.13231419 0.33857070
56.16310757 1.23962845 2.26835825 0.07907721 0.16423696 0.93577192 0.54025998
59.28966652 9.05898775 3.91938454 0.06950880 0.06848428 0.28710225 0.92682455
52.32924946 8.88881653 3.19611284 0.06588290 0.06631388 0.13978529 0.74823655
57.42618216 9.68826579 3.38440277 0.06188789 0.05555699 0.13932191 0.59149995
25.94166918 6.41552765 1.69956879 0.09621044 0.08094067 0.55726557 0.80402708
54.15746500 8.79448696 4.00910368 0.04214341 0.05138173 0.18411420 0.74350041
47.52903808 9.97048227 3.07290790 0.08398564 0.07039717 0.50774114 0.56735810
39.53883091 8.53853299 4.37610944 0.01623228 0.17725927 0.93941847 0.88411719
50.72043386 9.09822645 3.45234750 0.05004448 0.05528039 0.33107994 0.63586170
54.04104963 9.87978899 3.24843843 0.08755751 0.05577398 0.10491028 0.57661189
52.02662760 8.35095053 2.99530819 0.07124079 0.07658232 0.50451571 0.47979530
38.92666778 1.70955283 1.33420664 0.09276886 0.13327708 0.64149692 0.68245550
46.19762804 3.06156101 4.81451546 0.06088565 0.10984177 0.88871677 0.13025857
58.04625725 7.82300474 3.93913288 0.04856595 0.07397321 0.12705671 0.74110491
54.11051958 8.81827771 3.74031888 0.05885237 0.05695942 0.35784019 0.08927638
56.00712109 9.34235793 2.98976091 0.05856839 0.05574354 0.30685167 0.69508268
58.63660685 9.71293010 4.35939119 0.06256691 0.06129224 0.25244836 0.86580056
43.36809715 0.88752348 2.74986619 0.07827753 0.17499433 0.64309099 0.37348332
53.77585559 2.63594911 4.43558642 0.07145899 0.17319971 0.38291809 0.51628179
37.50664376 2.60230650 3.21013722 0.07482212 0.15519212 0.56531328 0.99477526
51.96903608 7.11316508 0.92894472 0.04172875 0.12948707 0.45940201 0.32337723
53.68048728 9.02174589 3.88830987 0.05071763 0.05123395 0.39458132 0.65798390
55.94147544 6.18533780 3.35789388 0.03662957 0.06404975 0.22325828 0.85337339
50.47145083 0.63838651 3.58115123 0.00882822 0.09064330 0.73908895 0.99033039
54.98768430 8.67696160 4.28561040 0.05007989 0.07200007 0.49992932 0.16326183
51.98261974 8.82294649 3.23302758 0.04350443 0.06734563 0.31081236 0.58666709
51.76150952 8.51331894 4.01751192 0.07594413 0.05689482 0.07979926 0.43073049
50.64252094 8.24562607 3.55568204 0.04803721 0.06737260 0.38565979 0.09577496
53.55463868 9.82815366 3.88494451 0.04820177 0.05807377 0.32831891 0.62893559
25.44523366 3.64556874 3.55125437 0.01871544 0.05867387 0.35459784 0.31448337
57.08948764 9.48879176 3.01093509 0.06866824 0.06689218 0.33057355 0.67206654
55.11758632 7.52281656 3.70532437 0.03606540 0.07246979 0.11944040 0.69092736
55.60964125 7.44044639 3.33489637 0.06095471 0.05486956 0.34800880 0.26762262
59.09252632 7.64672550 3.83114798 0.06352439 0.05476328 0.41442074 0.22852814
51.83968126 7.86459415 3.40503528 0.04502759 0.06171604 0.38273933 0.65695381
50.96308741 7.91270676 4.07606505 0.03616291 0.05324435 0.10751378 0.83278265
41.66396599 3.39011188 2.99184754 0.08359916 0.05621862 0.26281948 0.31520292
52.51821696 7.34740756 4.22492388 0.04273448 0.07699995 0.18447859 0.69218242
54.02585457 8.54087085 3.40173810 0.04882865 0.05017388 0.25331468 0.68201510
47.06100997 9.94542208 3.58949378 0.04861898 0.05863213 0.35157639 0.84561059
52.62043702 9.89209919 3.97978544 0.03391248 0.06201387 0.12216075 0.81175852
54.03655463 7.97444484 4.22812312 0.08680491 0.05067020 0.53538978 0.32367496
29.22554171 4.84229975 1.76991136 0.05246556 0.18686503 0.84541307 0.88166187
53.99359870 9.59757027 3.48313338 0.06771572 0.06405508 0.23659435 0.70833670
51.32296986 9.08031439 3.60447288 0.05303426 0.05378109 0.43909431 0.71196837
31.10199324 0.64202435 3.15683807 0.08316388 0.08580529 0.85267248 0.33388577
26.44494558 7.83493075 2.09722302 0.03964694 0.13741131 0.17469390 0.01049748
58.31147240 8.96058841 4.20095439 0.07275813 0.06834968 0.34461818 0.89115420
49.29126824 8.76358774 3.91672558 0.04212662 0.05677976 0.20289776 0.04890849
