92.64199652 23.19258908 17.69324528 0.23589521 0.06204450 0.69890578 0.64410637
53.85881072 8.49540863 4.30911621 0.08480056 0.17697054 0.84647027 0.84647027
25.62926324 1.57916949 1.13329211 0.01493243 0.07110974 0.14073158 0.14073158
130.96822987 14.22937664 17.42143710 0.19727826 0.07021983 1.53082509 0.42492326
109.09097701 17.15830297 18.15554121 0.20316303 0.05277620 1.53314078 0.30800169
57.20220469 9.31454015 4.68524803 0.09307546 0.18950827 0.93005512 0.93005512
97.40779084 22.15539380 17.63249558 0.25510706 0.06236035 0.99345500 0.63988973
112.95013800 18.06838865 16.79362841 0.20529708 0.05027540 1.20978575 0.02825361
63.78320263 32.31301695 13.52944096 0.15602863 0.06790258 1.80619691 1.51395796
108.63192652 22.22899194 17.05732734 0.26760816 0.05300350 0.78448636 0.70557890
110.69845718 15.98455287 17.57341189 0.20416367 0.05971856 1.52673245 0.17439563
89.99839054 22.38268419 16.86325102 0.29393144 0.05644096 0.78544613 0.67577039
68.33482449 32.20394907 13.30240015 0.15054531 0.06236743 1.73565478 1.50794218
44.93070064 6.30802166 3.30470382 0.06270348 0.14349013 0.62326752 0.62326752
61.65927949 28.93827394 13.92535608 0.12545402 0.05616222 1.54381355 1.14255756
29.76151674 2.59157160 1.59817063 0.02515975 0.08660569 0.24403792 0.24403792
115.64075034 17.78036387 18.08280947 0.19381935 0.05397599 1.16183701 0.23801639
100.49646817 22.08157903 16.96300211 0.26988807 0.05685452 0.82975602 0.63849575
76.60796107 26.59388429 13.14147515 0.25278521 0.05788386 1.42125779 0.53909299
27.28261969 1.98424183 1.31929472 0.01902448 0.07730982 0.18206549 0.18206549
107.53735997 16.74743065 17.14447766 0.21160576 0.05996795 1.43202446 0.13970272
124.86275524 16.48742571 17.56965767 0.19122089 0.05891235 1.23837747 0.19065868
92.63959026 21.98860732 17.66431970 0.21130958 0.05924400 0.59306725 0.61352299
113.07534566 18.65309503 17.60812645 0.19771742 0.06804058 1.33300860 0.24972524
50.47397978 7.66612505 3.92832273 0.07642310 0.16427742 0.76184949 0.76184949
43.90231968 6.05606832 3.18901096 0.06015824 0.13963370 0.59755799 0.59755799
91.97944976 22.11438448 17.18186962 0.28187021 0.06056229 0.83313725 0.57900690
45.96699582 6.56191398 3.42128703 0.06526831 0.14737623 0.64917490 0.64917490
114.07720525 17.12803131 17.32720884 0.22094496 0.06965530 1.37793529 0.20837071
125.95190909 16.62055126 17.79563329 0.17866626 0.06422381 1.01688412 0.07563547
64.21520616 33.63154930 13.10426047 0.13250910 0.06859032 1.88286314 1.37029757
114.33270681 16.59305841 17.11916223 0.21106120 0.05165409 1.52079403 0.13755763
63.60009159 32.95890787 12.94285335 0.14099550 0.05730948 1.74962137 1.34710354
41.62860951 5.49900933 2.93321857 0.05453081 0.13110729 0.54071524 0.54071524
96.76827365 24.23058153 17.14432380 0.25152170 0.05244059 0.88078041 0.53884429
49.87586487 7.51958689 3.86103480 0.07494277 0.16203449 0.74689662 0.74689662
30.83003669 2.85335899 1.71837913 0.02780434 0.09061264 0.27075092 0.27075092
97.57652681 23.46417289 17.15732758 0.25116797 0.06477867 0.99295750 0.60597075
49.12391320 7.33535873 3.77644023 0.07308169 0.15921467 0.72809783 0.72809783
61.83512784 34.21272517 13.00105068 0.14521901 0.05687119 1.73754181 1.37493831
102.12533423 21.88499586 17.17618633 0.25262031 0.05596762 0.84013427 0.70483116
29.64318006 2.56257912 1.58485776 0.02486687 0.08616193 0.24107950 0.24107950
92.97627528 23.04726585 16.32635034 0.23247234 0.05287454 0.72919195 0.89919830
79.08289465 26.48649069 12.99333052 0.25603459 0.05575888 1.28562681 0.37249880
91.34399170 21.58578546 17.56471228 0.24702291 0.05337098 0.77806820 0.78163998
39.32598016 4.93486514 2.67417277 0.04883180 0.12247243 0.48314950 0.48314950
32.96780780 3.37711291 1.95887838 0.03309532 0.09862928 0.32419520 0.32419520
78.83234449 23.78983793 15.66894780 0.23827093 0.06334055 0.81530453 0.92000905
35.88899235 4.09280312 2.28751164 0.04032526 0.10958372 0.39722481 0.39722481
67.51958478 30.86922998 13.21307565 0.13296632 0.05613314 1.68830097 1.34046653
68.43958153 32.07801438 13.01026517 0.14777858 0.05452411 1.66209449 1.45073657
110.09792340 16.23503605 17.95785644 0.20006890 0.06225243 1.18981499 0.25246310
130.48763842 11.27035563 16.73022074 0.20722700 0.05683965 0.72673247 0.09866167
123.45061881 16.76905420 18.02060403 0.19424320 0.05246122 1.38015492 0.39117810
128.48050705 15.84794811 17.82252518 0.19204866 0.06716895 0.98100158 0.11494155
103.31048919 21.31087430 17.19492977 0.26602242 0.05590242 0.72569580 0.78575886
27.41984499 2.01786202 1.33473256 0.01936412 0.07782442 0.18549612 0.18549612
130.68733647 17.64636218 17.93000053 0.19675535 0.06502940 1.01802041 0.11774989
101.52504409 22.57996832 17.45015678 0.25077467 0.05477247 0.75959077 0.79694525
92.72715401 22.91414756 16.97758541 0.28916511 0.06571879 0.80366839 0.44291104
76.83029852 22.41969247 15.87831144 0.23966895 0.06505544 0.87596305 0.82577627
90.11407256 23.00055299 16.30094059 0.23499752 0.05153959 0.86732448 0.82071424
28.30793050 2.23544297 1.43464218 0.02156213 0.08115474 0.20769826 0.20769826
132.16041357 14.64529410 17.69238688 0.19254614 0.05905962 1.39399375 0.40552280
42.24928403 5.65107459 3.00304445 0.05606698 0.13343482 0.55623210 0.55623210
55.38808790 8.87008154 4.48115989 0.08858552 0.18270533 0.88470220 0.88470220
124.59711528 16.92669635 17.44950091 0.19381211 0.06349329 1.14031841 0.27975200
100.35913103 23.58557910 17.44175902 0.26575871 0.05504977 0.88205671 0.53370223
59.86325017 30.74960088 13.07571245 0.13123045 0.06210546 1.75311134 1.57740827
31.77886876 3.08582285 1.82512274 0.03015270 0.09417076 0.29447172 0.29447172
66.44530525 33.04082774 13.38178756 0.13284922 0.05301156 1.86098843 1.40428151
107.07798516 18.02992818 17.73220408 0.21582653 0.07148517 1.39188573 0.16589527
96.18126401 21.19616126 16.73610325 0.26279990 0.05991383 0.81327907 0.54793921
98.64849669 21.84562734 16.69813395 0.26821950 0.05832503 0.81285913 0.52746762
74.82714292 23.99822926 13.73063863 0.24692688 0.05305108 1.25973500 0.51200509
98.35054336 22.58544044 16.90875057 0.25702091 0.05726012 0.79829617 0.66194915
78.87269319 22.67050706 15.77617366 0.24414025 0.05132188 0.86148743 0.82208381
39.23015366 4.91138765 2.66339229 0.04859463 0.12211308 0.48075384 0.48075384
47.48010934 6.93262679 3.59151230 0.06901327 0.15305041 0.68700273 0.68700273
24.38457155 1.27422003 0.99326430 0.01185181 0.06644214 0.10961429 0.10961429
126.34965955 14.62381169 17.24874287 0.19122192 0.05198398 1.49874503 0.46059725
40.63063638 5.25450591 2.82094659 0.05206083 0.12736489 0.51576591 0.51576591
124.24792670 15.98639560 17.66807367 0.21140313 0.06261706 1.24815830 0.37635141
127.28332471 16.94718564 18.10621053 0.18713238 0.06547538 1.13155779 0.07134122
68.77173905 33.76238059 12.83748251 0.14488331 0.06408874 1.82115511 1.23528000
24.45797265 1.29220330 1.00152192 0.01203348 0.06671740 0.11144932 0.11144932
125.30579695 12.04880417 17.09058242 0.20818168 0.07368224 1.11975012 0.24270964
65.83836414 32.79438038 13.28640398 0.13150591 0.05663068 1.84941511 1.32560805
127.74261811 14.91221150 17.35406929 0.18338464 0.06078698 1.48057556 0.47130721
78.37836432 21.93449957 15.25852092 0.24489753 0.07406500 0.84871489 0.85615739
98.78232549 21.83444542 16.71535893 0.26933162 0.06181364 0.84837123 0.58558040
129.39823814 16.70616070 18.07445791 0.18518716 0.05885413 0.98459936 0.05740520
32.96897505 3.37739889 1.95900969 0.03309821 0.09863366 0.32422438 0.32422438
83.68917148 21.40006073 17.38185150 0.22059943 0.05245269 0.90741818 0.51713586
70.44569855 33.14098030 13.10027749 0.15115252 0.05697641 1.69193835 1.52633007
115.25080474 15.27643871 18.23717591 0.19490396 0.05810188 1.33844407 0.08627832
65.44584810 33.76710380 12.89611500 0.14493535 0.06004946 1.68741624 1.41472702
35.37805502 3.96762348 2.23003119 0.03906069 0.10766771 0.38445138 0.38445138
121.91230786 16.29120674 17.60357886 0.19450921 0.05600111 1.00112476 0.10014834
29.48034982 2.52268571 1.56653936 0.02446387 0.08555131 0.23700875 0.23700875
84.05450136 19.97979416 17.36500806 0.22691274 0.05237314 0.72498175 0.60947873
89.15458725 22.74727691 16.81924360 0.27939560 0.05582212 0.77271130 0.63781307
94.55500142 23.26275470 16.99615154 0.26265766 0.06129753 0.83520474 0.71556182
51.23495550 7.85256410 4.01393249 0.07830651 0.16713108 0.78087389 0.78087389
112.08744617 16.48346620 17.67446877 0.21666285 0.05096529 1.57767555 0.26676182
96.76891055 23.05492752 17.06399806 0.24992025 0.05881473 0.94822119 0.60970638
76.35401228 26.08547809 12.99632855 0.24988231 0.07008343 1.39250064 0.52877402
111.06143339 17.48408877 17.83580189 0.20200985 0.05901953 1.56537064 0.34166070
39.60810547 5.00398584 2.70591187 0.04953006 0.12353040 0.49020264 0.49020264
65.53977940 31.83307781 13.51092104 0.14067287 0.05480628 1.79395549 1.47961423
90.58221044 22.38323820 16.59194665 0.23747771 0.05701211 0.91891010 0.85873623
63.33601871 29.24660865 14.00787530 0.12444661 0.05333182 1.58865444 1.20118286
74.95031913 23.62515070 15.94931172 0.23152534 0.05710904 0.84487548 0.91036810
80.58314825 26.53414471 13.48089313 0.24450937 0.05847105 1.37937399 0.43763229
36.66316801 4.28247616 2.37460640 0.04224134 0.11248688 0.41657920 0.41657920
63.41603996 31.60584799 12.71813686 0.14623678 0.05327192 1.74091746 1.41740024
45.07704009 6.34387482 3.32116701 0.06306567 0.14403890 0.62692600 0.62692600
36.22755755 4.17575160 2.32560022 0.04116320 0.11085334 0.40568894 0.40568894
120.40526379 16.90086897 17.59293809 0.19499640 0.05096882 1.18412510 0.25642831
33.74386174 3.56724613 2.04618445 0.03501606 0.10153948 0.34359654 0.34359654
56.14267985 9.05495656 4.56605148 0.09045313 0.18553505 0.90356700 0.90356700
88.23274687 20.22180254 17.03241994 0.21837661 0.05664099 0.73548514 0.60180648
74.32866998 26.37929428 13.37067784 0.24686760 0.06961709 1.28573992 0.39883759
56.38574713 9.11450805 4.59339655 0.09105472 0.18644655 0.90964368 0.90964368
112.71297234 17.28202581 18.02548879 0.20314153 0.06110919 1.30399114 0.25894238
78.50165277 27.91364261 13.56990583 0.24351192 0.05259946 1.31826455 0.43263823
91.57147984 22.68964061 16.87878747 0.26502332 0.06146328 0.85901592 0.71994789
92.52344552 22.60310839 16.98774677 0.29228209 0.06093793 0.75607853 0.57544934
