59.08955896 17.26706075 7.93282196 0.04662573 0.06053988 1.44379732 1.01672991
74.60508432 12.73377802 6.67272601 0.13599831 0.06440284 0.79922593 0.89922203
60.39883744 18.87265161 6.80337965 0.04561179 0.05938817 1.38731687 1.27908876
55.76983688 8.96361004 4.52410665 0.08953035 0.18413689 0.89424592 0.89424592
60.04286264 18.39357314 7.10090173 0.03357739 0.05237918 1.49535714 1.16515688
61.59832374 16.23274639 8.07540955 0.03161880 0.06202652 1.41379933 1.07023693
60.37876940 19.00598756 7.13222613 0.03264850 0.05248137 1.38454534 1.20671134
70.22696235 13.61899931 6.50413386 0.13005908 0.06540986 0.97170889 0.83852719
61.90670474 17.74662655 8.50398268 0.01741042 0.05181455 1.32307369 1.19164464
69.40429301 16.18995370 7.06981535 0.07076718 0.05938327 1.32197169 1.09564404
60.85128965 16.50287634 8.40180764 0.02663793 0.05707514 1.61253161 1.04288212
52.96665868 8.27683138 4.20874910 0.08259248 0.17362497 0.82416647 0.82416647
75.40230927 12.15863334 6.16460670 0.13636733 0.06345577 0.77485597 1.02584685
58.10936563 16.26558772 6.12329633 0.05415477 0.05587236 1.41469483 1.10319152
55.82422014 16.21894675 5.94361570 0.05169238 0.05222941 1.01883394 0.87511607
52.27004481 8.10616098 4.13038004 0.08086836 0.17101267 0.80675112 0.80675112
47.67352028 6.98001247 3.61327103 0.06949196 0.15377570 0.69183801 0.69183801
75.00469970 11.72743401 6.45396935 0.13996324 0.05001374 0.86920897 0.91932064
70.59278619 17.39390286 7.48974073 0.01181003 0.06580399 1.26496397 1.21702591
35.79621553 4.07007281 2.27707425 0.04009563 0.10923581 0.39490539 0.39490539
62.69795036 18.73436661 7.65824028 0.01565493 0.06667403 1.59149345 1.27197608
53.10240719 8.31008976 4.22402081 0.08292846 0.17413403 0.82756018 0.82756018
58.88567350 16.15979038 6.75459241 0.03932229 0.05526602 1.33527089 0.95293351
57.51535360 18.36616408 7.95235886 0.01748751 0.06391497 1.54917293 1.24085772
26.74955864 1.85364187 1.25932535 0.01770516 0.07531084 0.16873897 0.16873897
73.55884759 16.86862702 6.59595595 0.04155736 0.05638582 1.33591340 0.98303799
77.59832747 13.11036267 7.34338704 0.13727148 0.06508785 0.92500028 0.91211124
49.25591209 7.36769846 3.79129011 0.07340838 0.15970967 0.73139780 0.73139780
64.96112736 17.06976811 6.95618251 0.05179912 0.06545184 1.21473040 0.99803625
57.73531933 16.41666277 7.09730327 0.04086406 0.05196679 1.48851963 1.26381454
51.09732229 7.81884396 3.99844876 0.07796587 0.16661496 0.77743306 0.77743306
65.56729145 18.21158297 6.39868632 0.02826317 0.06026868 1.23072073 1.24983756
59.63261102 17.20381009 8.13843507 0.03172517 0.06180748 1.55629846 1.07096581
22.01427691 0.69349784 0.72660615 0.00598534 0.05755354 0.05035692 0.05035692
23.64190469 1.09226665 0.90971428 0.01001371 0.06365714 0.09104762 0.09104762
52.63385524 8.19529453 4.17130871 0.08176879 0.17237696 0.81584638 0.81584638
65.18604439 17.48958477 8.94544306 0.03851067 0.05367981 1.45660212 1.02160805
49.54517771 7.43856854 3.82383249 0.07412431 0.16079442 0.73862944 0.73862944
55.59351674 15.11568802 6.03691625 0.06315290 0.06198227 1.08113296 0.78632033
74.04925361 13.02934131 6.70302619 0.11849472 0.05981505 0.99897765 0.75500928
64.52159527 18.19655427 7.68563268 0.00357188 0.06816320 1.45776676 1.02226789
62.15194280 15.22948051 7.64956220 0.03896845 0.05722835 1.12223018 1.17327989
60.19920087 16.57137679 7.26406720 0.05059998 0.07005021 1.40014771 0.95801597
62.53524811 16.99670766 8.06473237 0.03066174 0.05223871 1.49960804 1.04420578
60.83591324 17.06298807 8.50009715 0.02179336 0.05212603 1.43606818 1.07214561
62.15302818 18.35768203 5.14776221 0.11177755 0.06364990 0.77541377 1.01980528
42.75520175 5.77502443 3.05996020 0.05731912 0.13533201 0.56888004 0.56888004
62.33940952 17.74914632 8.56189896 0.01211582 0.05623520 1.32644010 1.07461577
69.80419612 17.93250202 7.61789974 0.00708358 0.05763972 1.44964073 1.07201184
77.78272248 14.05330890 6.68859788 0.13151505 0.06633381 0.76550010 0.99677061
56.54320056 17.33141202 6.85990165 0.04253135 0.06274971 1.18044427 1.21492181
52.85600337 8.24972083 4.19630038 0.08231861 0.17321001 0.82140008 0.82140008
74.49049288 15.10451430 6.49124928 0.04556741 0.05931882 1.32671201 0.91410641
79.52519091 13.73717125 7.01150022 0.15332949 0.06081930 0.83594490 0.84564875
67.72080507 14.68992481 7.70866605 0.06495538 0.05459548 1.26311707 1.07588739
61.90237948 15.94620241 7.34291664 0.04333147 0.05255096 1.36306654 1.13773619
24.69780481 1.35096218 1.02850304 0.01262707 0.06761677 0.11744512 0.11744512
64.18809338 15.54595747 7.80354664 0.02625226 0.05401263 1.22027513 1.27785358
57.67836599 15.86587324 6.71143329 0.05896911 0.05196594 1.06953915 0.81177923
71.95399343 12.90036219 6.51949718 0.13637191 0.06639099 0.81584505 0.99997950
69.67347392 16.99364400 6.69334548 0.05002723 0.05145846 1.30263436 0.91974289
66.00216277 19.51420548 7.63752356 0.01474798 0.05239229 1.67088785 1.53951564
65.25883623 15.31357901 8.17139017 0.04186487 0.05463744 1.17518674 1.13467681
35.14584046 3.91073091 2.20390705 0.03848596 0.10679690 0.37864601 0.37864601
61.85853496 17.80853495 7.35863794 0.01443886 0.06173392 1.54770413 1.26682100
62.99376725 18.57898376 5.09934925 0.10680859 0.05384676 0.78765116 1.05553647
73.56397382 11.97103845 6.67255671 0.13335581 0.05668213 0.78255401 0.98833522
68.17694825 16.54333047 7.67458476 0.02640523 0.06005239 1.41079990 0.98366621
70.22510558 16.69169350 8.10125159 0.01118230 0.05472703 1.25941011 1.26365742
26.31006759 1.74596656 1.20988260 0.01661742 0.07366275 0.15775169 0.15775169
49.32721955 7.38516879 3.79931220 0.07358487 0.15997707 0.73318049 0.73318049
45.75671697 6.51039566 3.39763066 0.06474787 0.14658769 0.64391792 0.64391792
21.55612290 0.58125011 0.67506383 0.00485140 0.05583546 0.03890307 0.03890307
63.08119146 17.37704655 6.36427111 0.05868647 0.06597217 1.30960848 1.09416804
81.53466279 14.27378882 6.29591917 0.14077711 0.05699169 1.03434371 0.71105455
55.76824553 18.32560834 7.34494077 0.02273368 0.06921086 1.50465014 1.30807457
26.32660331 1.75001781 1.21174287 0.01665834 0.07372476 0.15816508 0.15816508
73.90543629 12.91747480 6.10747361 0.12904259 0.05872818 0.89511224 0.93788497
61.54589179 17.74322701 8.16146863 0.01855979 0.05001645 1.35963352 1.12707559
63.12539427 15.91800342 7.69496083 0.03186377 0.05134141 1.49048518 1.03785882
49.79948059 7.50087274 3.85244157 0.07475371 0.16174805 0.74498701 0.74498701
60.01943555 16.84106614 7.14949267 0.00612474 0.05813021 1.55852520 1.36342036
62.76296332 17.12933640 8.07422079 0.04049059 0.05206028 1.59636897 0.86429672
58.39470756 9.60670335 4.81940460 0.09602690 0.19398015 0.95986769 0.95986769
77.44539970 12.93161959 6.76955875 0.13800227 0.05569239 0.86874969 0.82572202
65.65777035 18.32743656 4.96336553 0.10585063 0.05530646 0.72139240 1.15915214
64.49215234 17.69549552 6.87884461 0.02936045 0.05785402 1.23040836 0.87510848
56.82514825 15.97622768 6.48938652 0.05256625 0.05614531 1.42800985 1.15656323
59.00356783 9.75587412 4.88790138 0.09753383 0.19626338 0.97508920 0.97508920
48.29302351 7.13179076 3.68296515 0.07102523 0.15609884 0.70732559 0.70732559
55.33709156 8.85758743 4.47542280 0.08845930 0.18251409 0.88342729 0.88342729
56.38466462 16.43628990 6.19188953 0.06033720 0.05802169 1.35954641 1.15085406
58.54902527 18.72118189 7.01520541 0.03218554 0.05391012 1.51201113 1.21923512
76.95852395 12.71915947 6.29821182 0.12960185 0.07204850 1.03043385 0.67240961
47.42339146 6.91873091 3.58513154 0.06887289 0.15283772 0.68558479 0.68558479
50.64225779 7.70735316 3.94725400 0.07683959 0.16490847 0.76605644 0.76605644
61.52746539 19.23335913 6.67717663 0.03574735 0.05170921 1.48109370 1.05088565
68.76284804 13.23467408 6.71782349 0.11892678 0.05621712 0.94511456 0.71081517
55.74497229 15.66954447 6.32317999 0.05696127 0.05502335 1.02487723 0.92260733
73.19392061 13.26944982 6.73049005 0.11589852 0.05807090 0.93627926 0.91229561
56.86209630 9.23121359 4.64698583 0.09223369 0.18823286 0.92155241 0.92155241
62.16733400 16.99966617 7.79033001 0.01278218 0.05880241 1.20924415 0.95526851
68.87068344 16.45575607 7.92584479 0.02146523 0.05561484 1.17447295 1.21857777
61.81790523 16.62179440 8.18258992 0.01506588 0.05357358 1.55387642 1.04512271
69.02238756 16.85619286 7.46732634 0.04944851 0.07325305 1.38744035 1.06817551
72.65202701 16.38659155 6.63847151 0.04072760 0.05483271 1.32665065 1.02330698
82.95711229 13.16477839 5.96369778 0.13869390 0.05325288 1.09058847 0.83073372
27.75101725 2.09899923 1.37198944 0.02018377 0.07906631 0.19377543 0.19377543
68.71709209 16.45570745 8.07811237 0.02208909 0.06687211 1.21580831 0.99901426
62.13697144 18.94761239 6.35531370 0.02560700 0.05623341 1.50224355 1.05843780
42.24948556 5.65112396 3.00306713 0.05606748 0.13343557 0.55623714 0.55623714
54.00460273 16.24686084 6.29587473 0.05817906 0.05276578 1.21988830 0.85984466
60.77305122 17.97351598 7.32124258 0.03495769 0.05799193 1.36453555 1.24679575
82.13051865 12.65108792 5.84382955 0.12770112 0.06804244 1.04087207 0.78869729
69.10167801 16.27641315 7.07216841 0.04628552 0.06167826 1.31484402 1.02268190
25.30608950 1.49999193 1.09693507 0.01413257 0.06989784 0.13265224 0.13265224
70.57079261 16.45448557 6.62588445 0.03876807 0.06824928 1.28965260 1.00017900
47.95960930 7.05010428 3.64545605 0.07020003 0.15484853 0.69899023 0.69899023
73.27434162 11.54201434 6.75127650 0.13813745 0.05375665 0.73422897 0.85797511
80.76972613 12.61992677 6.98930113 0.11556658 0.06095278 0.50729503 1.19063489
78.23397983 12.67246893 7.40620080 0.13848977 0.05757041 0.89366260 0.78394002
82.45338457 13.67179316 6.79031961 0.11304248 0.05418284 0.43796691 1.24554895
51.74129420 7.97661708 4.07089560 0.07955970 0.16902985 0.79353235 0.79353235
55.39925742 18.94762110 6.63516563 0.03751101 0.06459877 1.43563018 1.24073653
63.99487894 15.42950276 7.23979773 0.05752435 0.05687609 1.33870951 1.07341128
58.37032296 9.60072913 4.81666133 0.09596655 0.19388871 0.95925807 0.95925807
60.08502347 15.41160013 6.10477420 0.06599390 0.05634837 1.04567915 0.77055143
60.98835866 15.24568598 7.44359424 0.03349883 0.07643994 1.54905510 1.22836420
