56.52784488 9.40094622 4.00706415 0.06135101 0.06282096 0.51708418 0.11795641
31.43557965 6.13029131 1.16692067 0.04807161 0.18074075 0.00044873 0.49615418
51.07571026 9.81769659 4.83525293 0.08078006 0.06531048 0.33757638 0.09520560
52.82259562 9.26238939 4.14129741 0.08244383 0.06377234 0.42810691 0.13303203
28.13987877 3.64651682 3.79780387 0.03596126 0.18146126 0.11848010 0.49322222
59.36509077 8.79334643 3.18867289 0.02900007 0.06219132 0.36465515 0.21496285
29.88991607 3.96398205 2.08140608 0.04096488 0.12333409 0.99538452 0.10027642
56.22197918 9.73193805 4.32908034 0.07322564 0.07898669 0.89093097 0.24119732
58.11141608 9.66916642 4.17966068 0.08986969 0.05631208 0.33690236 0.06233124
58.40166033 8.42555666 4.10775219 0.07199422 0.06787497 0.84786268 0.23309132
56.61097071 7.88344388 4.41256229 0.06073294 0.06403424 0.54834904 0.22412215
52.08347739 8.36918842 4.30437281 0.08090770 0.05961804 0.48043029 0.10784062
22.80085747 7.93187533 1.01713518 0.06088439 0.07788489 0.72818497 0.90477767
57.42674713 9.66662847 4.28279526 0.08021856 0.05355904 0.85958502 0.03899183
29.32963414 3.43480506 0.99530475 0.00677449 0.17063934 0.64920835 0.77435082
32.55295630 5.77546351 3.14389477 0.06937069 0.08205052 0.22239508 0.02534040
23.59207766 9.80436730 1.47802666 0.04553473 0.07054201 0.53476482 0.60388835
55.11395316 9.72671681 4.06055719 0.06041932 0.05795488 0.68615372 0.53372586
55.41727925 9.01678195 4.36069377 0.08904660 0.05366783 0.40223526 0.02624872
49.57071977 5.89261145 3.52710314 0.06258510 0.12793168 0.01802656 0.53931760
36.27606373 7.17912410 2.29751008 0.06929117 0.07019797 0.59037285 0.40008996
58.52379421 8.52922717 4.08949974 0.09640731 0.05967991 0.58551811 0.16273622
57.62570873 9.95450436 3.79957230 0.09109886 0.05910793 0.90368772 0.17813715
46.91888148 0.34052073 2.72909378 0.00499876 0.12153824 0.58766881 0.54203545
52.30464419 8.01526853 4.36098907 0.06841364 0.06688168 0.44601318 0.10750862
56.64107648 8.62807141 4.64607243 0.07830683 0.07153870 0.30343086 0.10639540
52.39740373 9.31982389 4.36703313 0.08177274 0.05305761 0.47783540 0.00652919
59.49087456 9.32693804 4.01798619 0.06784566 0.06429921 0.75132399 0.38518947
53.99727345 8.32260166 3.95372576 0.08452317 0.05868365 0.68011995 0.69277800
54.84299615 9.06446684 3.32059118 0.02953666 0.06000882 0.38576962 0.15248778
24.11424574 4.73606282 4.68228776 0.03191854 0.15021625 0.73771930 0.87370583
28.56091918 9.92053899 2.97127226 0.00100104 0.19856938 0.30339420 0.99002463
53.07148379 9.66729602 3.09570962 0.03983120 0.06100101 0.37875592 0.26701358
57.74617312 9.12952045 3.98728560 0.06448484 0.06521978 0.92476252 0.33514542
56.01078825 9.15028505 4.23292018 0.07258206 0.05777068 0.75462818 0.49267604
52.65014570 8.77031001 4.85030767 0.06983190 0.05957026 0.44418032 0.42771952
34.49688442 6.35654635 3.28732121 0.05669225 0.05744043 0.76165673 0.25590523
24.93578341 4.70304921 3.44206501 0.06553265 0.13065009 0.23890490 0.02842273
54.65231889 2.63113185 2.68737736 0.09714379 0.12378255 0.61966966 0.96422484
32.96539715 0.94263665 2.72858108 0.05289010 0.19648210 0.82496025 0.24071226
52.68889712 8.87882237 4.20438865 0.07789742 0.06844541 0.48627671 0.05847647
37.10821066 4.77896951 1.88776665 0.07203712 0.08456185 0.60022379 0.98952932
27.61376420 0.70261107 4.66631824 0.02124395 0.15910013 0.82240433 0.77490560
33.70697992 3.75302797 4.26050006 0.08225241 0.06416665 0.72310850 0.08690737
54.67802417 9.31690035 4.08711223 0.09532343 0.06022661 0.72777159 0.24072289
51.55477235 8.96597163 3.67315623 0.08946690 0.05761635 0.64365522 0.56454376
30.68718079 3.82352775 1.55647428 0.08282067 0.05269489 0.67970608 0.95623464
56.49645874 3.32329244 0.71919784 0.02929557 0.05723615 0.70535486 0.00324675
56.11479865 8.85714147 3.92007492 0.03008427 0.05957879 0.38703718 0.08291189
52.59368193 8.70872295 4.19379821 0.06504582 0.06223151 0.55478399 0.26929303
23.86239896 0.22043140 3.92523581 0.08822790 0.10927178 0.38639826 0.66227798
48.13557111 1.15332414 0.55195959 0.02833207 0.12071398 0.40259538 0.73400084
50.75882932 1.62019255 1.09472805 0.09223248 0.13684452 0.03716639 0.87316692
50.59357408 8.71044983 4.15083014 0.06041740 0.06501794 0.70119757 0.52886392
32.65101749 2.66287914 4.02074836 0.02771703 0.19239781 0.28412000 0.51181386
37.12475302 0.21148074 3.01204430 0.09423749 0.08515104 0.43216199 0.36255963
55.95437034 7.92127587 1.22454601 0.09015189 0.14943130 0.37234239 0.35668706
57.84989115 9.00534155 4.03032302 0.09025637 0.05676338 0.70587779 0.20247931
49.62644702 8.38405825 3.70291092 0.07299796 0.05116090 0.69245258 0.01146729
51.88266329 8.88258263 4.33548966 0.06492046 0.07167771 0.91547393 0.25017269
59.14223157 8.92305613 4.17712455 0.08721165 0.05802725 0.42804351 0.08077800
53.79942115 9.63784560 4.24841070 0.06282031 0.06193949 0.39096153 0.23006682
56.63072808 8.97391072 4.40931108 0.08144317 0.06298656 0.99227999 0.07823290
22.16160170 6.61515515 1.13596037 0.01478033 0.15007423 0.59901780 0.30208676
56.48903118 9.65175489 4.05878973 0.06154713 0.05807660 0.58895878 0.20804374
50.39991673 8.95115036 4.48326097 0.07386763 0.07565948 0.79831099 0.13895262
41.50698521 7.34733782 0.77752367 0.01607082 0.07108769 0.35051891 0.38620777
32.14125615 8.60937106 3.16923644 0.06565605 0.05186743 0.31683800 0.84612799
54.32689760 9.37303680 4.26898367 0.05617361 0.06763748 0.64796402 0.15486640
52.34298512 9.66748372 4.00540123 0.08365725 0.06936664 0.74540600 0.22394297
51.52772192 9.14558858 3.43259602 0.03489028 0.06536711 0.34626047 0.26046780
23.84051255 4.47792252 3.51734847 0.09786825 0.09000844 0.38520666 0.71092048
59.61448116 8.30218682 3.40625821 0.08354660 0.05245542 0.51826925 0.27000019
56.65316447 9.07768310 3.89748450 0.06772088 0.06544554 0.85660857 0.43176442
56.16371265 8.76963498 4.59069093 0.08943289 0.05628528 0.85655104 0.02681874
57.38226329 9.88775495 4.05058864 0.08701820 0.05957924 0.66708465 0.72873283
52.09135412 8.04374351 4.29817522 0.06745978 0.07008577 0.96635143 0.12490982
57.72680120 9.08771431 4.29904522 0.08006768 0.06207900 0.49708667 0.39576552
58.90110869 9.33644153 4.16521741 0.07592815 0.06421898 0.87401171 0.03341360
43.53003309 9.80426973 0.66336847 0.07838654 0.08824336 0.19603373 0.31090588
59.68840173 8.63340807 3.40929501 0.08933499 0.06029262 0.64947256 0.29946800
55.61938772 8.52695388 4.77281036 0.07378397 0.06217273 0.47691095 0.37494537
53.73093824 9.02988851 4.48786489 0.07961083 0.06450161 0.43010484 0.30656027
24.65866274 0.42301720 0.53826925 0.04843000 0.09388564 0.20847374 0.47961965
32.95938683 7.83227080 2.33584094 0.00721304 0.17149006 0.51900171 0.32703552
37.49510517 2.31575103 0.95278070 0.08189476 0.10204906 0.12359510 0.92500982
23.50216671 0.93070684 2.76794044 0.04714812 0.19256111 0.74445819 0.35744979
42.13613637 9.03408715 3.84098643 0.06621063 0.16495438 0.38434434 0.21239011
38.00372891 7.04872835 4.76951967 0.07210364 0.17931006 0.14545055 0.99795831
57.17706256 8.05597288 4.22700362 0.08285650 0.08076842 0.70374455 0.14483719
57.73622208 8.18278090 4.17265545 0.07454895 0.05597132 0.93732673 0.01498564
55.42844421 8.94322926 4.14462045 0.09211116 0.06715124 0.85973351 0.24897563
49.71612395 4.93537166 3.65554680 0.07563540 0.05834322 0.49018828 0.01741834
51.50881295 8.99350132 4.57256250 0.07922674 0.06093061 0.44893186 0.01951136
54.76752805 9.09258962 3.81105088 0.09216282 0.05913877 0.93695990 0.09907183
54.25288037 9.58330345 4.68959133 0.08491029 0.06480622 0.25428720 0.06621695
50.97652683 8.11847966 4.36252786 0.06660550 0.08776541 0.75579714 0.17601809
59.42548255 7.15262805 3.79120708 0.08554406 0.06167535 0.95855219 0.40394088
55.73548146 9.62709975 3.62208710 0.08729825 0.07476274 0.65870230 0.60774723
36.54580574 7.73661370 2.37550980 0.03417432 0.14020739 0.66561472 0.11768111
57.39218386 9.51890507 3.48575887 0.08449435 0.07325640 0.66371596 0.41864194
52.06611677 8.32904843 4.64201821 0.08657314 0.05314365 0.97717166 0.01193843
45.70785439 8.98800927 4.49788357 0.06750563 0.07159618 0.87735332 0.15960619
53.75934832 9.72212774 4.19418959 0.07184418 0.05594975 0.93941375 0.06560993
56.77043600 1.63141829 4.56454821 0.03697093 0.08648931 0.61481340 0.07145631
59.61586025 8.22505064 4.18173018 0.08478942 0.05753403 0.82673427 0.38577324
55.10430551 7.69622180 4.42809403 0.08393222 0.06017752 0.72970168 0.24793304
58.30480074 9.26617961 4.42271885 0.07000256 0.05454975 0.91637790 0.20342874
32.02136026 5.55177057 2.55140744 0.03990281 0.12549050 0.21274208 0.87412258
45.97127635 9.57568623 3.67465786 0.05374513 0.05260976 0.67122993 0.43998239
56.51931203 8.32479226 4.88431327 0.06279112 0.06972890 0.78020547 0.11482761
44.90655220 3.41954741 2.61254748 0.06087358 0.14064258 0.49071980 0.59707773
58.14898989 8.73820865 4.68587051 0.07082653 0.06329173 0.57983642 0.13617710
28.27655410 5.88268459 2.44821618 0.02462781 0.19477892 0.97973128 0.08886476
56.52185870 7.76073407 2.24797908 0.05576924 0.13567488 0.38711944 0.82160078
54.99366980 8.91843595 3.25776486 0.03071739 0.05855230 0.97673260 0.95047885
32.62686601 7.91604700 1.62259958 0.02240705 0.11727916 0.01928435 0.13001142
56.75180047 8.18300290 4.13723793 0.08362854 0.06420798 0.82394712 0.06198355
54.70395892 2.50909831 1.01734822 0.03908636 0.16215812 0.57143052 0.13188929
48.94104313 9.45025875 4.21112108 0.07965690 0.05336002 0.60762390 0.14786925
53.07900001 7.80027145 4.48711381 0.06466503 0.05409555 0.65809145 0.28962288
53.49327198 9.73540435 4.09794047 0.07360792 0.06075401 0.56895158 0.24280126
49.32744328 9.77565765 4.23104592 0.09360566 0.06153753 0.54693053 0.11089650
56.92656365 6.09358249 2.21867505 0.03846757 0.15196373 0.22818547 0.87410144
50.18842108 9.68452871 4.20562252 0.08347900 0.07009547 0.89113127 0.06537018
37.40776584 6.62388181 4.48845996 0.06006591 0.13098436 0.29078786 0.97050812
49.11865037 1.39387859 2.67676104 0.03055264 0.11227852 0.15388940 0.93747702
56.53948379 8.79985620 4.33010585 0.08988638 0.06783096 0.72407895 0.25901863
