52.81573519 6.96353118 1.92800622 0.03087258 0.16223882 0.01393974 0.66265405
55.61792562 9.39925579 4.44949713 0.06725988 0.07014743 0.92651577 0.31006952
52.51586654 9.52761883 4.09267320 0.06038713 0.05040515 0.78327709 0.17945066
59.51314873 9.02910946 4.75406013 0.07346269 0.05313530 0.59906698 0.28220659
52.38833696 8.92446496 3.83669489 0.08568951 0.07422402 0.65402769 0.05982150
55.28289033 9.74593647 4.09447161 0.06064751 0.06268833 0.12641665 0.81813436
55.33386208 9.36149475 4.09147078 0.02859663 0.06201345 0.78254817 0.04418122
45.96239064 6.35072022 1.52809148 0.01348617 0.18895486 0.93387849 0.45324179
49.97915191 9.29151844 3.98851888 0.06499787 0.05895237 0.57999553 0.26215853
48.29487934 8.33205745 4.24688205 0.06856087 0.05227783 0.58048729 0.32310205
56.45915925 3.05944939 1.70710914 0.07156088 0.17064409 0.04751947 0.57605512
40.82865335 9.83139147 3.40108607 0.02017165 0.18026895 0.33453643 0.56030172
58.85239770 8.61616232 4.42992545 0.06933459 0.05738208 0.36323191 0.10287779
40.31534696 7.62150899 2.96672849 0.02179366 0.16070004 0.89031165 0.79511436
21.70758745 9.59176068 3.06810154 0.05636009 0.17183853 0.39832564 0.58003160
48.44057815 4.90021346 2.68114594 0.00285836 0.08168558 0.55195041 0.69221109
56.72267640 9.10772808 4.01556611 0.07224646 0.05493651 0.42316454 0.26769273
58.55414333 8.04283110 4.21513597 0.08650561 0.06516611 0.58636038 0.42110891
57.37439415 7.97529458 4.03903542 0.05532999 0.05013465 0.86965415 0.13599544
53.11194661 8.13494452 3.56586774 0.07600001 0.05721109 0.56120271 0.15909361
55.83988596 0.57160255 4.60286348 0.05002905 0.06624763 0.39156374 0.73998079
44.45624376 3.01030351 2.15381369 0.08676182 0.18115204 0.25454637 0.44609292
23.81292268 5.34967309 1.28615343 0.06739179 0.19461381 0.56884274 0.73412467
51.56890361 8.75223465 4.76024363 0.06378594 0.08073636 0.87210014 0.30235065
51.59771412 9.02610656 4.27257689 0.06358254 0.05649325 0.66354138 0.21534129
49.29874616 9.03592002 3.93616358 0.05614064 0.05463859 0.79060868 0.29898249
57.12730279 9.03006908 4.54961933 0.06208251 0.06727980 0.99747770 0.28550547
51.48870617 9.71012958 4.16026571 0.02489865 0.15968071 0.56998365 0.16032440
24.68190110 5.15220036 4.29216438 0.00336869 0.17223793 0.29259969 0.46512960
53.38335008 2.74019105 0.50840392 0.09899821 0.17442721 0.40279625 0.13325382
48.56496346 9.96784734 3.79683397 0.01537781 0.05590855 0.64356808 0.05348176
48.92975331 9.38062845 3.25637310 0.06670511 0.05381361 0.50622395 0.40198794
59.79974817 8.52459825 4.02711392 0.09700348 0.07718406 0.52907839 0.05390247
52.06484102 8.38015131 4.52361776 0.07646202 0.05575739 0.61754203 0.26924581
54.18339972 2.51571946 1.84216789 0.04293124 0.09248482 0.43569304 0.95285438
55.77833157 8.30348129 4.50758529 0.05906130 0.05464125 0.64898342 0.43880660
50.71788431 8.97813402 4.44250476 0.08498767 0.06150045 0.39580672 0.83828034
51.06059451 9.48973645 4.45173361 0.07143471 0.06074893 0.83154609 0.28637160
46.50775925 2.36672513 4.31815591 0.02933047 0.06385230 0.13441552 0.73133364
38.70352141 2.90742317 0.61145198 0.05401393 0.06263610 0.15133231 0.45328377
52.14114152 9.40129672 3.14649490 0.07245237 0.05476723 0.55988436 0.44556292
55.55938679 8.96567972 3.51878562 0.03661479 0.05695902 0.80915416 0.22864071
51.88507708 8.22664670 4.19826755 0.06373948 0.05071017 0.76612923 0.23177762
42.92101107 9.78961515 3.52913693 0.03863053 0.17107220 0.02558722 0.07961746
35.00378378 3.73094580 2.85502301 0.09616950 0.10242947 0.12397023 0.54890469
48.98964569 8.63065145 4.93295721 0.00755483 0.12697834 0.34632413 0.42363893
26.59098417 1.42780668 1.66961974 0.07751392 0.09565069 0.40517721 0.68670960
54.98842478 0.48751777 0.88795009 0.09458114 0.19967481 0.23644357 0.28449694
21.19475590 3.34931069 1.14523005 0.09985766 0.05238871 0.98715561 0.53433051
56.96517405 7.47215929 4.83584132 0.09493846 0.05621934 0.61044901 0.16653511
52.38492457 9.23380993 3.77340544 0.07941287 0.06412636 0.58633569 0.29172872
38.77136329 9.24562125 1.47985453 0.01081936 0.12036993 0.38555041 0.59779031
49.22811163 9.35695581 3.82382504 0.03142668 0.06626810 0.78694036 0.24379503
34.36615332 2.53604839 1.32543389 0.07999636 0.18174023 0.60828612 0.67158521
56.96137886 9.93473150 3.86033878 0.07304855 0.05375986 0.48321872 0.17698586
45.31319311 5.57020201 2.51971662 0.09416750 0.10673761 0.00848892 0.13292372
50.17750804 5.07302531 4.26819528 0.00661891 0.05130317 0.64679229 0.66381333
56.68623827 8.60170355 3.47221879 0.08050967 0.06084707 0.54902049 0.13835407
53.87893508 7.97762419 4.65769755 0.06393651 0.06130701 0.94983822 0.00709035
45.43396535 5.10886043 2.89185956 0.05905662 0.12080540 0.95292606 0.03869883
55.90393950 9.02051365 1.11287854 0.08842089 0.13883286 0.16750061 0.93515524
52.42544001 9.31675752 3.09731087 0.07916193 0.05331775 0.61603860 0.14746242
48.80096225 8.89374022 4.42716785 0.07062998 0.05672675 0.85317255 0.20508377
52.69826877 9.72435555 3.82608681 0.07936712 0.07515043 0.37625998 0.80378444
56.71133349 7.37700432 4.61490015 0.06968736 0.06384023 0.42218793 0.07479084
53.41079848 8.92595925 3.53577758 0.07654846 0.06685558 0.59431098 0.06561808
49.25938450 9.56940483 3.71091617 0.06927205 0.05027075 0.45370078 0.41918506
51.83176026 9.91493087 3.82037481 0.02596832 0.05178153 0.80915505 0.16252379
23.83415577 3.64770190 4.52760508 0.07725718 0.16650093 0.26389102 0.07616997
50.53466883 9.17356339 3.16863511 0.07369674 0.06197151 0.56757606 0.08231148
54.63802476 9.05425703 3.24270358 0.08577109 0.05878009 0.51597191 0.17022339
51.66181597 9.54736141 3.85892061 0.08212189 0.05655929 0.57591219 0.23784642
34.90742500 8.63728796 0.91422990 0.09863948 0.16871569 0.47436693 0.71406640
55.85475148 8.22604167 3.77930765 0.07043891 0.05105858 0.40071659 0.32884835
58.95494238 9.46280063 4.18314853 0.09274559 0.06763047 0.51525230 0.10289654
29.77690085 4.52101245 1.43140533 0.05273033 0.18682352 0.77332438 0.53269259
53.46425897 8.42781529 4.01190712 0.07669072 0.07645892 0.66536183 0.06395992
45.34883984 8.25260312 1.89044136 0.08371640 0.11212402 0.97969094 0.78377083
51.50295476 8.93887212 4.36481912 0.06154333 0.05970022 0.77871500 0.32524657
56.65935080 7.80713651 4.85054405 0.06242235 0.07460639 0.96411962 0.30095965
53.45917335 5.83161199 2.79844012 0.09422638 0.15673827 0.34119245 0.52861689
44.22846245 5.98373839 3.37207745 0.05627391 0.08201825 0.76523602 0.06355416
54.06512693 7.94405308 3.98247179 0.06154474 0.06465100 0.48188648 0.50205933
35.77236272 8.54935582 1.43984858 0.00447087 0.14248366 0.78021549 0.84020947
57.92579237 8.68340213 3.56998171 0.07487011 0.06498210 0.91410391 0.17459402
58.60841564 8.98701938 4.62743974 0.07058417 0.08038690 0.49695036 0.07137316
22.36036102 9.66979626 0.86688076 0.02450872 0.15102711 0.69160246 0.98541834
35.75114818 7.71013732 2.44560338 0.00815355 0.06405139 0.46771560 0.03304304
51.88403589 7.27452567 3.81290366 0.06718219 0.13273422 0.95028430 0.05418372
49.97933550 0.68067003 2.85805330 0.08205200 0.09613653 0.69137034 0.86278440
31.08573289 0.58897769 4.68565592 0.08421776 0.06937977 0.36304750 0.21324160
56.58260622 8.15640628 3.72311318 0.08100313 0.06243020 0.45430447 0.25612648
54.57186007 9.62189898 4.16017837 0.06202047 0.05084176 0.81862489 0.07944630
56.97112467 1.92488032 2.56629540 0.08786572 0.13658812 0.15593978 0.12797680
54.19181024 5.97700004 3.41306716 0.02550008 0.08028764 0.33059753 0.68431410
54.07030606 8.75777420 4.41762236 0.08883541 0.07176943 0.53742682 0.08133283
52.94127692 8.35519175 3.82818672 0.05825555 0.05130846 0.76334278 0.21750517
57.89049709 8.26172780 4.73437935 0.05631799 0.06357218 0.49639095 0.31846832
53.09285591 9.67743859 4.28222506 0.07943502 0.07079696 0.53910640 0.14848261
50.12729228 8.10902339 4.21049991 0.06372195 0.05235501 0.66738944 0.16957600
39.78481444 6.60416592 2.86805361 0.00489503 0.11773638 0.12549142 0.69951785
46.61033144 3.56486167 3.17209689 0.02858679 0.11307785 0.21234576 0.48254317
22.08105381 8.52847774 4.49520598 0.02789939 0.18644900 0.56380038 0.30577193
57.90224645 8.76696156 4.62304918 0.06897842 0.07570185 0.37272469 0.08133769
55.82755375 8.98152604 4.42709538 0.08898621 0.05350428 0.49165463 0.40149086
52.67868413 8.56610301 3.95802917 0.07243144 0.05902408 0.50278754 0.39180136
55.40312419 9.76829002 3.27793651 0.08953124 0.05787488 0.55164360 0.03776452
52.86434355 9.12317905 4.89286213 0.06108340 0.05987188 0.59443168 0.35705160
51.75627623 8.39593253 4.22126020 0.06169436 0.05405800 0.56347104 0.36282775
35.44847664 2.88156848 4.05382227 0.01042335 0.05522730 0.08740603 0.64870174
34.83714112 2.43507396 1.14453363 0.05628399 0.15880573 0.50313545 0.72647738
50.30842475 7.84030949 4.88790287 0.03713657 0.05694938 0.37286501 0.01402367
34.27468032 5.94572212 4.24275712 0.09379605 0.06936349 0.53169300 0.69954998
37.48080228 7.26629973 4.30649296 0.06442325 0.15651414 0.49390013 0.66039836
57.40250416 9.11166487 0.81454441 0.04129381 0.11619303 0.99821343 0.20814412
50.10562866 9.27700582 4.93944227 0.08122558 0.05984806 0.57679404 0.49609132
55.50824812 2.52179904 1.99237914 0.09814228 0.16460601 0.76501176 0.25332853
52.26670333 0.30017076 1.43662607 0.00762870 0.12943147 0.27603118 0.79987881
50.23309402 8.95807549 4.30757147 0.06080366 0.05958928 0.56704428 0.24436831
54.55061909 8.84409845 3.11691575 0.08223627 0.07265099 0.54300490 0.17772587
46.42558922 5.10598310 0.77506146 0.04769410 0.19405197 0.57256600 0.07458325
24.24585049 1.46211824 1.90269881 0.04330861 0.15431105 0.83350955 0.98900873
58.95566640 8.76683662 4.38467033 0.07413916 0.06993189 0.33224743 0.08963939
49.77029801 9.25842160 4.39920734 0.06910755 0.05162750 0.80901714 0.22912508
28.09037761 9.03943914 4.49751383 0.09474143 0.14013378 0.55239553 0.61233167
45.48378473 9.37063793 4.00409022 0.02849539 0.06768468 0.66945513 0.13798604
53.78304880 9.68280712 4.22826854 0.03756687 0.06238084 0.71459447 0.34549099
54.94916657 1.68507659 1.63988259 0.08236599 0.17445092 0.38435980 0.02040737
