58.79906817 11.24421193 5.58869031 0.01094584 0.07004095 1.07594270 1.04986660
60.37883645 11.72879342 5.38984343 0.01386268 0.05659164 1.05884145 1.01750984
59.40184982 10.47062659 4.96770780 0.09770658 0.12020125 0.90897160 0.93744379
64.30728828 10.61852772 5.66241805 0.00618246 0.09118735 1.22345880 0.92769227
63.86617913 9.72197323 4.96766068 0.11655968 0.05948806 1.16548793 0.97056377
67.01493455 9.45701883 4.79903067 0.09705672 0.07743767 0.88406996 0.77809948
58.83968360 9.72466078 4.99068728 0.11176309 0.05588093 1.12706799 0.91050200
61.22502324 12.52060131 5.86710244 0.01880582 0.05402171 1.24668137 0.97122294
51.59637983 11.84528286 5.48100115 0.00336729 0.05464884 1.12392110 1.03450387
69.33322004 9.48444519 4.42303085 0.10898788 0.06337904 0.90740685 0.91939851
66.08679982 10.47999267 5.45523492 0.00934053 0.06420323 1.17951770 1.11344150
31.49973672 3.01743550 1.79372038 0.02946185 0.09312401 0.28749342 0.28749342
62.28330057 8.85804391 5.35487120 0.07432233 0.13322940 0.74026299 0.81661984
58.65019508 9.66929779 4.84814695 0.09665923 0.19493823 0.96625488 0.96625488
57.82769539 9.62773906 5.28971358 0.11854676 0.06370591 1.12844452 1.00472519
62.59795356 10.35219412 4.35848401 0.09299271 0.15837742 0.73925649 1.00312750
61.16643064 11.30712734 4.24644794 0.09790448 0.12951034 0.93580990 0.83403435
57.25965907 9.32861647 4.69171165 0.09321766 0.18972372 0.93149148 0.93149148
62.65151885 9.70529540 4.10801211 0.10328701 0.05933768 0.90867899 0.64074124
56.62449154 11.64610339 5.88653692 0.01682869 0.05038059 1.13400346 0.83099851
63.38928556 11.30964342 6.34332707 0.01591173 0.06146725 1.17828850 1.05623479
63.26501116 11.86166103 5.92335389 0.01965467 0.06336338 1.01901536 1.04487467
35.55386129 4.01069602 2.24980940 0.03949581 0.10832698 0.38884653 0.38884653
63.08512599 10.65300674 5.81475645 0.01162451 0.05188456 1.05800669 1.18983091
58.93726407 12.60529947 5.17766134 0.01290547 0.06189966 1.14357073 1.07717839
58.86968225 11.75409812 6.15043115 0.01155094 0.05438203 1.23944367 1.00101703
61.58492955 11.47455154 5.06117600 0.01223142 0.05532259 0.97637837 0.96934572
56.03415473 9.02836791 4.55384241 0.09018453 0.18512808 0.90085387 0.90085387
61.14782002 10.23612688 5.33283499 0.01350098 0.05399232 1.26121162 0.86678485
68.59784956 10.03302884 4.38006653 0.10229582 0.05188040 0.95075283 0.72578983
64.27315639 9.59671345 4.83796837 0.09844306 0.07122739 0.82033764 0.90043499
56.07910923 11.25508890 6.09618033 0.00683344 0.05389865 1.08355857 1.08867236
59.92460384 11.72432752 5.48666029 0.01824647 0.05160504 1.14220139 0.88908644
56.52961061 11.16516407 5.85525311 0.01540073 0.06333416 1.31383051 0.98216375
62.36881833 10.96563164 5.82227418 0.01479500 0.06810678 1.29926481 0.98799884
66.84407763 10.31435052 4.80420467 0.09822604 0.06250298 1.18764686 0.82578339
61.85823479 10.46477960 5.68455258 0.00105915 0.06444913 1.17645988 1.00826315
57.65027125 11.79185516 5.49023792 0.00332012 0.05166691 1.04157821 1.04876187
57.90296344 9.73815220 5.53266075 0.12269003 0.06908484 0.96986845 0.99057855
66.08399672 9.53375397 4.30857638 0.09598396 0.05442751 0.96047244 0.68154767
59.98133595 9.97801721 4.64447757 0.09970177 0.05295792 1.04866924 1.05589157
61.30789613 11.48869737 5.08052454 0.10268563 0.05682924 1.07045850 0.94697486
59.18386685 12.19314562 5.16815662 0.10820868 0.05870068 0.78462854 0.92247017
65.15614000 10.95048320 5.73162996 0.00982742 0.07300727 1.20857912 1.15557062
62.13441142 10.58504851 6.07519691 0.01200441 0.05288257 1.13291276 1.20226703
64.66267398 10.38062841 4.81190396 0.07796356 0.17820842 0.63862132 0.86732535
61.24793131 9.77710195 4.88166101 0.09925756 0.06836971 1.10630208 1.01491989
61.59975229 10.45602919 5.12174903 0.08009905 0.15494821 0.77908772 0.79230770
64.95108353 11.32317166 5.79093101 0.00885632 0.05103329 0.96785170 1.00755399
60.77509856 10.61278111 4.39503863 0.08496651 0.15168602 0.71367154 1.02748796
62.05861189 11.51224938 5.25086633 0.02242951 0.06603095 1.07387571 1.12638763
65.94621001 11.60223062 5.78354954 0.01332680 0.07878331 1.20037584 1.16100244
59.24374552 10.80838958 4.04648813 0.07470347 0.16227930 0.64417736 0.96296244
70.11844299 9.99922810 4.98947024 0.12375963 0.05163594 0.84882501 0.86245326
61.81476272 12.17698562 6.07090375 0.00130260 0.05717724 1.14186298 1.01961191
54.97806803 8.76962667 4.43503265 0.08757072 0.18116776 0.87445170 0.87445170
72.78305874 10.30821621 4.70540076 0.11800447 0.06246526 0.94889510 0.88873009
31.54359124 3.02817985 1.79865401 0.02957039 0.09328847 0.28858978 0.28858978
65.09868735 10.61188449 5.41673758 0.00251169 0.06456839 1.14135809 1.16539303
62.08267028 9.94173778 4.80552830 0.11875727 0.05320656 0.80579864 0.83713350
60.92336167 10.83820465 4.66021823 0.08446119 0.11763985 0.89435359 0.88377690
60.86946500 11.78335984 5.90394824 0.01714598 0.05340407 1.24627867 0.97889168
60.99485299 10.11427935 4.86786070 0.09869400 0.13872509 0.97806814 0.75077366
60.61884460 11.73766719 5.05406217 0.02495992 0.06118205 0.92348241 0.95130771
60.05056447 11.78146251 5.64006740 0.00963520 0.05331742 1.27603606 0.98611397
59.96729993 10.26385908 4.52534685 0.08237412 0.13899463 0.92733672 0.83146310
61.99440123 9.18468560 4.74689418 0.09327178 0.14882498 0.94460558 0.74533644
65.73879662 9.18036624 5.82526671 0.11357425 0.06062995 0.83307630 0.82214046
64.33331714 10.67662536 4.79140147 0.11104083 0.07272901 0.85975242 0.87112044
60.38940615 10.70180853 5.86437799 0.01196218 0.08745641 1.03979425 1.07263087
56.99321222 9.26333699 4.66173637 0.09255820 0.18872455 0.92483031 0.92483031
65.29504033 9.14285908 4.61984609 0.11642642 0.05706372 0.95441465 0.80887245
61.61658066 10.80362379 4.77273087 0.12806572 0.06581617 0.85616979 0.97095203
61.68802864 10.74401605 5.51379973 0.01647445 0.05112948 1.26519732 0.87197069
63.82165507 11.97243328 5.60352112 0.00415104 0.05668805 1.18261899 0.94146411
55.20205634 10.04243490 4.91587634 0.11623921 0.07390091 1.14342118 0.95993487
61.74926748 10.90172203 5.54157775 0.01033407 0.05537440 1.09306552 1.02746172
55.54085882 10.56572959 4.69666372 0.07910250 0.16436888 0.71226568 1.07822659
44.22045872 6.13401239 3.22480161 0.06094564 0.14082672 0.60551147 0.60551147
62.92822814 8.48680155 5.03502979 0.10801286 0.06936455 1.00181671 0.85840384
59.58894337 11.70847904 5.75691296 0.01150945 0.05199914 1.21181496 1.02953254
61.32533665 10.53635884 5.71055083 0.00733136 0.06703756 1.21990385 1.13874843
60.43386788 11.30002702 5.52180999 0.01233338 0.05960104 1.19618857 1.13754514
54.33695113 11.96374411 5.80797106 0.00679553 0.06036841 1.11604251 1.11055899
62.57247665 11.50351028 5.63319579 0.01721408 0.05683944 1.22771872 0.97035116
63.95741373 12.28619820 5.48349187 0.01971546 0.06784489 1.21768883 1.14066552
60.41686023 10.62442725 4.16909318 0.09688885 0.15560308 0.98137715 0.87553901
26.38555339 1.76446058 1.21837476 0.01680424 0.07394583 0.15963883 0.15963883
58.42010663 10.07652591 4.60955946 0.09601881 0.07065977 1.06039733 0.96156200
60.42009370 9.70294422 5.27667622 0.11974202 0.08078565 1.12827831 0.94891885
61.20729282 11.57549090 5.61057298 0.01072414 0.07072876 1.10105030 1.09547219
62.01406270 10.75980490 5.22313236 0.00735584 0.06299208 1.36221811 1.27774404
61.07787650 9.02152149 5.27734154 0.12523126 0.05270749 1.12946546 1.01292267
40.92078550 5.32559245 2.85358837 0.05277894 0.12845295 0.52301964 0.52301964
54.25550314 8.59259827 4.35374410 0.08578237 0.17845814 0.85638758 0.85638758
63.69531287 9.58501061 6.22922670 0.09934143 0.18226270 0.00745312 0.98186471
60.41788247 10.28208482 4.02951638 0.08701633 0.12492660 0.87064273 0.84883237
45.01497263 6.32866829 3.31418442 0.06291206 0.14380615 0.62537432 0.62537432
61.09625789 11.82191594 5.25103567 0.10879447 0.05711494 1.10849276 0.95503342
70.19142524 9.24753311 4.82865523 0.11797014 0.05763548 0.89866255 0.75228389
63.21061240 10.18196747 5.29248617 0.10742041 0.05117848 1.00816654 0.95594499
62.09444223 10.87841168 4.29808683 0.10540514 0.12795600 0.91413420 0.88280953
61.26616005 9.98357467 4.69396390 0.11809773 0.07206920 0.97969414 0.76938764
67.34657478 10.58678724 5.46831575 0.00995629 0.05625006 1.20994384 1.12479383
61.00054376 10.50088778 5.62455561 0.00729966 0.05668016 1.03949959 1.15082179
60.28975115 12.16325490 6.01981551 0.02119110 0.05122109 1.16917495 1.01252616
66.62614371 9.49983469 4.85726979 0.07602786 0.16386691 0.63661077 0.75745915
59.23139331 11.49160725 5.69172584 0.01073745 0.06906328 1.20984667 1.04141766
62.28300045 11.95335177 5.78197930 0.01802129 0.06396802 1.13243808 0.97030171
35.46034338 3.98778413 2.23928863 0.03926435 0.10797629 0.38650858 0.38650858
57.06779245 9.95978244 4.85538239 0.12003034 0.07570950 1.10993861 1.03517289
62.94830274 11.25282060 5.63889954 0.01896888 0.05812200 1.24096813 0.98280707
66.11578891 12.77004714 5.40055813 0.00796412 0.06098186 0.86044190 1.01084206
56.71087655 10.76059303 5.68680803 0.00552158 0.05030487 1.10627119 1.09051146
54.80013816 9.37599622 5.55973798 0.12015245 0.07062978 1.06140486 1.03300773
67.37598678 9.61788922 4.78814087 0.10973921 0.08279142 0.84431865 0.83636205
61.71347593 11.01298286 5.90798159 0.00169463 0.05620126 1.03187912 1.15515630
23.90831643 1.15753753 0.93968560 0.01067308 0.06465619 0.09770791 0.09770791
66.81881712 9.02506808 5.32042214 0.12787681 0.05602258 0.95784217 0.90369990
68.33363048 10.41982933 5.50647759 0.11147111 0.05102835 0.86823066 0.89009397
62.25363197 10.83161243 5.68262432 0.00665573 0.06947169 1.21473486 1.00223864
61.65332431 9.82387160 5.39117119 0.00561044 0.05278044 1.11692035 1.21182742
62.08217476 11.52438244 4.07952683 0.09966230 0.13902133 1.01416453 0.83556505
62.73802741 10.69963767 4.21114364 0.08695009 0.15631109 0.76527547 1.03035578
70.80567104 10.66268350 5.53070405 0.03110472 0.06707510 0.95575593 0.90513377
61.89953875 8.65945541 4.91611310 0.11062752 0.07088169 0.94721986 0.86013661
63.66946582 9.06918443 4.89503076 0.07111915 0.18609656 0.75656801 0.84238217
59.40882262 9.85516154 4.93349254 0.09853684 0.19778308 0.98522057 0.98522057
