54.00647852 8.38147509 4.21836337 0.07532079 0.06251145 0.09329720 0.53109674
54.44040543 9.13981244 4.09651638 0.06523489 0.05009158 0.36741911 0.13033295
55.65863775 9.03958753 3.82925527 0.06978724 0.05588396 0.22020997 0.53433620
53.65723937 8.37660990 3.95443789 0.07311484 0.06363470 0.81292615 0.47143256
42.78110255 0.94216136 1.38160709 0.05219130 0.12332730 0.65762303 0.91228648
57.31007089 7.76843593 4.57608214 0.07455948 0.06990835 0.44538024 0.15384482
57.41739810 9.17922697 4.70794645 0.05392397 0.05390311 0.11298539 0.42662171
58.31235858 7.66668587 4.53099630 0.08216872 0.06327981 0.41146646 0.19995955
53.96688639 7.62928474 4.61893207 0.06839962 0.06178498 0.76252950 0.45852449
53.31117432 8.35619923 4.14641303 0.08687527 0.07623047 0.18647888 0.44783481
54.64270912 8.97645566 4.57481170 0.07830841 0.07789242 0.38852376 0.45166876
54.98538188 9.70463466 4.37094868 0.09036699 0.07368295 0.14430843 0.40376681
49.32629877 9.61828273 3.93557587 0.08570920 0.05526460 0.39135524 0.38439661
55.68345164 8.54597992 4.82403737 0.07250836 0.06576655 0.30969034 0.06209069
59.86825419 8.66298400 4.76280550 0.06445655 0.05940707 0.72207722 0.52909770
33.07599069 8.12716269 1.39758798 0.07681616 0.08401100 0.93249364 0.49210667
52.95519355 7.88124795 4.77588296 0.07093478 0.06978030 0.50881114 0.36458521
55.89281801 9.75949953 3.89881147 0.06774072 0.06226495 0.37850258 0.55836955
53.20451212 8.48970084 4.34999569 0.08730622 0.05618300 0.46536341 0.48396481
51.45198337 8.81900239 4.54834567 0.07726528 0.05631743 0.15389883 0.53499469
47.65064581 8.05717179 3.71343331 0.02334743 0.18893089 0.41564798 0.35180226
55.00844935 7.78875758 4.57677942 0.09114149 0.05304782 0.42873037 0.27311358
54.68881060 9.41433665 4.26359555 0.05224827 0.05269975 0.53814945 0.43098403
58.64199363 8.93639232 4.45814993 0.07767540 0.05902532 0.25276440 0.60695591
20.41464700 1.48102396 4.69950904 0.08670673 0.18640666 0.34037258 0.80842633
52.70623613 9.07777921 4.69600175 0.09481964 0.06052896 0.29623298 0.34848515
55.04930039 6.35087149 4.67673040 0.07718780 0.05278724 0.45553440 0.36405605
54.72139988 9.52104968 4.92270709 0.07054172 0.06971444 0.55291178 0.40294278
55.84436345 9.56981216 4.62669906 0.06181023 0.06763709 0.65884747 0.47819444
27.20121888 5.64976031 2.37064569 0.02959110 0.18342753 0.87032595 0.79393492
52.18801894 8.67797057 3.81211372 0.06573491 0.06055698 0.14875195 0.53842113
59.68641202 0.56450974 1.44279781 0.08288192 0.14945486 0.29687906 0.90262318
52.47396824 7.58374596 4.14917465 0.09054437 0.06076536 0.30565885 0.09594911
56.32765445 9.35898107 4.71656102 0.07995060 0.06837540 0.21680696 0.45615965
55.35395299 8.81364603 4.43955220 0.06650095 0.06549372 0.42010537 0.07072486
39.44150730 4.09988643 2.81676046 0.08591993 0.14054036 0.83889386 0.21727836
48.75405461 9.23649956 3.91170103 0.08357411 0.05858394 0.32692409 0.53639163
40.45252945 8.49850671 4.74909999 0.04054276 0.17018527 0.05732258 0.33351299
55.34923416 8.91903133 4.56020223 0.08475686 0.06199400 0.15825253 0.45673813
52.51206583 9.89666082 4.43091012 0.09266091 0.05909836 0.20832432 0.38309468
54.91304124 9.58794459 4.56329063 0.06824665 0.05067067 0.13654830 0.54893409
28.25025462 0.86482692 1.22619197 0.05544222 0.10083388 0.27914463 0.34838165
49.56786214 9.43587954 3.74190620 0.08686819 0.05696523 0.49754651 0.46151028
28.70335971 1.00363047 1.21099200 0.04041865 0.05843308 0.95290336 0.91189569
37.04914058 9.81165387 1.87454742 0.03887162 0.16909822 0.33270602 0.26212113
57.11249524 8.17568171 4.84842687 0.08334464 0.05299376 0.50451617 0.23952594
51.75938679 9.09660268 4.09727431 0.07977691 0.06193528 0.27851788 0.66937794
57.46682000 5.33160247 2.43268345 0.04595523 0.19132719 0.52357686 0.02580939
53.00696033 9.33839246 4.11997526 0.05067259 0.05639203 0.40711775 0.42154222
39.64332030 4.60138073 1.99909955 0.09661542 0.18574813 0.74332464 0.84599323
32.05468248 2.66536468 3.11095298 0.01240606 0.09933159 0.18083286 0.59981026
21.98019050 3.96955521 1.11204343 0.07924506 0.16699647 0.91396028 0.10095659
57.12243390 8.04281126 4.19767713 0.08677384 0.05843728 0.36894780 0.17930921
53.10354585 9.69730210 3.69969081 0.08157377 0.05352329 0.29032392 0.51239933
59.36530489 9.20089383 3.77926425 0.05443454 0.05985655 0.29478254 0.32241390
55.29652447 7.60704525 4.16974901 0.06817523 0.06024301 0.75209841 0.51835262
45.10431878 0.94582221 4.81567011 0.02352919 0.18861564 0.28419117 0.25988612
50.12981383 8.50854443 4.47958426 0.08513257 0.05221157 0.35432594 0.26088760
52.18711106 9.62310523 4.52422622 0.09276853 0.05606655 0.64384258 0.64700479
54.65171912 8.12964529 4.48355822 0.08596951 0.05788951 0.35183040 0.17121437
58.20027290 8.57209373 4.10161413 0.08374412 0.05143760 0.38167487 0.38830828
56.00891986 9.44392317 3.95562824 0.06228347 0.07874504 0.25731390 0.55435492
56.41054033 8.57050241 4.26761279 0.08831781 0.05717934 0.18296268 0.11500012
56.99265612 8.96702193 4.26890477 0.06335694 0.05456210 0.31502776 0.25283400
32.77882425 8.68727500 4.24271610 0.06447787 0.19767087 0.86598096 0.30840178
22.69673414 9.23235620 4.63679028 0.03238786 0.18623778 0.85536830 0.12696516
55.18700649 8.77215040 4.19222766 0.08890859 0.05244404 0.41514426 0.13964123
52.59672602 9.36787524 4.15229269 0.07948936 0.05305978 0.01723716 0.43641466
55.46403214 8.32893509 4.54249552 0.07657080 0.06298923 0.55867987 0.32414241
41.92116832 4.74445523 4.18871866 0.09807691 0.17719167 0.12037906 0.46087015
56.47612817 8.54465304 4.51499460 0.08130996 0.05048386 0.49311826 0.38858925
52.65186298 8.73767314 4.40365214 0.06075072 0.05445448 0.76103761 0.48066315
22.47529905 1.58869651 1.00914661 0.07014788 0.08739581 0.81648642 0.71992433
56.27401647 9.09368855 4.44524731 0.08271560 0.05772777 0.35480321 0.16245933
53.05496308 9.03364410 4.38188450 0.08024142 0.05316936 0.43712756 0.13979683
57.48752106 3.30466782 0.74402883 0.09688352 0.12595346 0.00873798 0.15378816
53.24861798 8.37147819 4.35856294 0.08420674 0.06445170 0.11319712 0.50665812
55.55123899 9.73151562 4.92346439 0.09979152 0.06071303 0.44174913 0.24043536
23.42284595 8.70701258 3.52859353 0.04458772 0.11369632 0.94768886 0.75473083
50.60260638 9.82513968 4.43445689 0.08441684 0.07147908 0.55016904 0.68073335
20.74253960 1.08863898 3.36992784 0.03450456 0.19911455 0.45259602 0.20388172
39.84301346 5.67314841 3.36039634 0.06843516 0.13553846 0.52340687 0.50805845
55.92532477 9.15398474 4.44106941 0.07657715 0.08191421 0.26594394 0.43164171
57.00030969 9.90710258 3.68287675 0.09257476 0.05933824 0.29498317 0.10066520
57.92428538 9.61421037 4.47614201 0.09311326 0.07055607 0.51054055 0.25683092
51.62705808 9.09069375 3.92528369 0.08254029 0.05128919 0.35870587 0.49532094
51.88440251 9.32323584 4.87485280 0.09286029 0.05517424 0.29839183 0.32643570
58.65038065 8.21470790 4.32651966 0.08327290 0.07383861 0.30863924 0.55071559
51.16789144 7.64031319 4.84559715 0.08865419 0.06832324 0.35437109 0.06419591
53.48191896 8.48383098 4.33821240 0.08264244 0.07162633 0.38717587 0.28987539
54.69739654 7.56137624 4.78978826 0.08862208 0.05417453 0.33152351 0.29507560
52.30489519 8.96104950 4.28732104 0.09551478 0.06713804 0.25531812 0.40028826
34.09505598 2.57579258 0.51828623 0.03589125 0.07209533 0.99998687 0.77728565
54.02428490 9.50110230 4.32750802 0.07645926 0.07219333 0.18692723 0.54828410
21.79892275 5.78430623 1.19284975 0.09109940 0.06334192 0.22128692 0.33560027
54.02994422 8.29491665 4.52435511 0.07698973 0.05592497 0.42942733 0.30380122
57.06793861 9.36133754 3.98423168 0.06642873 0.06904019 0.22982299 0.56953595
53.05082111 8.13745278 4.48488209 0.06827075 0.07124589 0.27868822 0.48930671
58.66288487 8.34640076 4.21334869 0.08757663 0.06373005 0.27926488 0.50772319
59.59936117 8.68721213 3.96869690 0.07783722 0.06519074 0.28592822 0.58540529
56.99599979 9.94740438 4.05632211 0.08575585 0.05072621 0.36509351 0.20115495
54.78164894 9.06960639 3.99400921 0.08497823 0.05594926 0.47238747 0.25040822
59.05869221 4.48161280 2.64687972 0.01232950 0.11801409 0.27321524 0.34213433
51.17581434 6.38077664 3.37562964 0.06228379 0.17634274 0.87249835 0.63143059
56.95390864 8.74584927 4.67046363 0.05921819 0.06009549 0.73329145 0.51100913
54.15324321 9.44428844 4.31346704 0.02897405 0.05015421 0.51006646 0.66675688
56.46372935 4.45260797 1.99382576 0.06561245 0.14195934 0.38865140 0.11901191
56.91578440 8.52976829 4.43324188 0.07053962 0.05956483 0.08746099 0.47499031
56.26265364 3.86652090 2.96451348 0.05509065 0.09840311 0.00762705 0.77481156
53.09983100 8.60038413 3.66529812 0.07788214 0.05189837 0.32278491 0.53133133
48.38742277 3.54288000 4.02725633 0.00159152 0.08731826 0.30348004 0.59005526
51.42926790 1.82428798 1.66433865 0.06865570 0.19180344 0.03687626 0.74826210
55.40179301 9.45586174 4.38342173 0.07781886 0.06566709 0.49281446 0.44286258
59.20199066 9.22093257 0.90627630 0.05135549 0.10389549 0.00046302 0.08728668
23.87694061 4.34174961 0.78768048 0.06127811 0.16594407 0.64033260 0.44203956
23.61552678 3.80971507 0.67456150 0.04535043 0.18282114 0.28838232 0.61674800
56.07681480 8.09872981 4.73129490 0.09371644 0.08507975 0.44960757 0.29452301
53.07558681 8.47003352 4.15243340 0.04643287 0.06745936 0.39414941 0.40880778
51.75354571 9.61400619 4.04567534 0.05076450 0.05127207 0.34717498 0.44164759
55.82320382 8.61174295 4.07193676 0.06874478 0.05431772 0.73219353 0.51302870
56.24364463 8.57183054 4.81013149 0.06750999 0.06249521 0.77233153 0.66213888
49.09423199 9.70383769 4.32186914 0.08149016 0.05874934 0.38583023 0.58310604
48.95368957 4.02101856 1.46697931 0.09611256 0.18333369 0.32340919 0.86083881
56.57350052 8.68263531 4.44347370 0.09072466 0.05257314 0.41674688 0.09635213
55.57189885 9.16394470 4.03836714 0.09424097 0.06346091 0.39383703 0.31814973
57.38910639 9.02572032 4.32850907 0.06688685 0.05462155 0.31467192 0.09450801
55.76890556 9.79711081 4.40483975 0.08237603 0.05461411 0.56871919 0.58110463
52.22055696 9.12827097 3.63493492 0.04829285 0.05803905 0.48636459 0.39254585
