100.60690576 19.89840655 20.37322199 0.31852035 0.06101878 1.23179867 0.14465642
92.56664446 21.44657453 19.99316646 0.33725712 0.05503458 0.93081972 0.30490253
56.54463762 9.15343622 4.61127173 0.09144798 0.18704239 0.91361594 0.91361594
92.90880963 22.27274718 20.16310384 0.33800341 0.06061423 1.05803981 0.49638154
65.14524175 30.74015832 15.43773046 0.24968097 0.05186326 1.78013217 0.27735893
80.82769384 23.85325357 17.58225785 0.31041233 0.05887796 0.63155046 0.29724668
69.01755949 29.53905134 15.50464187 0.25327328 0.06680756 1.36345360 0.16549741
100.84491377 21.26203613 19.83215915 0.32001796 0.06538910 1.33180922 0.13241413
87.23075014 22.65460769 17.34610993 0.30927242 0.05578455 0.61623196 0.22872612
58.02308908 31.67285039 14.58793613 0.24366356 0.06265233 1.61786760 0.26494372
77.49948699 23.99498268 17.99158691 0.31616833 0.06789246 0.96778595 0.23532315
81.57266996 23.93565114 16.29420195 0.30109292 0.06728373 0.93583317 0.42852375
81.77505888 24.08356954 17.83995012 0.31683618 0.05732035 0.59668097 0.34461462
88.24616140 22.31572974 19.69783860 0.30153366 0.06155077 0.77406212 0.38859808
67.39577569 29.93411459 16.03496749 0.24541846 0.05217397 1.34691527 0.13150237
81.19175539 29.03466932 16.29224580 0.23143985 0.06427147 1.63455345 0.40478443
99.46323004 21.61870281 17.76237053 0.33592612 0.06289204 0.95010090 0.25355194
83.47652731 24.63767067 17.39047449 0.30599454 0.05935855 0.91437797 0.21676455
49.09794333 7.32899611 3.77351862 0.07301741 0.15911729 0.72744858 0.72744858
59.95315227 9.98852231 4.99472963 0.09988405 0.19982432 0.99882881 0.99882881
24.05326057 1.19304884 0.95599181 0.01103182 0.06519973 0.10133151 0.10133151
81.00562050 28.89702520 15.08871805 0.23855535 0.06293482 1.66295373 0.12953147
68.05896204 30.83084309 15.45847987 0.25603153 0.05364071 1.79843966 0.13897149
56.31966056 9.09831684 4.58596181 0.09089116 0.18619873 0.90799151 0.90799151
96.08080441 22.76957589 20.12577918 0.30434396 0.07056688 0.85642328 0.30960018
90.48084110 22.24139208 18.95568274 0.32269520 0.06041698 0.95879736 0.24230546
46.49702002 6.69176990 3.48091475 0.06658012 0.14936383 0.66242550 0.66242550
88.31788729 24.98179108 18.66011347 0.31413011 0.05621477 0.95271076 0.13844311
89.39439327 21.64130962 18.98932296 0.30938590 0.07618251 1.08965524 0.27413344
90.04460905 23.15467203 17.09602167 0.31731313 0.06471967 1.33766893 0.20440548
100.98121354 21.73237475 19.63409091 0.30063387 0.05204016 1.19179374 0.05464774
43.74081548 6.01649979 3.17084174 0.05975852 0.13902806 0.59352039 0.59352039
88.72402903 22.40291613 17.51386087 0.34061979 0.05417270 1.33526903 0.27206051
102.59528189 21.69143148 19.79522713 0.32150887 0.05612444 1.06247008 0.02441945
83.36561840 25.11045709 18.78812313 0.31049919 0.05354463 0.74491603 0.05516816
82.44791737 25.62533742 16.52196777 0.21709345 0.05670722 1.31356195 0.43540014
78.32029062 23.72704365 17.83720530 0.31392066 0.05597042 0.95282739 0.25092038
45.71035780 6.49903766 3.39241525 0.06463314 0.14641384 0.64275895 0.64275895
59.84172877 9.96122355 4.98219449 0.09960828 0.19940648 0.99604322 0.99604322
95.14650729 22.38755136 21.13734658 0.33527797 0.05147618 1.15730240 0.30085908
89.65778483 22.33344043 18.91237848 0.31389582 0.06469719 1.12367701 0.35787938
84.96969629 22.55615029 20.24305656 0.32657107 0.05311819 1.05365695 0.39836109
87.10188363 22.75138080 19.82536004 0.32081965 0.06770374 1.05063841 0.29812586
48.16219316 7.09973732 3.66824673 0.07070143 0.15560822 0.70405483 0.70405483
28.26272063 2.22436655 1.42955607 0.02145023 0.08098520 0.20656802 0.20656802
92.80468151 21.26013252 20.87743427 0.33752064 0.06763110 1.03689902 0.30424835
85.53068259 24.90354431 18.79925665 0.32208482 0.05103071 0.87809519 0.07726800
76.64689119 29.58946000 14.94645130 0.23527298 0.05221938 1.70294909 0.02375639
88.79223518 23.28655031 17.07041208 0.31320834 0.05783684 1.38312064 0.21528647
94.29782293 22.55459481 20.20832339 0.33197310 0.05742603 0.99165170 0.44137668
90.78554898 21.76129053 19.09766019 0.30900229 0.05791806 0.91345104 0.18666479
89.57943878 23.26984486 19.18097678 0.31161058 0.05427471 1.12720806 0.34991126
97.33736820 22.18080086 18.10540313 0.34409533 0.05243177 0.96011930 0.13894410
93.58111448 20.97904572 20.51049492 0.33373985 0.05256042 0.83755490 0.22508363
87.98729004 21.96668346 17.31043461 0.31320566 0.05442052 1.46052011 0.23882557
90.95289336 21.68230885 19.18854033 0.31417717 0.06854252 0.91610836 0.29529017
27.84056387 2.12093815 1.38206343 0.02040540 0.07940211 0.19601410 0.19601410
54.09272304 8.55271715 4.33543134 0.08537949 0.17784771 0.85231808 0.85231808
48.43433530 7.16641215 3.69886272 0.07137498 0.15662876 0.71085838 0.71085838
32.00164416 3.14040282 1.85018497 0.03070407 0.09500617 0.30004110 0.30004110
67.39763271 31.46249341 15.03897251 0.24398954 0.05321043 1.76513544 0.17252308
68.12342417 31.23941924 15.38460050 0.25125151 0.06115213 1.84489145 0.08456095
74.20102879 22.95657633 18.07300184 0.31820673 0.06722553 0.59044994 0.32254800
89.72529080 21.93642045 17.30174513 0.32481657 0.05673485 1.32393693 0.28008087
77.85737571 23.74737868 17.69423640 0.31484018 0.05853429 0.71475949 0.35449208
43.13240846 5.86744007 3.10239595 0.05825271 0.13674653 0.57831021 0.57831021
88.22046359 23.04483376 17.72824335 0.33465402 0.06653300 1.33403588 0.31754086
91.92784330 21.81857187 21.13813538 0.34024483 0.05355240 1.11288016 0.35366771
45.15456911 6.36286943 3.32988902 0.06325756 0.14432963 0.62886423 0.62886423
103.88251677 20.54453349 19.52243835 0.29894462 0.05530967 1.19499749 0.10725991
21.39504962 0.54178716 0.65694308 0.00445275 0.05523144 0.03487624 0.03487624
87.65384789 22.78948073 17.06192327 0.33287395 0.05393422 1.48347635 0.31385994
55.09807370 8.79902806 4.44853329 0.08786773 0.18161778 0.87745184 0.87745184
90.05706233 21.97231426 17.04035810 0.32743018 0.05079993 1.32227073 0.21223109
78.77363558 23.05250286 17.23514796 0.29824964 0.06820430 0.86782155 0.03094923
73.40780331 29.34672841 15.20032586 0.24910566 0.07962934 1.57682304 0.12466114
102.01590623 21.34141404 19.41376944 0.30900652 0.05172481 1.24711449 0.19565780
23.23269590 0.99201049 0.86367829 0.00900092 0.06212261 0.08081740 0.08081740
94.43345091 23.05796190 19.86624095 0.34706884 0.06651868 0.96430790 0.42834922
85.58036961 23.51291923 18.21850501 0.31064228 0.05241538 0.56845177 0.39723580
69.37725934 28.04410207 15.09357597 0.23490843 0.07544930 1.54776936 0.12125743
80.07664778 24.28900176 17.29150585 0.29859768 0.05714651 0.80923454 0.14089491
90.22051380 21.12795488 19.88751020 0.32743239 0.05924613 1.07003980 0.37889579
71.01244288 29.22330471 15.36448719 0.24537263 0.06040549 1.59292988 0.21731874
91.71879966 21.54285034 21.05894589 0.32756317 0.05367132 1.11507067 0.43026308
76.49616005 23.85365209 18.19215905 0.32569356 0.05486012 0.49764305 0.31899190
91.54417678 21.96100493 20.80223723 0.33521119 0.05404834 1.13985036 0.38455082
87.45002922 21.65094767 19.76856723 0.34098893 0.06120777 0.83270530 0.33252896
93.28286328 21.48884307 21.67990854 0.33495162 0.05665862 1.15111808 0.28341307
70.00621077 28.50782574 14.77009220 0.24290385 0.05208549 1.57346468 0.12727996
96.01890988 22.08364095 20.69545046 0.33599603 0.06231975 0.95479095 0.38015332
89.27433661 21.90056345 19.96064118 0.33167833 0.06572355 0.99473704 0.23785908
59.22436104 30.94130549 14.58064019 0.24632640 0.05925269 1.73089388 0.23042990
92.62179227 21.48433984 18.93692776 0.32013136 0.06130144 0.84782318 0.28428266
83.03941504 27.11198893 16.70721764 0.22784523 0.05127913 1.45419943 0.46179396
51.48032268 7.91267906 4.04153630 0.07891380 0.16805121 0.78700807 0.78700807
85.49491830 22.22452278 19.79024861 0.33707279 0.07022848 0.94543878 0.35342919
71.45743338 31.00201591 15.31622945 0.24997905 0.05889799 1.79196766 0.12513272
88.41989367 22.94740129 17.34503144 0.33653791 0.06488351 1.33879794 0.29535157
94.69267813 23.01796108 17.46269827 0.32215437 0.05379761 1.40415619 0.16414503
63.05434116 29.68481692 15.36933363 0.25626882 0.05613911 1.85331153 0.29582309
66.46157029 30.82431453 15.40003861 0.25649711 0.05748737 1.77409483 0.11071298
87.67996628 24.62652635 18.77310648 0.31809106 0.05616227 0.77042060 0.08369833
81.09055316 24.61508766 17.60673965 0.31623342 0.07924070 0.96998476 0.17689038
79.92409643 24.45346625 17.11016545 0.31698114 0.05061352 0.84277946 0.25828901
26.76540942 1.85752531 1.26110856 0.01774439 0.07537029 0.16913524 0.16913524
44.96592742 6.31665222 3.30866683 0.06279067 0.14362223 0.62414819 0.62414819
57.48852750 9.38468924 4.71745934 0.09378411 0.19058198 0.93721319 0.93721319
70.31676454 29.13762967 14.85724070 0.24502683 0.06728163 1.58742522 0.12069954
23.37018833 1.02569614 0.87914619 0.00934122 0.06263821 0.08425471 0.08425471
36.65025431 4.27931231 2.37315361 0.04220938 0.11243845 0.41625636 0.41625636
87.33816210 21.67497000 19.74371062 0.33628360 0.06410382 1.01820807 0.37798785
42.13505027 5.62308732 2.99019316 0.05578425 0.13300644 0.55337626 0.55337626
58.05079010 9.52244357 4.78071389 0.09517571 0.19269046 0.95126975 0.95126975
93.78777714 20.72045257 21.16811326 0.33667575 0.05390629 0.94042474 0.47910708
90.69626247 22.51180306 17.09226394 0.31422655 0.05665272 1.33382894 0.06220623
33.19096469 3.43178635 1.98398353 0.03364764 0.09946612 0.32977412 0.32977412
89.73350672 23.32152184 17.03930400 0.33895131 0.05580399 1.41058089 0.27783579
36.15408489 4.15775080 2.31733455 0.04098136 0.11057782 0.40385212 0.40385212
30.18756828 2.69595423 1.64610143 0.02621423 0.08820338 0.25468921 0.25468921
48.93525874 7.28913839 3.75521661 0.07261477 0.15850722 0.72338147 0.72338147
22.27844228 0.75821836 0.75632476 0.00663914 0.05854416 0.05696106 0.05696106
52.67158580 8.20453852 4.17555340 0.08186217 0.17251845 0.81678965 0.81678965
49.32160641 7.38379357 3.79868072 0.07357098 0.15995602 0.73304016 0.73304016
97.86322187 21.40342395 18.25607696 0.34792351 0.05478223 1.00026519 0.15755318
40.11569252 5.12834467 2.76301541 0.05078634 0.12543385 0.50289231 0.50289231
85.33342621 22.33136106 20.07293347 0.33253545 0.05683993 1.09051467 0.32878828
68.65605291 29.91292162 16.33241038 0.25264524 0.05203102 1.70619979 0.22999312
