89.38153155 22.01791241 17.87001642 0.30170930 0.07034463 1.18055330 0.22836171
38.53831066 4.74188611 2.58555995 0.04688232 0.11951866 0.46345777 0.46345777
21.93356684 0.67372388 0.71752627 0.00578558 0.05725088 0.04833917 0.04833917
49.81204668 7.50395144 3.85385525 0.07478482 0.16179518 0.74530117 0.74530117
56.90692277 9.24219608 4.65202881 0.09234463 0.18840096 0.92267307 0.92267307
95.03318163 24.29841446 18.31507690 0.32333621 0.05126347 0.92456288 0.27339230
24.53838947 1.31190542 1.01056882 0.01223251 0.06701896 0.11345974 0.11345974
31.54183520 3.02774962 1.79845646 0.02956604 0.09328188 0.28854588 0.28854588
96.58782170 22.20260001 18.65642825 0.31866322 0.05565199 1.06649012 0.29551314
28.38434144 2.25416365 1.44323841 0.02175125 0.08144128 0.20960854 0.20960854
94.39314103 22.85319330 19.80968193 0.31686970 0.05921355 0.87500507 0.32463000
93.42051682 24.27859202 19.52818409 0.31990918 0.05683573 0.82760961 0.17898178
55.19867043 8.82367426 4.45985042 0.08811671 0.18199501 0.87996676 0.87996676
44.26348284 6.14455330 3.22964182 0.06105212 0.14098806 0.60658707 0.60658707
101.99366984 21.09313252 18.83754639 0.30373369 0.05796872 0.78384425 0.26137938
58.81115358 9.70873263 4.86625478 0.09705761 0.19554183 0.97027884 0.97027884
98.87936815 20.87025898 19.23507292 0.30643752 0.05377816 0.80358463 0.16073643
78.64418289 24.45916703 17.96154289 0.31089139 0.05266806 0.69472822 0.32104734
64.60618411 30.43832847 14.81588600 0.23999096 0.05420323 1.64649790 0.32914794
76.40401001 28.02013172 14.85649194 0.23611824 0.06170628 1.50999103 0.41606465
72.53680919 24.30645038 17.57628771 0.28313248 0.05856617 1.23463845 0.33899962
82.53509411 24.16945960 16.89853079 0.30695711 0.05626940 0.96768757 0.44872184
25.86611894 1.63719914 1.15993838 0.01551864 0.07199795 0.14665297 0.14665297
84.17753092 23.76914753 17.30873541 0.29249929 0.06772029 0.94770197 0.47807696
93.50707673 24.82666632 17.24094879 0.28804935 0.05416102 1.16968817 0.28176685
80.11665249 28.86297971 15.36374095 0.22116048 0.05259673 1.26167733 0.55328757
92.63991023 21.81283485 17.20990573 0.31096963 0.06208035 1.11855316 0.07057563
28.71151346 2.33432080 1.48004526 0.02256100 0.08266818 0.21778784 0.21778784
38.17928425 4.65392464 2.54516948 0.04599373 0.11817232 0.45448211 0.45448211
70.97353503 29.97076027 14.85706432 0.22671908 0.05253073 1.47323548 0.22930690
76.88214660 24.20507810 17.54743502 0.28032727 0.06367450 1.17490634 0.35070105
51.11687376 7.82363407 4.00064830 0.07801426 0.16668828 0.77792184 0.77792184
94.38058546 23.66422719 18.88797416 0.28233293 0.06374821 0.63043367 0.03108758
53.93814855 8.51484640 4.31804171 0.08499692 0.17726806 0.84845371 0.84845371
87.74863724 24.24968488 16.74470454 0.29733974 0.06885220 0.90331086 0.42977104
97.30014795 23.97221607 18.96334007 0.31671568 0.05220678 0.93787729 0.29137351
69.38338978 27.01398830 18.30274165 0.29411048 0.06428543 0.94158979 0.51149611
69.54802440 30.19536821 14.85418632 0.23689495 0.05153424 1.61630571 0.32014964
98.79973626 21.83441728 19.13737998 0.33828539 0.07119162 0.91669828 0.11479245
94.87127224 23.28819713 17.86291847 0.29570941 0.05155969 0.89415455 0.32525255
35.10796008 3.90145022 2.19964551 0.03839220 0.10665485 0.37769900 0.37769900
40.52960608 5.22975349 2.80958068 0.05181078 0.12698602 0.51324015 0.51324015
103.49501076 22.73128590 19.94932105 0.29837360 0.06989849 0.97319895 0.24906827
77.90409585 29.21424639 15.35566126 0.21640980 0.05286839 1.24940021 0.58089632
100.17307430 22.82278956 18.48134202 0.32311760 0.05919523 0.99365000 0.29027893
94.95354933 22.38313474 18.14915139 0.29819596 0.05270756 1.11129094 0.27499631
22.11062718 0.71710366 0.73744556 0.00622380 0.05791485 0.05276568 0.05276568
57.21163719 9.31685111 4.68630918 0.09309880 0.18954364 0.93029093 0.93029093
93.04447711 22.90188645 17.48901281 0.31021297 0.05625290 1.11710844 0.01759145
54.82719844 8.73266362 4.41805982 0.08719732 0.18060199 0.87067996 0.87067996
97.43610195 22.30339132 20.03949089 0.32940695 0.05268959 0.98588467 0.28718340
91.17137538 23.19272377 19.21782941 0.28445048 0.06566602 0.65664098 0.09793397
68.13815381 30.73818353 14.40044617 0.23599109 0.05571119 1.58439170 0.25486572
40.40205114 5.19850253 2.79523075 0.05149508 0.12650769 0.51005128 0.51005128
89.94932674 23.83047360 18.03597973 0.29209636 0.06557606 1.30289574 0.30754773
86.79681058 24.05596978 16.98952278 0.29178182 0.06033712 1.31910041 0.28352560
92.53326701 23.11151115 17.72106882 0.30211382 0.05986198 0.86911410 0.39302076
97.27796084 21.80575943 18.51851086 0.33124397 0.06406646 1.07053081 0.24769448
49.28768600 7.37548307 3.79486467 0.07348702 0.15982882 0.73219215 0.73219215
86.00097334 22.87400618 17.54769661 0.29591891 0.05621731 1.22337692 0.18622524
51.76587619 7.98263967 4.07366107 0.07962054 0.16912204 0.79414690 0.79414690
27.70375721 2.08742052 1.36667269 0.02006680 0.07888909 0.19259393 0.19259393
93.51720928 23.14570978 18.08343304 0.32633146 0.05005691 1.02327483 0.20145604
96.86307936 23.41583087 20.31737563 0.32465404 0.05412050 0.75931681 0.26744957
94.31832544 23.52817112 18.96541498 0.31602929 0.06222715 1.07470714 0.21823908
36.22194919 4.17437755 2.32496928 0.04114932 0.11083231 0.40554873 0.40554873
58.11520241 9.53822459 4.78796027 0.09533513 0.19293201 0.95288006 0.95288006
53.95708139 8.51948494 4.32017166 0.08504378 0.17733906 0.84892703 0.84892703
97.49091075 22.53935680 18.42674014 0.32531269 0.05409016 1.14364295 0.32278833
73.72550059 27.82741892 18.72881252 0.28019272 0.06917310 0.87861368 0.62704322
31.43529897 3.00164825 1.78647113 0.02930236 0.09288237 0.28588247 0.28588247
43.95468699 6.06889831 3.19490229 0.06028785 0.13983008 0.59886717 0.59886717
90.46748599 24.41112621 19.11922821 0.31920744 0.05475731 1.03433000 0.33021739
73.50799160 29.04868238 15.00954295 0.23770873 0.05367260 1.49315120 0.20320648
92.78176046 23.33294485 19.60113240 0.31725485 0.05162439 0.93083752 0.40565810
39.42723441 4.95967243 2.68556387 0.04908241 0.12285213 0.48568086 0.48568086
67.21295008 29.84650177 15.20760799 0.23459001 0.06732141 1.66382532 0.22895728
94.05925069 23.39711719 19.53508809 0.32211484 0.06855575 0.84633220 0.38906375
84.21503803 23.22444644 18.26379297 0.30560640 0.05246134 0.83954135 0.25678987
67.26799750 30.48157825 14.77059232 0.25035908 0.06542386 1.50770941 0.36758898
101.57497170 24.38024845 19.55243467 0.33388468 0.05510071 0.76488914 0.27250211
90.27192840 22.30370061 17.35675312 0.28867469 0.06432779 1.17476888 0.19213588
95.11806663 23.39559377 19.87320499 0.32243485 0.05185003 0.80287465 0.29527986
48.10278569 7.08518249 3.66156339 0.07055439 0.15538545 0.70256964 0.70256964
97.68322060 21.73945114 19.73286473 0.32304417 0.05916380 1.03945662 0.26523193
96.62754085 22.21454830 20.03522374 0.32536568 0.05554744 1.09213489 0.34821252
75.59116767 23.57966391 17.42760459 0.29040717 0.06456972 1.27814283 0.30639157
71.41942786 30.20732130 14.73683083 0.24298472 0.06512694 1.68936868 0.32089256
95.50915567 22.80786483 17.29529915 0.30266810 0.05840085 1.13094060 0.10410622
64.69286743 28.97956876 15.20870759 0.24595708 0.06419362 1.55309785 0.20226531
77.44836057 29.63875042 15.29154845 0.22646595 0.06405414 1.31760949 0.48312275
53.58081768 8.42730033 4.27784199 0.08411252 0.17592807 0.83952044 0.83952044
42.40161532 5.68839575 3.02018172 0.05644400 0.13400606 0.56004038 0.56004038
93.52885480 23.46066897 19.83601117 0.31743844 0.06904302 0.79096885 0.23197484
91.96084567 21.98530978 18.16257097 0.30077382 0.05594167 1.18346098 0.24150247
88.90875647 23.61504051 17.24122026 0.29736562 0.06459084 1.01398906 0.47467953
88.73020269 24.55819260 17.94596413 0.29704662 0.06699958 1.39366489 0.33883617
30.37071522 2.74082523 1.66670546 0.02666752 0.08889018 0.25926788 0.25926788
38.37104825 4.70090682 2.56674293 0.04646834 0.11889143 0.45927621 0.45927621
36.77034023 4.30873336 2.38666328 0.04250659 0.11288878 0.41925851 0.41925851
76.14815433 27.93467786 15.60544515 0.22904568 0.05031564 1.49084026 0.40695680
93.52153854 24.43021203 19.04576896 0.31313575 0.05845391 1.02957755 0.30259042
105.14099671 22.80683489 19.58431891 0.30099310 0.06544338 0.92610169 0.08970176
65.23818700 29.13068149 14.94236353 0.24664583 0.05901775 1.55896676 0.32692658
98.17351202 23.92645309 20.54259190 0.32552261 0.05493443 0.79720750 0.23026917
54.45365005 8.64114426 4.37603563 0.08627278 0.17920119 0.86134125 0.86134125
96.02096948 24.18802045 20.18333475 0.32438870 0.06677838 0.83744832 0.23055930
45.37893763 6.41783972 3.35513048 0.06381287 0.14517102 0.63447344 0.63447344
86.15726261 24.83362834 17.50590066 0.29613728 0.06348394 1.06646974 0.43226972
68.59494926 29.07759968 14.48142673 0.25909561 0.06283242 1.54647936 0.35135499
90.12648382 22.18509617 19.31889307 0.27861650 0.05306614 0.54755257 0.12146727
97.19810058 22.33474410 19.01214159 0.33153437 0.05427085 0.85485598 0.11800185
66.79781011 30.22638445 14.60978789 0.24121997 0.06732107 1.59754719 0.27963286
51.18542656 7.84042951 4.00836049 0.07818393 0.16694535 0.77963566 0.77963566
86.02799661 22.61917657 17.20815135 0.29360047 0.05918098 1.28976806 0.15289979
95.41130318 24.56668721 19.78846500 0.32646009 0.05595201 0.81959332 0.30661499
86.13713370 23.30053168 17.42647335 0.30819548 0.06820602 0.91730831 0.30066583
68.58238783 30.54853675 14.93251621 0.24317315 0.06842868 1.44150892 0.37099910
36.91000199 4.34295049 2.40237522 0.04285225 0.11341251 0.42275005 0.42275005
52.78793341 8.23304368 4.18864251 0.08215014 0.17295475 0.81969834 0.81969834
80.72990391 29.22033735 15.83429239 0.25053815 0.05118731 1.43141519 0.51880872
93.78873099 23.92674529 19.39441181 0.31816903 0.06259777 1.04459241 0.35736154
88.69596992 23.71594828 16.94386756 0.29575422 0.05475242 0.94796067 0.48870035
90.12330388 22.95031018 19.57187291 0.32274563 0.06351549 0.97458863 0.28508042
97.03357720 22.44373681 19.78970302 0.30304552 0.05471991 0.71144055 0.22376274
84.51423154 23.79738586 17.55430026 0.28569408 0.05384316 1.31753389 0.23278527
95.15124921 23.51112386 20.23210652 0.32392965 0.05860101 0.82238666 0.18607283
39.91472439 5.07910748 2.74040649 0.05028894 0.12468022 0.49786811 0.49786811
