23.30951979 1.01083235 0.87232098 0.00919106 0.06241070 0.08273799 0.08273799
45.38179826 6.41854057 3.35545230 0.06381995 0.14518174 0.63454496 0.63454496
107.09230379 16.42244072 18.05851805 0.22442470 0.05325580 1.62316751 0.23787185
96.88827214 18.83702012 18.32541288 0.22059970 0.05396393 2.05607553 0.33338959
71.89469276 24.90362609 18.34571090 0.30039485 0.06088579 0.70593367 0.51073212
80.62468432 25.84070711 18.31962915 0.28395212 0.05941912 0.52837428 0.54071335
84.65081690 24.82010664 18.21748847 0.27851957 0.06739268 0.53830648 0.41963358
105.57666916 15.70554377 18.26087732 0.22847228 0.05077873 1.75500612 0.26672447
103.29313689 15.93942847 17.92456823 0.22298098 0.05708983 1.64694907 0.24244273
62.82866794 30.62787022 15.15697313 0.15517442 0.06766887 1.52552937 0.92763238
86.08510999 22.93181184 19.66243746 0.29248450 0.06966838 0.75399376 0.58736541
73.74167238 27.23996974 13.24160538 0.24408604 0.06464483 1.57909666 0.34085862
88.27260103 22.29841850 18.22838576 0.29763879 0.05499133 0.76348038 0.25721221
87.04257207 22.46843951 18.25135168 0.30194150 0.05551187 0.63902283 0.31253493
82.23305852 23.28085575 17.43234319 0.29991231 0.05408186 0.95903588 0.38967310
57.49952392 33.76400744 14.74342198 0.19451755 0.06101573 1.74329060 1.18983561
108.47833803 16.58044877 18.66585274 0.22625161 0.06122692 1.72760833 0.32909545
34.72888987 3.80857802 2.15700011 0.03745400 0.10523334 0.36822225 0.36822225
71.63547797 23.78925904 17.81734424 0.28550999 0.06703417 0.82672195 0.46270618
79.74776147 25.04728731 18.22970522 0.28534573 0.06962167 0.65171846 0.54994350
28.29930533 2.23332980 1.43367185 0.02154078 0.08112239 0.20748263 0.20748263
86.26433481 23.25979414 18.35093356 0.30482238 0.06211319 0.95324663 0.57098341
77.22733309 25.61691917 13.72894289 0.25901371 0.06887070 1.70070459 0.25154433
76.25265319 28.06757349 18.10955452 0.27656140 0.06632974 0.52288993 0.45774726
22.02784081 0.69682100 0.72813209 0.00601891 0.05760440 0.05069602 0.05069602
36.95467048 4.35389427 2.40740043 0.04296281 0.11358001 0.42386676 0.42386676
60.87323176 31.33630423 15.45917219 0.15052191 0.06744492 1.53014479 0.93242990
32.35630071 3.22729367 1.89008383 0.03158184 0.09633613 0.30890752 0.30890752
79.50098906 26.46495472 13.92506853 0.26641637 0.06439119 1.70459422 0.33946123
32.29790032 3.21298558 1.88351379 0.03143730 0.09611713 0.30744751 0.30744751
59.16798440 30.62218600 15.34378424 0.15238370 0.05944652 1.67884063 0.95316443
49.54594060 7.43875545 3.82391832 0.07412620 0.16079728 0.73864852 0.73864852
98.50920137 17.27321977 17.75396018 0.21885650 0.05609760 1.52285335 0.15040000
84.43923354 23.38220940 19.82170443 0.28710724 0.06702432 0.72224716 0.41856384
93.61029764 23.71042305 18.70016501 0.30187867 0.05260517 0.64235562 0.43147968
94.80564840 19.09720185 18.47705429 0.19292910 0.05230638 1.38104425 0.17238769
40.76313223 5.28696740 2.83585238 0.05238875 0.12786175 0.51907831 0.51907831
74.41056613 24.78085423 17.99339450 0.29598529 0.05463452 0.73093651 0.41321307
102.01492080 18.98877064 18.13118800 0.19393358 0.05994019 1.46910016 0.22708068
21.14481947 0.48048077 0.62879219 0.00383343 0.05429307 0.02862049 0.02862049
98.92490308 18.71811436 17.96994899 0.21007717 0.05987742 2.15874573 0.41934315
109.27164482 15.71944584 18.51864577 0.23382291 0.06050184 1.63285819 0.21366123
76.67131821 26.18987749 13.77835070 0.25390934 0.06335172 1.60908181 0.36969405
51.67142607 7.95949939 4.06303543 0.07938678 0.16876785 0.79178565 0.79178565
76.23628825 27.13087406 14.11150853 0.25979908 0.05209437 1.68878414 0.35141982
76.68111602 27.45048896 18.29253378 0.28068500 0.05223515 0.62437403 0.50466135
77.60315552 26.21983691 13.89748797 0.23253777 0.05683486 1.49417013 0.43321712
38.87107948 4.82341447 2.62299644 0.04770592 0.12076655 0.47177699 0.47177699
99.59665944 19.80909360 17.89151709 0.20610153 0.05598237 2.06226114 0.39176393
85.88980006 23.17961475 18.23347463 0.31034285 0.05698337 0.72135525 0.39096026
32.46394009 3.25366532 1.90219326 0.03184825 0.09673978 0.31159850 0.31159850
66.38926923 33.41070657 15.52805520 0.17162422 0.07064823 1.67418058 0.98060093
96.73079346 16.81184673 18.66816458 0.22968716 0.05452663 1.54472053 0.19872085
52.23965401 8.09871523 4.12696108 0.08079314 0.17089870 0.80599135 0.80599135
97.39940871 19.60774232 17.41806928 0.21257425 0.05442048 2.07378581 0.55391587
63.84179041 31.75765033 13.89615264 0.16579044 0.06832197 1.97458220 0.93645163
87.05908816 23.79201962 19.83383837 0.28630868 0.07876642 0.78356323 0.59522541
94.49402231 18.26350977 18.63077174 0.18585763 0.05110722 1.41589046 0.21483706
70.74213165 28.08656518 13.88368222 0.24097433 0.05574549 1.54701457 0.32087930
100.79324803 17.12238507 18.62504853 0.22162689 0.06160716 1.49600208 0.18676179
60.42654253 33.63982561 14.29438409 0.17763536 0.05711190 1.73797025 1.18165984
84.08378355 25.72326709 17.92966303 0.28731113 0.05111323 0.66676978 0.48886094
88.87464063 23.80887988 19.20165149 0.29681704 0.05434264 0.85791750 0.48252987
77.25839855 26.18615774 13.69440048 0.25444346 0.06731191 1.58787410 0.34919299
97.39772953 20.03927604 18.21152403 0.19826874 0.05515398 1.47519339 0.03758363
53.55373139 8.42066419 4.27479478 0.08404549 0.17582649 0.83884328 0.83884328
65.47119859 31.81330728 15.46159901 0.17054174 0.06235566 1.77693641 0.95632434
73.73155695 25.77049956 18.72034154 0.28955471 0.05668046 0.62329789 0.50739825
68.14047166 29.97242934 15.72015882 0.15939055 0.05685988 1.71642311 0.94715143
98.72476252 17.49425926 18.70179008 0.22776658 0.05933572 1.45344652 0.16123465
24.67300091 1.34488522 1.02571260 0.01256568 0.06752375 0.11682502 0.11682502
50.03079185 7.55754400 3.87846408 0.07532621 0.16261547 0.75076980 0.75076980
88.20148212 26.06478485 18.50279874 0.29066441 0.05722316 0.51975113 0.07425329
69.50742593 31.77925678 14.07971572 0.15648477 0.06340114 1.87473808 0.97207935
28.23876707 2.21849793 1.42686130 0.02139095 0.08089538 0.20596918 0.20596918
84.17360207 24.09548090 17.79583291 0.30264708 0.05980650 0.94959875 0.33136102
102.03549626 14.66968572 17.73484115 0.22371020 0.06945070 1.72772144 0.22672825
30.63732269 2.80614406 1.69669880 0.02732737 0.08988996 0.26593307 0.26593307
59.71076720 9.92913796 4.96746131 0.09928415 0.19891538 0.99276918 0.99276918
94.27884470 19.33009775 18.75246547 0.19575134 0.05368715 1.37761295 0.08871770
87.34956260 26.22040595 18.27431380 0.28710791 0.05086952 0.55742609 0.19098644
108.29159773 15.64498093 18.45000110 0.23323147 0.06178477 1.67572077 0.14001409
49.52418728 7.43342588 3.82147107 0.07407236 0.16071570 0.73810468 0.73810468
64.82288283 32.20930923 14.17083726 0.16171211 0.05087548 1.87784570 0.94238421
86.79979866 23.68910742 19.53600553 0.29867098 0.06027997 0.70687356 0.58287259
63.80271306 34.67495122 15.26180400 0.16804185 0.05384514 1.61892822 1.01693973
56.75285774 9.20445015 4.63469650 0.09196332 0.18782322 0.91882144 0.91882144
88.53893242 26.16701887 18.57788127 0.28943014 0.05682764 0.47639551 0.10055328
49.32865981 7.38552165 3.79947423 0.07358843 0.15998247 0.73321650 0.73321650
106.48389463 16.51734379 18.23682691 0.22405657 0.05718033 1.60506752 0.26615605
90.37077785 21.17936960 18.24751271 0.30463818 0.05144034 0.58759258 0.31309144
75.02188875 25.34890397 18.49460649 0.29635769 0.06547063 0.63221069 0.38152612
65.72205160 30.50112246 15.98965641 0.16857296 0.05713344 1.63230194 1.04527406
93.22382671 18.00293630 19.02607284 0.21977037 0.06280105 1.59346273 0.26310001
74.96261192 25.08787770 18.39087162 0.28793068 0.05360945 0.71236325 0.46161035
64.83152585 31.97640344 13.90963183 0.16682104 0.05860427 1.82976530 0.90431400
59.73290934 33.14456732 14.17781372 0.19543511 0.06842732 1.69054965 1.21317568
82.30693228 27.61826758 18.17872078 0.28171865 0.06872088 0.51033914 0.57173088
59.54097586 34.08557124 14.57106278 0.18265722 0.05642202 1.89922961 1.19863286
113.20834579 21.78404914 17.78164992 0.23097495 0.05846851 2.10426926 0.22191968
41.29481142 5.41722880 2.89566628 0.05370466 0.12985554 0.53237029 0.53237029
47.70443039 6.98758544 3.61674842 0.06956847 0.15389161 0.69261076 0.69261076
83.63413384 22.57261489 18.05973228 0.30722894 0.06027867 0.86628141 0.32310995
59.80844261 33.42047185 14.59271954 0.18800929 0.06130733 1.59572161 1.24584597
86.43832284 25.37177467 18.22961002 0.29134161 0.06065908 0.51976722 0.08363583
88.03074808 26.59592646 18.14869891 0.29251105 0.06663383 0.44990883 0.16255405
21.88892540 0.66278672 0.71250411 0.00567509 0.05708347 0.04722313 0.04722313
29.83361710 2.60923619 1.60628192 0.02533820 0.08687606 0.24584043 0.24584043
91.78425930 22.86203601 18.22749312 0.30346741 0.05140824 0.93317710 0.45482788
97.93279866 18.81134343 18.42368051 0.19909557 0.06204023 1.47186894 0.18979258
92.99947434 23.15636198 19.68739709 0.26782579 0.06408639 0.56349585 0.33387463
67.95726352 30.06276794 15.80498152 0.15679785 0.06350770 1.69430993 0.92475449
25.14636221 1.46085874 1.07896575 0.01373725 0.06929886 0.12865906 0.12865906
115.10740925 21.30853802 17.75619504 0.22723305 0.06883114 2.14373665 0.26382773
102.48221447 20.00842721 18.23386920 0.19663238 0.05938064 1.34513059 0.16067885
99.10509347 20.40007087 18.33983060 0.18049847 0.05090793 1.45973478 0.14678736
97.08709384 19.14685860 18.00594348 0.20057457 0.05337739 1.50981258 0.16330437
75.77934708 27.74126138 13.91983533 0.25886756 0.05303536 1.71787064 0.41759322
30.57786178 2.79157614 1.69000945 0.02718021 0.08966698 0.26444654 0.26444654
23.08331820 0.95541296 0.84687330 0.00863121 0.06156244 0.07708296 0.07708296
99.59390000 19.64372674 17.81668880 0.20405719 0.05829376 1.27598612 0.11714427
71.87003084 26.49659120 18.71462754 0.29383456 0.05096297 0.44558730 0.45960995
79.71100463 25.22819629 18.14250343 0.27192540 0.05698878 0.55467391 0.55775636
84.04249365 26.92839124 18.49978557 0.28570782 0.05271212 0.49596988 0.58956417
87.82066793 21.15411910 18.60384882 0.30468887 0.06148732 0.51461518 0.35218512
111.10459404 21.30563128 18.14603785 0.22570332 0.05080751 2.08080776 0.22774047
98.67239831 20.28217696 17.70469686 0.20755041 0.05014212 2.09024172 0.57031862
80.71833913 26.42551058 18.29375258 0.28577070 0.05749876 0.58410762 0.63224559
