21.66582473 2.98783457 1.42970821 0.07748529 0.13516403 0.86836084 0.28618877
38.13656010 7.70749026 1.39796634 0.01153027 0.05456444 0.34391718 0.75785237
30.39340495 3.39403097 3.08438519 0.04970097 0.16485453 0.85539272 0.94737570
20.71989002 4.10544716 0.83294138 0.04938891 0.06129940 0.35447422 0.08562698
53.65515712 9.32416768 4.70085077 0.06376734 0.06713104 0.72096129 0.32703677
50.79268376 8.47279415 4.47523915 0.08672160 0.05948608 0.56342453 0.43390345
20.87914955 4.58847822 4.78438605 0.04211242 0.08653225 0.55600320 0.36886950
56.67699378 7.83412977 4.80272343 0.07237884 0.07031284 0.81789750 0.57062905
54.97013958 8.59470620 4.84799538 0.05785496 0.06773271 0.45669312 0.47638582
23.89026925 7.95458140 4.46710968 0.08848096 0.12449803 0.83705642 0.55118034
48.09799352 9.72287224 4.63994668 0.08285867 0.06284600 0.74361151 0.30957484
23.43874924 7.64253621 3.81492242 0.00578464 0.14139266 0.75916830 0.97112527
55.46191886 8.44925328 4.07309481 0.03527696 0.06315390 0.50419714 0.49382655
58.04725127 8.93143872 4.38083927 0.06837839 0.05626146 0.87861879 0.48144034
34.64155390 0.91122285 1.61827717 0.08602923 0.06272180 0.54518868 0.28245998
58.53791344 8.73282337 4.47820308 0.04989450 0.06976529 0.46494138 0.54766136
57.83452332 2.92625428 3.56731454 0.04245326 0.14667993 0.11984422 0.19798511
52.98007925 8.82650596 4.36055460 0.04691519 0.06735557 0.58703252 0.49412824
52.69425408 9.29706021 4.98178203 0.05781228 0.06035192 0.43173743 0.46323956
51.99870143 8.29536753 4.12910454 0.06581905 0.16893869 0.83124674 0.46959470
56.08499926 7.15819996 4.96035264 0.08775052 0.06277421 0.31435979 0.01120736
54.26989846 8.30572902 4.83034537 0.08135870 0.06267687 0.69409578 0.50211238
57.34765370 9.71188871 4.28254925 0.09198668 0.05847919 0.33145669 0.17904705
53.59055283 8.46777739 4.98687594 0.05355260 0.06647611 0.83027481 0.39811234
58.61885301 9.36133939 4.99326316 0.06259722 0.05704824 0.68749594 0.55368927
49.21169832 4.64546610 2.82238425 0.07000467 0.11446162 0.59773373 0.99231550
53.59079123 8.64356505 4.03421739 0.06163761 0.07022504 0.28029667 0.63184336
35.60844977 1.45739593 4.50100233 0.01006377 0.10467668 0.84344718 0.66421556
47.05968516 9.60003736 3.88057168 0.07968371 0.05824449 0.22108932 0.61764936
58.00326898 9.50806400 4.06454259 0.08460102 0.06039105 0.20619709 0.19055919
27.28290112 6.30652844 0.95752767 0.05831083 0.07573692 0.00492238 0.01807683
35.62221511 9.02271058 4.91412605 0.05688263 0.16870134 0.45541495 0.27557443
32.97591516 4.07022109 0.72302351 0.04706436 0.07113374 0.89311157 0.78262457
37.15548014 5.80749877 1.69887902 0.01600153 0.17341081 0.00691914 0.59651119
53.80936390 8.18707024 4.28727228 0.06976859 0.07001945 0.21996043 0.66515340
56.21983523 8.82985868 4.29297080 0.04592047 0.06946126 0.63710964 0.54819555
39.08441970 2.37359008 2.20532322 0.08712140 0.19264680 0.18188979 0.10853175
53.28502749 9.27993062 2.08826411 0.05146938 0.05009421 0.98484802 0.05593236
59.07944952 9.08998660 4.94211172 0.08629567 0.05970563 0.29593333 0.14460860
22.16325529 1.34706851 2.03892471 0.00247534 0.19495034 0.93439191 0.52547262
38.98313789 5.35065501 1.59711625 0.08999223 0.15733694 0.19511110 0.01923253
51.00974718 9.48128242 3.78225347 0.07772665 0.07609425 0.79409269 0.35095087
54.50436997 6.36896517 4.33194001 0.06073144 0.19724439 0.65593793 0.21981908
55.06420976 6.44633186 1.79601651 0.08208689 0.09184298 0.35983929 0.53871428
39.62018341 8.67575047 1.20555040 0.06161775 0.13420211 0.62889866 0.71686153
35.32059737 2.94521096 1.39501034 0.00227700 0.11152784 0.69279621 0.83601389
55.14856151 9.79273940 4.46343053 0.08275854 0.06686054 0.26019501 0.62681739
48.14317630 5.92130681 4.72163437 0.07863816 0.10680660 0.88905207 0.90525600
50.66508465 9.03168129 4.43124888 0.08852811 0.06014170 0.67531913 0.41628406
58.89670129 8.64508478 3.98093313 0.04149767 0.05140620 0.62705651 0.57149446
58.38975055 8.61479678 4.28890886 0.05330371 0.07401351 0.23762665 0.67528960
54.78551881 9.41434050 4.76492657 0.07981375 0.06188778 0.70161367 0.34665204
56.11630178 6.96140629 4.98159418 0.06683809 0.07294700 0.57862644 0.45032919
32.53091434 3.90173206 0.63831328 0.01095370 0.10280540 0.79405851 0.45052542
51.79081489 8.35492521 4.63729482 0.08693743 0.06297303 0.52273076 0.10037090
25.83728121 7.86191124 3.16777315 0.06725365 0.14379141 0.35373049 0.46692504
57.64282127 9.17228914 4.75378748 0.08188397 0.05946648 0.34525201 0.12099218
34.56967760 2.96772581 2.87508114 0.03817708 0.12020365 0.62696651 0.04136882
50.41587073 7.24246241 1.86656125 0.01904902 0.17501945 0.40794640 0.10249921
52.11272538 8.14350166 4.83621452 0.08600163 0.06535659 0.46303065 0.05188214
32.70772212 7.45882991 2.53840547 0.05085178 0.08769656 0.53952091 0.91495002
57.91563831 7.37461717 1.63031048 0.05088294 0.19014623 0.91081356 0.01320183
58.61119054 9.53627000 4.86861145 0.03920576 0.05745013 0.55686105 0.40563607
52.16554819 8.09094173 4.24025210 0.08575381 0.05597677 0.37068336 0.13104362
53.71982777 3.99605488 2.17559722 0.08885461 0.05373426 0.33123461 0.90047153
43.51959166 6.79997514 3.20469517 0.00851097 0.17952448 0.41234445 0.37069347
56.95107088 8.47743042 4.60237333 0.06151759 0.05939518 0.79186859 0.65126176
51.06900788 8.75120372 4.91435808 0.04659784 0.05538991 0.51504179 0.39837448
54.53530678 7.99298714 4.69601632 0.05059058 0.10596607 0.27092887 0.49614625
55.50895707 9.50362687 3.91100856 0.04921165 0.06588932 0.48759776 0.44423936
57.39430044 9.76881873 4.33540101 0.07847523 0.05856759 0.19892499 0.72342119
53.82475892 7.42912635 1.52654216 0.03112294 0.05613559 0.48711467 0.25641792
57.39189638 8.50222562 3.58678543 0.07214046 0.05798652 0.32884153 0.80812830
56.84980454 9.04356528 4.65056840 0.06138213 0.06871949 0.55962547 0.50322297
51.87938279 9.27116142 4.32060553 0.04302820 0.05892587 0.53458818 0.45276950
56.99884644 7.62648052 4.37004411 0.05939632 0.06168100 0.30532645 0.71425990
20.20445044 9.28045090 4.56239017 0.09535801 0.16225765 0.94345069 0.98195582
56.10477733 9.26764876 4.52175651 0.04561565 0.06293444 0.46740349 0.41666035
59.52489799 9.52867570 3.99603807 0.07834714 0.06193531 0.25698660 0.13336464
42.13499153 8.48056894 1.99475044 0.00748214 0.18656024 0.19236973 0.94136782
59.74929359 9.28431343 4.03267132 0.05805318 0.05187813 0.52808707 0.54577944
56.77192936 9.28410852 4.61621257 0.05926802 0.05885663 0.70157566 0.52099504
43.53336036 7.27516831 3.88302180 0.00151892 0.06673873 0.02847648 0.38859778
35.29212388 6.33463207 3.62016683 0.08320160 0.12293836 0.34007742 0.62480712
57.95985578 9.24626672 4.09534385 0.05739799 0.05400180 0.62376694 0.61060455
55.52771015 9.86620233 4.17023444 0.08941116 0.06468856 0.39449284 0.01999929
51.64423239 2.33423508 1.06792918 0.01204179 0.19667034 0.80141652 0.89481973
52.60384093 9.22070689 4.72780936 0.06991795 0.05805582 0.77018991 0.28976413
42.95194184 2.64244316 1.89229477 0.09879535 0.11012798 0.49800400 0.25079358
48.44675936 8.58618276 4.16040158 0.01168735 0.06980608 0.53481244 0.57848739
58.89056064 6.53192539 4.03757644 0.09086822 0.17589162 0.32825545 0.08280692
57.65600511 7.89026096 4.65112889 0.07754485 0.05535941 0.68477327 0.48984816
42.90019838 5.68565959 3.90301550 0.00855037 0.08171151 0.66388627 0.18604470
44.43066037 5.79668149 2.95222189 0.03683142 0.17022238 0.85384409 0.10877494
28.74771537 8.64178044 1.21555968 0.00284914 0.11563792 0.87323581 0.87444224
58.24697412 9.32236200 3.86920204 0.04924638 0.06167130 0.47273706 0.46140945
55.80183176 8.04880261 2.12464916 0.02312492 0.07913778 0.78553055 0.31334284
54.28656678 4.33230219 2.86037088 0.07863702 0.06201960 0.89383086 0.14803503
53.68176982 9.03707889 4.97732903 0.04348740 0.06567570 0.70325074 0.43956838
57.61313422 9.62222995 3.97279420 0.09923934 0.05047063 0.46200223 0.01697111
57.95700037 3.50393168 3.44824609 0.06393132 0.18685525 0.23334398 0.54766706
34.89805458 1.47504495 4.19612688 0.07536428 0.07320621 0.21012005 0.66518958
59.55502589 9.14827961 4.99358795 0.05471130 0.05088110 0.67187414 0.65063073
52.41205055 9.34928117 4.22723014 0.08421815 0.06618580 0.62295498 0.38189160
56.11122180 2.15541507 4.37667365 0.05917550 0.14649573 0.89600132 0.50715943
28.60750069 4.84868260 2.91533306 0.07530015 0.18794111 0.69655436 0.29654458
58.56200299 8.86106861 3.78670475 0.08174305 0.06564237 0.20259294 0.08985909
35.24087326 5.75440559 2.74706198 0.02198224 0.15014581 0.70933746 0.74092930
57.11197357 8.68085684 4.13402602 0.05761834 0.05551746 0.40313048 0.64219020
53.28605230 9.81912148 4.08736505 0.05165817 0.06184719 0.70974694 0.44911588
58.46028633 7.68972096 3.90508484 0.06937933 0.05108220 0.41875041 0.32741726
56.84196433 7.82992077 4.83820591 0.04458706 0.05017942 0.67654244 0.52000356
59.08386736 7.56255833 4.70348054 0.07479104 0.06153919 0.42706857 0.06862022
55.08055889 8.00399403 4.78686232 0.08710184 0.05840229 0.55126237 0.06233443
37.54741197 3.69142104 0.80939309 0.09759529 0.13298858 0.90927542 0.20545067
21.30927714 5.16272257 3.15751017 0.06859679 0.17635669 0.74573957 0.05189018
35.06121521 6.45484631 0.52518675 0.05680272 0.14035206 0.12826407 0.31927376
50.45204093 9.22045880 4.36724202 0.05216473 0.06061742 0.44153405 0.42846326
24.42916545 1.16537669 1.20621742 0.00652102 0.17053453 0.42657695 0.91385630
59.81203997 9.40389083 4.97473603 0.09233442 0.05726625 0.20217432 0.15113886
52.20369802 9.70848413 4.52472432 0.06439141 0.05559502 0.34044678 0.31578790
55.62395403 9.28485147 4.98828005 0.05359644 0.06049637 0.59693056 0.44176455
45.05685848 4.69945541 4.93345933 0.08415662 0.19031016 0.14875591 0.85467056
44.23738204 3.57956711 2.60580055 0.05343730 0.08756430 0.80701404 0.06086246
53.28530368 9.53711738 4.63337124 0.06545887 0.05516676 0.29421273 0.34579069
57.80220491 4.16882514 2.19759785 0.04442133 0.08831445 0.75507188 0.17393584
36.90502087 1.10352190 2.99752582 0.00902293 0.19431951 0.20606096 0.43229154
52.97028868 9.20060233 3.98240201 0.07084265 0.06665364 0.34070815 0.63833214
