80.33487905 22.47840086 17.86181683 0.33543841 0.06319203 0.58005612 0.50452036
74.76864447 27.43041124 13.92263682 0.25169520 0.05717536 1.52731478 0.27288042
79.19246900 25.42851271 14.65622668 0.24820735 0.06140459 1.63735147 0.33871146
44.58188553 6.22256196 3.26546212 0.06184017 0.14218207 0.61454714 0.61454714
96.55968968 22.64224152 19.63884401 0.29723913 0.05370274 0.35910774 0.21467194
76.52867113 28.24325992 13.61433451 0.25940373 0.06916386 1.75208170 0.43260629
37.74356094 4.54717243 2.49615061 0.04491531 0.11653835 0.44358902 0.44358902
94.19837255 22.94567448 19.61352208 0.30565049 0.06068672 0.52751871 0.35310558
63.66152961 29.68109803 15.57870429 0.16452733 0.06868760 1.61746356 1.08505006
101.26147896 23.76439006 20.44394106 0.33539890 0.07097308 0.58933915 0.35704452
86.37215457 22.37825223 17.82788027 0.30589056 0.05389215 0.97901229 0.34341898
52.08024027 8.05965887 4.10902703 0.08039859 0.17030090 0.80200601 0.80200601
76.91929456 29.80712960 14.22758336 0.23975265 0.06268244 1.52154477 0.42870142
30.49633037 2.77160094 1.68083717 0.02697842 0.08936124 0.26240826 0.26240826
78.73575385 24.71743009 17.98248940 0.29259159 0.05955274 0.73135528 0.70970161
55.89244417 8.99364882 4.53789997 0.08983380 0.18459667 0.89731110 0.89731110
77.88627703 29.63030443 14.38328364 0.24095416 0.06023832 1.37691216 0.42266221
57.00253705 9.26562158 4.66278542 0.09258128 0.18875951 0.92506343 0.92506343
42.31565211 5.66733477 3.01051086 0.05623124 0.13368370 0.55789130 0.55789130
30.67002234 2.81415547 1.70037751 0.02740831 0.09001258 0.26675056 0.26675056
33.00427138 3.38604649 1.96298053 0.03318557 0.09876602 0.32510678 0.32510678
25.12070392 1.45457246 1.07607919 0.01367374 0.06920264 0.12801760 0.12801760
89.98240579 22.93528851 19.75052467 0.32524782 0.05062530 0.52934949 0.40853834
91.27601081 22.27763263 18.19000344 0.30106901 0.07211872 0.62864132 0.28082690
98.77345912 24.36852464 20.33369999 0.30315762 0.05511348 0.65299051 0.23255859
88.58496663 22.56967986 17.78753007 0.29701913 0.05468134 0.68627079 0.22128707
90.06437743 22.64645840 18.54045223 0.32678259 0.05229069 0.44135705 0.41363506
76.95685000 28.81970289 13.90496262 0.26507033 0.05944921 1.70937981 0.48318453
44.50355681 6.20337142 3.25665014 0.06164630 0.14188834 0.61258892 0.61258892
80.87464066 24.80467229 18.11589781 0.26354169 0.05331811 0.74717547 0.66961673
55.27515035 8.84241184 4.46845441 0.08830600 0.18228181 0.88187876 0.88187876
87.28507406 23.76009691 18.41414662 0.28465180 0.06102433 1.05650342 0.38675562
30.46715018 2.76445179 1.67755440 0.02690620 0.08925181 0.26167875 0.26167875
94.13185801 24.96225648 19.39414700 0.30131218 0.05346009 0.74428964 0.35765489
85.13322404 26.26778791 14.19894854 0.26271528 0.05187534 1.67586877 0.32468011
21.48723703 0.56437307 0.66731417 0.00468091 0.05557714 0.03718093 0.03718093
87.24878403 24.44341176 18.53455614 0.29203578 0.05154396 1.14161785 0.28749212
53.31668527 8.36258789 4.24812709 0.08345880 0.17493757 0.83291713 0.83291713
63.82423452 30.69447938 15.38176445 0.16931881 0.07335098 1.62443721 1.09050492
57.72528333 9.44269442 4.74409438 0.09437008 0.19146981 0.94313208 0.94313208
71.34715391 27.85891125 13.62311744 0.23957102 0.05158973 1.43239952 0.30126549
67.83264519 30.76414502 16.20648070 0.15567010 0.05688984 1.68751528 1.10902838
54.48455728 8.64871653 4.37951269 0.08634928 0.17931709 0.86211393 0.86211393
88.53108894 23.34626565 17.52981279 0.29921646 0.05536037 1.01458730 0.28853676
89.32094626 22.33320055 17.93908040 0.30135503 0.05496218 0.56422286 0.27721423
97.50512983 24.10113789 19.81750211 0.29941289 0.06265931 0.57680483 0.25353066
106.19315679 15.63093761 18.38711216 0.21862912 0.05654220 1.82148597 0.34823336
74.54980709 28.92567173 13.83292724 0.24174965 0.07575245 1.40977957 0.49804683
72.91830224 30.37644977 14.54599103 0.23919260 0.06083689 1.41116028 0.51555547
92.11132607 23.98968362 19.59434207 0.29752542 0.05625646 0.58023695 0.24030577
38.51532415 4.73625442 2.58297397 0.04682543 0.11943247 0.46288310 0.46288310
47.50823216 6.93951688 3.59467612 0.06908287 0.15315587 0.68770580 0.68770580
87.45869831 24.95852512 17.32599258 0.27795061 0.06753494 0.94053859 0.28365518
97.91502470 24.68590827 19.69493629 0.30519413 0.06141572 0.74185573 0.19615751
108.35415035 16.35640028 18.74298181 0.20877416 0.07023108 1.82331546 0.37947840
38.83707014 4.81508219 2.61917039 0.04762175 0.12063901 0.47092675 0.47092675
77.92913092 24.73938485 18.16455268 0.28650096 0.05311727 0.70727864 0.69358080
86.95335204 24.64641967 18.10052673 0.28664769 0.06102967 1.00903427 0.24121895
24.77791275 1.37058862 1.03751518 0.01282533 0.06791717 0.11944782 0.11944782
98.91407295 24.07002608 19.49956011 0.31507550 0.05993036 0.85721288 0.35768023
32.13775514 3.17375001 1.86549745 0.03104094 0.09551658 0.30344388 0.30344388
76.56228804 25.80454632 17.91904129 0.30182570 0.05690659 0.72824217 0.94936930
90.05549739 23.19970971 17.79864445 0.30444140 0.05856855 1.12591901 0.31520606
90.78462077 23.52545697 19.92324976 0.28675463 0.06745035 0.49263533 0.33480498
75.55963908 29.30256146 14.07224396 0.24207279 0.05349939 1.48354441 0.36382581
99.61443236 24.10734060 19.99014510 0.30596088 0.05717355 0.63264742 0.19949667
79.78981272 27.56539029 13.63383371 0.26510492 0.06607094 1.62032893 0.39925908
27.10805456 1.94147337 1.29965614 0.01859244 0.07665520 0.17770136 0.17770136
51.97052990 8.03277983 4.09668461 0.08012706 0.16988949 0.79926325 0.79926325
94.72927274 22.44601111 19.98427112 0.30121041 0.05525844 0.33189594 0.32203529
72.94091285 30.36204067 14.23152744 0.23652676 0.06138132 1.43007697 0.48393121
26.57635250 1.81120636 1.23983966 0.01727647 0.07466132 0.16440881 0.16440881
91.34196186 22.57764935 18.03727327 0.32698294 0.05000279 0.50004181 0.31177305
89.27943425 22.48769190 17.98342870 0.30314850 0.05952712 0.93215598 0.30614704
23.48839315 1.05465632 0.89244423 0.00963377 0.06308147 0.08720983 0.08720983
80.30130026 24.49599856 18.07549822 0.26220880 0.05086012 0.71012262 0.70972785
30.28059490 2.71874575 1.65656693 0.02644447 0.08855223 0.25701487 0.25701487
77.81123771 25.36515851 18.32216562 0.28848333 0.07497152 0.77158314 0.78647282
54.80639693 8.72756725 4.41571965 0.08714583 0.18052399 0.87015992 0.87015992
96.69833886 23.89329153 19.68319501 0.30903397 0.05905411 0.82339506 0.43125762
96.72022279 23.24246486 19.83863188 0.31975741 0.06061373 0.68594627 0.43020420
84.44610805 24.71366285 18.07913136 0.30073470 0.06571329 1.11285949 0.29025890
84.17087485 24.99914221 18.32115359 0.29375018 0.07539030 1.01692653 0.24861041
77.10034222 28.38687108 13.56324982 0.25065026 0.05281561 1.55736734 0.21540001
76.35395673 27.80686597 13.26073117 0.25558959 0.05389280 1.68116644 0.31564584
82.90086843 26.16029183 13.75664329 0.27864437 0.05458049 1.75264836 0.33361711
79.40111613 24.98754619 17.67344133 0.26551876 0.06388169 0.67768852 0.75403926
70.10037357 28.17527750 13.47346089 0.23194872 0.06104678 1.39784894 0.20612382
31.39309225 2.99130760 1.78172288 0.02919790 0.09272410 0.28482731 0.28482731
98.21425268 24.24041713 20.43007626 0.30403014 0.06938941 0.65681078 0.31994749
76.97148357 29.59455702 14.48879800 0.24679676 0.05885940 1.51624893 0.33119141
20.66291601 0.36241442 0.57457805 0.00264072 0.05248594 0.01657290 0.01657290
72.02007413 29.77930319 14.10797769 0.24529981 0.05067302 1.58024155 0.32041750
80.44106293 27.52020584 13.83491151 0.26124925 0.05218590 1.62922939 0.27199651
92.89335526 24.92867392 18.20560181 0.32925161 0.06906581 0.73090921 0.33918630
23.77190888 1.12411768 0.92433975 0.01033547 0.06414466 0.09429772 0.09429772
91.36238573 23.44708603 19.36160967 0.31207967 0.06636290 0.55428293 0.40310334
54.26197804 8.59418462 4.35447253 0.08579840 0.17848242 0.85654945 0.85654945
97.49649529 23.21166065 19.90466451 0.31227674 0.05888610 0.32822971 0.29686457
79.40563672 24.13902729 18.49988921 0.26504406 0.06421829 0.68543814 0.66911814
55.47150514 8.89051876 4.49054433 0.08879198 0.18301814 0.88678763 0.88678763
92.97454503 23.23505884 19.33988877 0.31739634 0.06635277 0.32615916 0.32630952
75.83891347 22.65684260 17.31846658 0.31639357 0.06092594 0.63427696 0.39886719
82.84188387 25.36355173 13.78922636 0.27026395 0.06138102 1.82698431 0.36990233
82.89444906 23.81125302 17.37516126 0.29266793 0.05278429 1.03117023 0.38638072
77.65499890 25.74984444 18.01047561 0.29202850 0.07121391 0.65718296 0.81074165
53.40513663 8.38425847 4.25807787 0.08367771 0.17526926 0.83512842 0.83512842
84.60767009 24.73589065 14.00260282 0.25950012 0.06976364 1.68528523 0.47218652
97.58014769 23.09728155 19.29650833 0.31505327 0.06495786 0.34367576 0.35184195
95.74172582 23.68556877 20.26939169 0.30822498 0.06985012 0.65413907 0.14017915
56.99515526 9.26381304 4.66195497 0.09256301 0.18873183 0.92487888 0.92487888
31.05098112 2.90749038 1.74323538 0.02835118 0.09144118 0.27627453 0.27627453
74.51775124 24.22307715 17.46337114 0.28751908 0.05852568 0.74098517 0.65198637
44.10094826 6.10473232 3.21135668 0.06064985 0.14037856 0.60252371 0.60252371
71.26058875 28.43946479 13.60930861 0.23444232 0.06801887 1.46857303 0.30922343
93.12812125 24.10081384 19.12519517 0.28920955 0.06835671 0.57773245 0.41259614
32.99682063 3.38422105 1.96214232 0.03316713 0.09873808 0.32492052 0.32492052
82.84526171 21.86257923 17.74612355 0.33528400 0.05176171 0.57486512 0.38776153
44.66742139 6.24351824 3.27508491 0.06205187 0.14250283 0.61668553 0.61668553
24.88249906 1.39621227 1.04928114 0.01308419 0.06830937 0.12206248 0.12206248
96.63487990 23.68557794 19.78084450 0.29540982 0.06191615 0.88959282 0.47678971
98.68152200 23.93126106 19.26671575 0.30687726 0.06244947 0.90526169 0.30207743
74.90131128 27.53975093 13.92884718 0.27691867 0.05900016 1.67759942 0.46343714
100.29946130 24.19999527 20.48788860 0.32352268 0.06926206 0.66354759 0.18817640
21.62008501 0.59692083 0.68225956 0.00500971 0.05607532 0.04050213 0.04050213
75.95061820 29.48527443 13.78555155 0.23725383 0.06095769 1.52107007 0.35011412
74.12487760 28.95375805 13.80219194 0.24770780 0.06657476 1.61761915 0.11929108
20.84529653 0.40709765 0.59509586 0.00309211 0.05316986 0.02113241 0.02113241
