55.89607426 9.15196578 4.22354735 0.06718789 0.06300321 0.80609979 0.12892732
52.11580639 8.32068112 4.12750009 0.06193225 0.05978896 0.61823244 0.27989961
55.08198594 3.05680771 1.37130180 0.06572214 0.12692622 0.10727445 0.08744055
55.89603820 9.74630873 4.21323366 0.03690837 0.05543619 0.70130267 0.38441799
58.74727996 8.34613157 4.55663915 0.06620165 0.06815827 0.85123934 0.01038615
53.16138640 9.26281114 3.73401727 0.07682677 0.05815958 0.59681718 0.40152568
51.48364635 7.42544352 4.71684369 0.06469124 0.05194969 0.58424708 0.30004603
52.78446451 9.79781239 3.72149532 0.07724493 0.06844970 0.60078713 0.31834944
46.68009153 0.26091225 2.57310119 0.04389816 0.13078064 0.89219210 0.41855750
55.21001499 9.06784191 3.88801157 0.06590550 0.05083631 0.48292880 0.41967203
44.74895954 5.90550442 3.37256142 0.03968975 0.07752412 0.01074149 0.39570253
57.86751308 8.70647554 4.83939828 0.04723322 0.06537304 0.89483488 0.15239856
53.41479359 8.61961842 2.82103180 0.00191365 0.18334604 0.85048919 0.86588493
32.24990989 1.26065310 3.10267692 0.04469029 0.12523404 0.97159411 0.26845639
55.17094899 7.78974739 3.14138972 0.07168778 0.06132991 0.61677236 0.04353923
48.61181300 9.05434056 4.77693465 0.08192190 0.05640578 0.33766412 0.80292806
55.30438173 9.34803794 3.62769620 0.08173272 0.06417096 0.55164199 0.11329306
52.92078086 9.69019708 3.28685826 0.07951504 0.06503469 0.42911954 0.24100034
56.78827650 9.77547101 4.23607993 0.07539651 0.05323724 0.57588309 0.36421603
56.54675118 5.41887927 4.71624830 0.03685836 0.16274601 0.17623609 0.46143369
52.80893455 9.19656342 3.43088144 0.07971126 0.06191585 0.47904829 0.29646392
48.50198340 9.55393694 3.84421539 0.05559270 0.16478193 0.60515755 0.09620453
29.58102263 5.77554692 3.95946939 0.02015296 0.15804814 0.60205145 0.80690242
48.79140684 6.43327997 3.04676505 0.07528217 0.15587261 0.97280268 0.45792316
50.45580244 6.16321468 3.50946630 0.04992042 0.12182428 0.59287960 0.18878184
33.49992130 9.34093292 2.55616839 0.02541613 0.13142033 0.22039143 0.26431275
37.51828871 8.77090663 0.56451158 0.09457259 0.16567132 0.68691407 0.99084841
49.15859501 8.59564640 4.66420230 0.05504753 0.08098448 0.84755590 0.35554271
51.45389388 6.41917779 4.77821636 0.04508957 0.19842014 0.51931439 0.29114915
55.75244158 4.14686692 4.71344440 0.09801003 0.09892212 0.59335649 0.82117064
59.93805556 8.91717549 3.72989776 0.08191855 0.05545860 0.51802125 0.24390195
54.68121780 9.54932001 4.24538694 0.07520065 0.06745650 0.66014554 0.11885782
59.52069043 9.21036865 3.79270834 0.09384097 0.05447948 0.35214378 0.30886528
53.06770097 9.55160524 3.87153106 0.06285502 0.06767577 0.53205413 0.22782927
59.03595542 8.69247675 3.85501786 0.08054913 0.05761661 0.19583180 0.23244420
59.25069881 8.38201126 4.48668348 0.02860740 0.05617602 0.55345686 0.41048933
51.08993871 9.77420131 3.98035660 0.03291672 0.05193961 0.79765441 0.16539713
35.32782126 4.81157894 1.76442222 0.08201196 0.10218938 0.15339039 0.93304312
54.25951396 8.54640590 4.84479454 0.06175937 0.06387548 0.42157588 0.35466335
51.77644027 9.26368821 4.39454218 0.06023953 0.05217408 0.74896133 0.22330290
24.64254492 9.78068940 4.09270021 0.03991288 0.14528305 0.78362468 0.24156429
26.36584160 1.20036839 4.27655629 0.03795933 0.11833715 0.01235113 0.84384996
28.82480151 1.81635554 2.96713753 0.04492467 0.14052573 0.95496727 0.91640376
38.80984239 3.51793631 2.01556703 0.00320819 0.17760289 0.91751992 0.56751769
59.65241378 8.96027689 3.64310930 0.07179861 0.05110247 0.90100752 0.22983341
53.31952199 9.53993492 4.10754727 0.08502689 0.07126804 0.39936167 0.85329063
23.57596967 9.23364488 3.89594700 0.06649540 0.06531462 0.33870978 0.48229983
53.67705779 6.82611757 3.94165435 0.06072511 0.16591181 0.31842107 0.21417099
51.98409907 9.66665225 4.84117297 0.06760406 0.05868066 0.54059692 0.60719350
53.29008102 9.35505198 3.91824122 0.06449824 0.06189934 0.51154013 0.18735793
58.83942180 7.87765855 4.79206631 0.06447856 0.06759458 0.56302458 0.30913440
29.60501413 0.54595016 2.16559781 0.03168463 0.11560467 0.52271339 0.73074915
57.45206449 8.91319674 4.27779992 0.05824209 0.05252578 0.47898104 0.49259421
51.79457099 8.12752970 4.99458126 0.05393739 0.07509315 0.79682250 0.14180773
45.87844319 9.50995372 4.17193888 0.02370048 0.05490867 0.75860820 0.17922328
56.77199474 3.08174060 2.55685251 0.06915994 0.08222950 0.39088870 0.70421683
52.47054898 9.86743664 4.15428228 0.08693857 0.06993110 0.34903699 0.80018263
50.78057066 3.56665783 4.43063946 0.09877488 0.07933632 0.10879992 0.56706525
59.04687528 7.84282855 2.78344494 0.09936851 0.06498560 0.84502509 0.84626762
28.58707911 4.85662070 2.98832224 0.01659904 0.07228501 0.80836623 0.60898403
58.23105730 8.35579476 4.84653696 0.04797101 0.06535012 0.70243378 0.27219677
31.96466279 7.62829373 2.95629649 0.04921271 0.08776261 0.65741928 0.27352170
56.14806643 8.67065111 4.13976438 0.06185844 0.07658844 0.90786699 0.06652255
56.19153855 8.35393038 4.55603369 0.06140902 0.05470972 0.87722442 0.10092940
53.75808312 9.30388015 3.64815747 0.07111379 0.06074024 0.78496123 0.23072073
59.56786804 7.81347917 4.01638660 0.05765715 0.05460036 0.39984186 0.39661257
52.51210435 7.04811031 2.65687650 0.00978998 0.06836851 0.45981309 0.22095607
41.82312021 3.30876269 4.58640161 0.09286442 0.17107847 0.98418173 0.61757943
25.24776400 6.36301549 2.65515133 0.05867060 0.14187447 0.42864983 0.81853915
55.20694377 9.70369113 3.75736550 0.05988115 0.05448897 0.81472633 0.65959535
37.31464615 6.22781630 3.52316235 0.08386419 0.12308708 0.96360189 0.47191647
55.56228627 8.34392970 4.21412706 0.06186090 0.06624874 0.51930332 0.45979550
59.16244582 8.84664691 4.51578100 0.09711485 0.06052156 0.51635647 0.18228583
51.07000816 8.83677709 3.67584183 0.08144659 0.06711838 0.39728716 0.25464549
57.80239228 8.28191045 3.81643886 0.05858658 0.07208398 0.97892627 0.00229511
57.68444588 8.81020538 4.84331852 0.02677767 0.05791602 0.58447731 0.46561539
34.79688749 5.75218839 2.39501274 0.05528378 0.12225287 0.02783111 0.74362548
44.27008175 6.90971853 1.00942322 0.01850688 0.17583735 0.26329837 0.60688837
23.30409025 2.83173231 1.12347284 0.04313240 0.15031039 0.13210403 0.52056701
56.57350034 7.68990581 4.18653037 0.06394221 0.06054743 0.95817701 0.09128946
27.91996424 7.34617028 3.21509136 0.02086787 0.05594412 0.18667642 0.55242560
56.92061446 8.13731672 3.65717222 0.07165492 0.06901256 0.72399660 0.55550034
32.89656221 0.78113496 2.83013379 0.06346483 0.13197075 0.61342679 0.12813948
57.69835609 7.84865318 4.59944386 0.06357131 0.05960511 0.56674011 0.35637467
50.69104542 9.99198516 3.80944290 0.08637185 0.05489007 0.56608977 0.29567133
44.64848893 6.33454785 3.01767204 0.08680211 0.16391663 0.04993363 0.18472982
58.01416797 9.26341175 3.92458917 0.06980180 0.05510466 0.93903015 0.21401823
47.81889804 8.54887793 2.35268196 0.00850554 0.13136671 0.98315419 0.26742952
49.53434325 9.19962002 3.97522758 0.07940804 0.06412313 0.16621082 0.82613094
54.66682114 9.68383235 4.54712683 0.07190859 0.06239075 0.68146508 0.08993130
59.55400810 8.76971770 4.40415820 0.06920558 0.06585727 0.42190024 0.03298160
51.19656401 7.68491535 2.41613214 0.07027020 0.09114345 0.60194276 0.29532481
48.15278540 6.20828683 2.63610561 0.07351606 0.17051946 0.38096816 0.76602323
50.75062159 8.48374487 4.27278382 0.06997318 0.05233807 0.58949047 0.30636491
57.91926580 7.65094391 4.70372764 0.09481406 0.05276453 0.59242991 0.16737138
58.73940801 8.28667716 3.86958287 0.06476385 0.05995848 0.80490534 0.23599687
55.25685653 9.80371748 3.75892965 0.05566269 0.05811319 0.59619661 0.06914118
53.56677920 8.99852890 4.53589301 0.05926332 0.05808234 0.55724802 0.27534653
57.01958980 3.85745912 4.31654388 0.05259650 0.06299015 0.28315014 0.92465068
21.25746439 1.23161222 3.23456411 0.02910254 0.06827767 0.47782159 0.90484104
58.68766220 6.30550315 3.86259026 0.05767710 0.13030511 0.71244139 0.42259590
39.03221364 6.51813695 4.26009073 0.09625251 0.08841840 0.97917580 0.01410139
57.76751385 7.73873974 4.53406542 0.05194862 0.06750959 0.38119551 0.33519255
23.06801673 6.55434572 4.16422244 0.08634554 0.12902278 0.28492314 0.36335316
29.81939474 3.75810646 3.96149768 0.09227847 0.19100681 0.48234493 0.38894578
33.15692861 5.87472180 1.76427233 0.02543299 0.14389363 0.32996293 0.25207696
55.78841540 9.38208358 4.44106227 0.03425753 0.05824254 0.73613721 0.01659869
52.74452117 4.03671656 1.98064310 0.08048139 0.09419441 0.80013581 0.35163639
57.16015958 8.21302943 4.38163391 0.07051236 0.06313059 0.42280609 0.08528547
41.58273837 3.74707672 3.24789796 0.07670817 0.13496742 0.00945928 0.32924333
58.31723880 8.71191470 4.09489299 0.07175569 0.07261018 0.31489296 0.16385446
56.25264039 9.13473309 4.77591149 0.03284801 0.07133860 0.60665472 0.34700297
53.11175289 8.74338425 3.90742208 0.06407409 0.05773938 0.57433857 0.48876918
52.15987195 9.61160434 4.02031298 0.06192010 0.05273087 0.77485271 0.24139420
51.65089497 9.11689635 4.66577155 0.04971645 0.06892074 0.77711390 0.26903370
53.50056936 9.68162292 4.21138371 0.06107057 0.06831529 0.48759857 0.20193784
52.76104611 9.92360528 3.60750180 0.04295956 0.05061218 0.86586880 0.17846299
51.96239304 9.67120948 4.96291242 0.08102873 0.05839490 0.56537326 0.43238068
58.44735869 9.12225831 4.61158586 0.01396867 0.13829545 0.84603747 0.57258483
59.35513179 8.31520234 4.05016442 0.08153624 0.05310322 0.52820434 0.41034294
20.80448371 0.22664876 0.85592958 0.04084251 0.16363784 0.36471002 0.39889184
54.07565210 9.07670823 4.74047209 0.03164054 0.06227493 0.67928652 0.26538290
51.74300581 9.71044303 4.38224570 0.06457028 0.06078730 0.56255115 0.21314718
55.52150629 1.31409158 4.20578989 0.02229101 0.14075411 0.46278843 0.86230842
47.96758873 9.88994209 4.38604057 0.08589020 0.08490309 0.25987980 0.80809368
52.03955087 8.67907803 3.93482480 0.06189131 0.05222891 0.72722807 0.16963336
59.36810914 8.53753910 4.81664995 0.08560090 0.05472128 0.65193109 0.18643287
21.21219670 5.62538939 2.65274320 0.02250415 0.09040187 0.34479171 0.14853713
