59.879611, 12.867375, 5.922915, 0.027686, 0.056620, 1.166310, 0.730119, 250168.226523, 3636.601653 
59.445505, 13.234001, 6.666139, 0.093864, 0.065730, 1.025739, 0.918947, 171156.757162, 3486.870347 
61.448164, 13.172690, 6.561167, 0.010496, 0.061035, 1.255741, 1.155368, 432627.190493, 3454.619922 
62.975785, 12.908937, 5.704727, 0.120314, 0.061310, 0.793494, 0.846834, 168589.703298, 3602.235487 
64.999126, 13.004624, 7.210345, 0.016143, 0.062075, 1.188229, 1.149598, 329527.794897, 3330.963757 
54.230778, 8.586541, 4.350963, 0.085721, 0.178365, 0.855769, 0.855769, 418868.226905, 5545.548669 
53.917564, 8.509803, 4.315726, 0.084946, 0.177191, 0.847939, 0.847939, 424935.606867, 5617.959779 
46.292086, 6.641561, 3.457860, 0.066073, 0.148595, 0.657302, 0.657302, 654731.892329, 8342.866740 
61.432702, 13.535719, 6.386184, 0.014466, 0.059024, 1.251758, 1.096826, 351297.575289, 3417.022690 
53.668732, 13.474666, 6.106544, 0.011939, 0.057877, 1.487462, 0.877265, 386157.387231, 3692.126863 
66.804585, 14.242489, 6.923874, 0.039575, 0.059762, 1.196510, 1.066300, 195450.521573, 3150.121939 
28.842502, 2.366413, 1.494781, 0.022885, 0.083159, 0.221063, 0.221063, 2000000000000000.000000, 1000000000000000.000000 
56.803690, 13.310354, 5.813020, 0.018368, 0.054546, 1.469983, 0.886567, 302792.918272, 3656.592987 
45.476963, 6.441856, 3.366158, 0.064055, 0.145539, 0.636924, 0.636924, 2000000000000000.000000, 1000000000000000.000000 
33.927032, 3.612123, 2.066791, 0.035469, 0.102226, 0.348176, 0.348176, 2000000000000000.000000, 1000000000000000.000000 
53.968627, 13.316922, 5.533612, 0.103769, 0.058990, 1.128162, 0.928779, 191276.988267, 3788.752969 
73.716714, 10.024121, 6.225511, 0.123499, 0.057295, 0.784316, 0.916800, 152034.216024, 3891.689527 
39.785436, 5.047432, 2.725862, 0.049969, 0.124195, 0.494636, 0.494636, 2000000000000000.000000, 1000000000000000.000000 
43.161654, 5.874605, 3.105686, 0.058325, 0.136856, 0.579041, 0.579041, 2000000000000000.000000, 1000000000000000.000000 
67.867388, 14.127617, 6.907565, 0.022384, 0.053185, 1.232078, 1.065097, 238020.101507, 3152.334012 
63.202340, 14.035064, 6.515637, 0.002322, 0.066941, 1.136754, 1.004942, 787858.356821, 3290.128126 
69.923016, 8.289780, 6.191454, 0.152792, 0.057185, 1.052221, 0.948809, 163252.406341, 4616.506303 
32.709637, 3.313861, 1.929834, 0.032456, 0.097661, 0.317741, 0.317741, 2000000000000000.000000, 1000000000000000.000000 
56.839217, 13.728744, 6.171069, 0.008784, 0.062996, 1.504492, 0.942954, 453549.442126, 3530.145717 
25.645963, 1.583261, 1.135171, 0.014974, 0.071172, 0.141149, 0.141149, 2000000000000000.000000, 1000000000000000.000000 
51.942276, 8.025858, 4.093506, 0.080057, 0.169784, 0.798557, 0.798557, 467644.334980, 6127.090182 
60.821542, 14.285575, 6.551267, 0.031659, 0.067487, 1.259550, 0.638473, 220918.618768, 3295.683254 
53.360041, 8.373210, 4.253005, 0.083566, 0.175100, 0.834001, 0.834001, 436181.984880, 5752.129897 
61.417103, 13.330886, 6.574253, 0.009640, 0.061539, 1.235088, 0.991960, 429137.375366, 3426.623800 
27.879288, 2.130426, 1.386420, 0.020501, 0.079547, 0.196982, 0.196982, 2000000000000000.000000, 1000000000000000.000000 
63.996870, 11.945662, 4.553667, 0.118832, 0.066338, 1.037924, 0.882933, 199997.107565, 4071.303306 
62.907421, 15.687406, 6.777221, 0.028096, 0.060758, 1.376361, 1.117489, 227500.879085, 3060.878370 
24.859088, 1.390477, 1.046647, 0.013026, 0.068222, 0.121477, 0.121477, 2000000000000000.000000, 1000000000000000.000000 
35.170777, 3.916840, 2.206712, 0.038548, 0.106890, 0.379269, 0.379269, 2000000000000000.000000, 1000000000000000.000000 
64.865834, 13.995965, 6.101018, 0.021855, 0.057492, 1.307411, 0.909790, 260363.655089, 3337.771195 
63.809784, 12.984311, 6.170725, 0.013497, 0.055969, 1.345708, 1.058389, 350870.614642, 3489.180325 
20.638759, 0.356496, 0.571860, 0.002581, 0.052395, 0.015969, 0.015969, 2000000000000000.000000, 1000000000000000.000000 
21.734943, 0.625061, 0.695181, 0.005294, 0.056506, 0.043374, 0.043374, 2000000000000000.000000, 1000000000000000.000000 
64.039084, 13.491255, 5.754365, 0.018504, 0.052128, 1.304636, 1.215069, 305981.858758, 3486.328528 
52.213890, 13.809364, 6.238083, 0.014667, 0.062625, 1.508943, 0.900426, 363810.521737, 3671.291599 
56.079243, 13.353134, 6.319183, 0.020583, 0.062436, 1.490521, 0.930656, 301142.021071, 3606.354574 
79.075029, 11.222351, 5.172669, 0.105130, 0.059856, 0.693164, 1.001117, 172341.177495, 3842.519635 
61.446029, 13.879204, 5.732625, 0.043328, 0.067148, 1.264366, 0.585093, 208821.782232, 3478.203002 
36.558903, 4.256931, 2.362877, 0.041983, 0.112096, 0.413973, 0.413973, 2000000000000000.000000, 1000000000000000.000000 
64.131399, 13.561914, 6.169322, 0.019555, 0.053979, 1.325294, 1.132730, 285093.940486, 3395.393863 
62.309340, 11.356792, 5.706109, 0.115191, 0.058334, 0.826053, 0.870514, 178496.884353, 3921.417663 
57.283339, 12.023485, 6.097298, 0.012130, 0.051258, 1.563710, 0.932230, 373269.083219, 3878.820096 
33.776287, 3.575190, 2.049832, 0.035096, 0.101661, 0.344407, 0.344407, 2000000000000000.000000, 1000000000000000.000000 
64.197227, 15.032853, 5.185248, 0.109839, 0.060872, 0.630555, 0.915005, 176465.312259, 3445.980192 
72.429064, 14.408556, 5.741618, 0.029694, 0.050565, 1.400764, 1.013286, 212816.221078, 3300.989859 
69.402645, 10.624154, 5.730518, 0.086426, 0.054615, 1.099806, 0.802467, 171559.991219, 3920.817108 
75.879358, 9.876794, 5.936696, 0.115300, 0.067093, 0.764375, 0.915289, 163570.841511, 3943.918151 
69.326381, 9.670096, 5.953304, 0.089539, 0.050542, 1.183011, 0.802888, 168188.612303, 4139.342615 
67.627307, 11.268160, 6.076663, 0.099898, 0.050046, 0.513709, 0.948991, 166818.475840, 3749.678925 
49.479846, 7.422562, 3.816483, 0.073963, 0.160549, 0.736996, 0.736996, 534457.395243, 6921.191491 
56.160237, 9.059258, 4.568027, 0.090497, 0.185601, 0.904006, 0.904006, 385019.566431, 5141.298211 
57.764647, 13.423588, 6.673642, 0.015871, 0.064507, 1.261429, 1.091092, 359618.591512, 3502.937593 
61.055650, 13.169191, 6.000462, 0.034399, 0.064889, 1.341951, 0.558230, 221282.239484, 3543.452613 
65.407381, 11.458090, 6.073226, 0.083642, 0.055700, 1.159211, 0.815277, 170611.152163, 3759.059019 
66.023878, 13.776086, 6.576293, 0.017419, 0.057375, 1.341657, 1.176829, 298698.434643, 3270.627684 
73.416581, 13.038977, 5.543780, 0.098698, 0.055519, 1.032367, 0.906026, 157984.900846, 3501.035720 
64.290975, 13.465763, 5.364075, 0.021018, 0.055264, 1.398797, 1.026518, 289746.293118, 3578.222786 
61.753704, 12.675916, 6.633505, 0.016783, 0.054523, 1.275264, 1.065199, 314419.029381, 3530.369709 
65.161638, 10.082042, 6.281471, 0.138432, 0.058280, 1.165580, 0.986557, 163575.470368, 4108.753097 
55.473069, 8.890902, 4.490720, 0.088796, 0.183024, 0.886827, 0.886827, 396423.882033, 5277.543994 
63.680966, 13.952477, 7.248472, 0.038256, 0.067180, 1.301416, 1.073348, 209848.522460, 3205.056775 
29.296777, 2.477710, 1.545887, 0.024010, 0.084863, 0.232419, 0.232419, 2000000000000000.000000, 1000000000000000.000000 
73.602014, 9.610848, 5.761245, 0.126925, 0.056282, 0.867669, 0.911330, 159574.699949, 4089.005953 
59.461663, 12.970102, 5.441794, 0.118798, 0.055817, 0.806070, 0.859770, 177354.927539, 3718.645831 
57.330696, 9.346020, 4.699703, 0.093393, 0.189990, 0.933267, 0.933267, 367052.779021, 4926.597794 
69.104723, 10.068395, 5.521328, 0.081476, 0.060553, 1.148560, 0.760008, 185585.297187, 4108.745771 
65.049868, 14.213973, 5.460551, 0.010289, 0.063089, 1.479574, 1.058983, 425867.180123, 3449.889926 
60.275338, 13.371399, 6.255024, 0.024281, 0.057141, 1.197934, 0.828785, 258483.260872, 3488.734723 
71.579877, 11.336540, 5.182189, 0.117320, 0.058998, 0.894884, 1.045431, 174190.947328, 3876.163094 
59.889307, 12.863494, 6.114253, 0.033365, 0.058384, 1.374341, 1.028575, 241338.761800, 3608.358660 
39.722751, 5.032074, 2.718809, 0.049814, 0.123960, 0.493069, 0.493069, 2000000000000000.000000, 1000000000000000.000000 
65.151731, 10.800717, 5.534777, 0.089168, 0.060071, 1.194210, 0.745622, 183323.483816, 4011.360907 
61.770617, 11.763093, 6.524524, 0.017487, 0.055030, 1.107737, 0.843641, 313075.942143, 3738.602037 
62.149723, 12.477135, 5.956333, 0.029152, 0.064180, 1.295160, 1.073613, 272740.715082, 3648.162253 
65.425836, 11.807112, 6.573869, 0.088116, 0.060513, 1.025298, 1.024714, 168957.612475, 3616.111038 
64.912012, 12.769210, 6.545607, 0.100962, 0.078138, 1.015564, 1.038882, 171155.866101, 3447.900844 
35.796806, 4.070218, 2.277141, 0.040097, 0.109238, 0.394920, 0.394920, 2000000000000000.000000, 1000000000000000.000000 
61.261826, 13.664959, 5.985575, 0.022785, 0.054737, 1.344350, 1.275683, 284688.281576, 3463.707367 
36.796009, 4.315022, 2.389551, 0.042570, 0.112985, 0.419900, 0.419900, 2000000000000000.000000, 1000000000000000.000000 
48.791982, 7.254036, 3.739098, 0.072260, 0.157970, 0.719800, 0.719800, 556604.434816, 7183.730608 
59.075067, 12.804481, 6.544732, 0.030977, 0.058273, 1.192417, 0.638147, 228865.288039, 3594.272603 
76.913720, 10.498456, 6.164907, 0.124668, 0.053244, 0.806673, 0.964934, 143403.281287, 3742.453104 
41.890881, 5.563266, 2.962724, 0.055180, 0.132091, 0.547272, 0.547272, 2000000000000000.000000, 1000000000000000.000000 
60.484941, 13.838249, 5.399898, 0.120662, 0.055221, 0.856134, 0.874135, 171040.936756, 3574.937041 
63.297726, 11.252252, 6.258033, 0.033879, 0.059877, 1.198167, 1.074680, 255156.517619, 3841.109275 
70.009511, 14.604513, 6.894161, 0.014337, 0.064325, 1.304535, 1.022540, 314141.532470, 3075.929675 
63.145848, 11.582820, 6.359541, 0.032846, 0.061673, 1.270301, 1.042666, 252664.532045, 3753.976020 
71.110158, 11.620814, 5.656301, 0.116050, 0.059949, 0.858992, 0.796091, 160213.569779, 3706.730422 
67.797623, 10.434475, 6.028762, 0.078345, 0.056338, 1.102066, 0.837945, 177665.601017, 3952.062645 
72.256766, 16.865794, 7.411931, 0.019709, 0.064074, 1.270818, 1.064261, 243715.477679, 2792.056519 
75.394380, 12.028783, 4.690394, 0.140655, 0.055515, 0.847053, 1.022585, 171379.508852, 3904.790602 
54.053544, 13.472561, 6.150158, 0.014312, 0.072444, 1.350983, 1.026208, 417394.671946, 3673.314248 
32.918838, 3.365115, 1.953369, 0.032974, 0.098446, 0.322971, 0.322971, 2000000000000000.000000, 1000000000000000.000000 
72.372718, 11.526883, 6.197158, 0.103866, 0.054748, 0.498056, 0.982438, 158271.737792, 3595.289165 
69.759108, 10.931274, 6.113825, 0.123226, 0.054018, 0.857318, 0.890499, 153360.415150, 3773.455815 
62.004850, 13.418688, 6.559943, 0.011864, 0.064961, 1.313767, 1.057745, 396989.516208, 3400.110436 
26.444064, 1.778796, 1.224957, 0.016949, 0.074165, 0.161102, 0.161102, 2000000000000000.000000, 1000000000000000.000000 
59.416872, 10.515181, 5.889940, 0.085797, 0.051712, 1.139225, 0.874056, 194461.603665, 4243.164278 
63.485664, 13.122428, 5.924872, 0.008202, 0.062443, 1.417336, 1.153929, 498069.840460, 3516.015071 
69.957709, 10.965225, 5.780760, 0.122022, 0.065252, 0.801026, 0.795466, 164600.198446, 3824.194168 
73.134493, 10.090277, 5.968835, 0.123914, 0.072807, 0.800251, 0.825442, 164558.604949, 3931.909965 
65.622973, 12.011704, 5.721435, 0.089502, 0.076718, 1.012941, 1.041186, 194005.777690, 3705.680581 
64.272613, 10.392376, 5.893334, 0.094018, 0.056813, 1.116546, 0.928108, 182549.219872, 4087.328436 
59.693400, 9.924883, 4.965508, 0.099241, 0.198850, 0.992335, 0.992335, 335543.234118, 4550.108601 
28.745276, 2.342593, 1.483844, 0.022645, 0.082795, 0.218632, 0.218632, 2000000000000000.000000, 1000000000000000.000000 
65.598920, 12.488158, 6.621648, 0.015177, 0.058167, 1.135474, 0.838182, 316894.533900, 3473.079074 
75.889035, 12.908017, 5.387193, 0.106550, 0.058393, 1.003580, 0.958898, 159307.476167, 3548.057222 
66.801511, 13.232939, 5.299909, 0.018435, 0.064452, 1.483262, 0.988392, 324639.804270, 3597.098934 
30.522987, 2.778132, 1.683836, 0.027044, 0.089461, 0.263075, 0.263075, 2000000000000000.000000, 1000000000000000.000000 
40.460617, 5.212851, 2.801819, 0.051640, 0.126727, 0.511515, 0.511515, 2000000000000000.000000, 1000000000000000.000000 
28.203704, 2.209907, 1.422917, 0.021304, 0.080764, 0.205093, 0.205093, 2000000000000000.000000, 1000000000000000.000000 
69.299413, 15.123461, 6.370464, 0.016159, 0.058751, 1.435399, 1.061036, 288137.610035, 3115.940894 
77.165342, 11.403280, 5.103454, 0.108696, 0.056029, 0.742476, 0.902566, 168637.380073, 3844.567860 
71.360579, 10.352522, 6.320376, 0.126265, 0.070547, 0.806956, 0.905173, 160159.689794, 3843.360111 
67.072232, 13.007089, 6.819374, 0.015262, 0.054725, 1.198526, 1.108475, 314050.490283, 3331.868318 
62.954721, 13.468074, 6.546981, 0.025497, 0.055141, 1.080799, 0.916714, 245272.311141, 3373.504436 
65.269316, 13.541613, 5.401584, 0.007312, 0.055115, 1.460372, 1.063799, 486689.809554, 3546.089871 
50.012997, 7.553184, 3.876462, 0.075282, 0.162549, 0.750325, 0.750325, 518446.161817, 6731.172951 
63.937916, 10.535661, 6.099907, 0.088778, 0.068072, 1.253434, 0.763058, 184528.143358, 4031.859301 
59.625002, 9.908126, 4.957813, 0.099072, 0.198594, 0.990625, 0.990625, 336377.013994, 4560.066609 
67.282848, 14.253150, 6.493576, 0.017258, 0.060232, 1.341350, 0.920549, 281662.257607, 3206.569808 
79.823667, 11.733432, 4.973742, 0.102271, 0.070718, 0.786883, 1.044512, 184675.327695, 3827.210224 
27.334828, 1.997033, 1.325168, 0.019154, 0.077506, 0.183371, 0.183371, 2000000000000000.000000, 1000000000000000.000000 
