110.556283, 15.591730, 15.340722, 0.166174, 0.051359, 0.639879, 0.551234, 41840.411576, 2483.157766 
58.548912, 9.644483, 4.836753, 0.096409, 0.194558, 0.963723, 0.963723, 350082.046980, 4723.794699 
90.957760, 21.149325, 11.685488, 0.187403, 0.065257, 0.915105, 0.510468, 62398.054412, 2299.573086 
64.628706, 29.481200, 13.328817, 0.070640, 0.051748, 1.202447, 1.061087, 85877.833696, 2118.622774 
97.126759, 18.275495, 11.704303, 0.181859, 0.050811, 1.081322, 0.215250, 54599.834627, 2400.906037 
71.615857, 25.025006, 13.716482, 0.096719, 0.053709, 1.373916, 1.175127, 75554.891008, 2157.884595 
58.874195, 9.724178, 4.873347, 0.097214, 0.195778, 0.971855, 0.971855, 345819.269599, 4672.861674 
130.175123, 14.715897, 16.198699, 0.170580, 0.051943, 0.622061, 0.577633, 34457.046672, 2756.460727 
72.841947, 26.165737, 13.332907, 0.087382, 0.052640, 1.378138, 1.259288, 78171.541571, 2147.268082 
42.673437, 5.754992, 3.050762, 0.057117, 0.135025, 0.566836, 0.566836, 2000000000000000.000000, 1000000000000000.000000 
70.926826, 28.687794, 13.071700, 0.093929, 0.066068, 1.459727, 1.121588, 80941.353875, 2129.390326 
43.542014, 5.967793, 3.148477, 0.059266, 0.138283, 0.588550, 0.588550, 2000000000000000.000000, 1000000000000000.000000 
21.984886, 0.686297, 0.723300, 0.005913, 0.057443, 0.049622, 0.049622, 2000000000000000.000000, 1000000000000000.000000 
79.537191, 26.815729, 11.392891, 0.096236, 0.064186, 1.456682, 1.111262, 82758.746533, 2189.103463 
115.982383, 15.367182, 15.148024, 0.158134, 0.062816, 0.780188, 0.443678, 42503.055050, 2541.581656 
116.363061, 16.770207, 15.571493, 0.144328, 0.053107, 0.638962, 0.385879, 40960.729688, 2518.748674 
70.999888, 25.502618, 13.188791, 0.102314, 0.068315, 1.472891, 1.065442, 79989.867124, 2155.976510 
55.770228, 8.963706, 4.524151, 0.089531, 0.184138, 0.894256, 0.894256, 391409.479282, 5217.641926 
66.296852, 29.543866, 12.900240, 0.087185, 0.063354, 1.443101, 0.995324, 83239.808848, 2122.126534 
122.439525, 14.658650, 15.666828, 0.163468, 0.063563, 0.794838, 0.457527, 38980.597002, 2630.497692 
38.104936, 4.635709, 2.536805, 0.045810, 0.117894, 0.452623, 0.452623, 2000000000000000.000000, 1000000000000000.000000 
73.002962, 25.889211, 13.344505, 0.089626, 0.064080, 1.468453, 1.195005, 81435.734626, 2150.199910 
41.883236, 5.561393, 2.961864, 0.055161, 0.132062, 0.547081, 0.547081, 2000000000000000.000000, 1000000000000000.000000 
64.815536, 30.086580, 13.252287, 0.081499, 0.055824, 1.276910, 1.051503, 83064.807172, 2116.198530 
116.555942, 14.436255, 15.140134, 0.159837, 0.069770, 0.172963, 0.345354, 46649.360491, 2570.071262 
111.319703, 16.603034, 12.451221, 0.185213, 0.054489, 0.307297, 0.298207, 49241.110927, 2519.758657 
130.619874, 15.261626, 15.955196, 0.146796, 0.051756, 0.510252, 0.424874, 36560.378041, 2757.017893 
58.919935, 9.735384, 4.878493, 0.097327, 0.195950, 0.972998, 0.972998, 345228.405467, 4665.802314 
43.814643, 6.034588, 3.179147, 0.059941, 0.139305, 0.595366, 0.595366, 2000000000000000.000000, 1000000000000000.000000 
118.357362, 14.548876, 15.892752, 0.163650, 0.069755, 0.616344, 0.247086, 39694.746787, 2580.418535 
57.945152, 9.496562, 4.768830, 0.094914, 0.192294, 0.948629, 0.948629, 358287.390078, 4821.846055 
91.734234, 21.590758, 11.175419, 0.189383, 0.069181, 0.730119, 0.515998, 65903.650092, 2311.209389 
84.064671, 26.223732, 12.027903, 0.122805, 0.052474, 1.363504, 1.122437, 69083.671841, 2195.695062 
24.796020, 1.375025, 1.039552, 0.012870, 0.067985, 0.119901, 0.119901, 2000000000000000.000000, 1000000000000000.000000 
28.628034, 2.313868, 1.470654, 0.022354, 0.082355, 0.215701, 0.215701, 2000000000000000.000000, 1000000000000000.000000 
51.951100, 8.028020, 4.094499, 0.080079, 0.169817, 0.798778, 0.798778, 467434.591219, 6124.592410 
70.419009, 28.997595, 12.965788, 0.108233, 0.055252, 1.249556, 1.039515, 74338.136416, 2128.247039 
82.680746, 26.110442, 12.086587, 0.125903, 0.050477, 1.351727, 1.169176, 68708.751432, 2189.794878 
53.266322, 8.350249, 4.242461, 0.083334, 0.174749, 0.831658, 0.831658, 438131.100884, 5775.376045 
121.477798, 14.556579, 14.748684, 0.167934, 0.055481, 0.699030, 0.449014, 39078.088983, 2627.599638 
93.388945, 18.891818, 12.541630, 0.200450, 0.062134, 0.903841, 0.506262, 56514.625603, 2340.401258 
97.653219, 19.751994, 11.353710, 0.175338, 0.052912, 1.120324, 0.068872, 55639.202063, 2375.484404 
113.103146, 13.507071, 16.168194, 0.162110, 0.055515, 0.765502, 0.373108, 37640.213690, 2553.020308 
115.724751, 14.867775, 16.345388, 0.157429, 0.051877, 0.620273, 0.387515, 37313.506642, 2543.262150 
43.533909, 5.965808, 3.147565, 0.059246, 0.138252, 0.588348, 0.588348, 2000000000000000.000000, 1000000000000000.000000 
91.258154, 18.688620, 11.852940, 0.183756, 0.051060, 1.150990, 0.152961, 56238.556962, 2360.186694 
102.124922, 15.036281, 14.032722, 0.173514, 0.053290, 0.330913, 0.497931, 49671.933566, 2471.497424 
96.313075, 19.309524, 12.760853, 0.188030, 0.068391, 0.962425, 0.674353, 57519.466331, 2336.959626 
97.266424, 20.047507, 12.527680, 0.187417, 0.053339, 0.824133, 0.395491, 53417.102458, 2330.948549 
111.312877, 15.479380, 13.728759, 0.161190, 0.057894, 0.232834, 0.333951, 48299.294758, 2518.103819 
20.923910, 0.426358, 0.603940, 0.003287, 0.053465, 0.023098, 0.023098, 2000000000000000.000000, 1000000000000000.000000 
102.667635, 15.661596, 14.526185, 0.173005, 0.054062, 0.320225, 0.500912, 48437.413130, 2440.109143 
112.648459, 18.334037, 12.064511, 0.184577, 0.055813, 1.346643, 0.155205, 46439.269232, 2498.668745 
50.679492, 7.716475, 3.951443, 0.076932, 0.165048, 0.766987, 0.766987, 499710.125668, 6508.588772 
48.040876, 7.070015, 3.654599, 0.070401, 0.155153, 0.701022, 0.701022, 582930.455260, 7495.358918 
118.834586, 15.995887, 15.410217, 0.169062, 0.054031, 0.649089, 0.521997, 39444.949693, 2560.925344 
95.278574, 19.658952, 12.196990, 0.173679, 0.056887, 0.788525, 0.520950, 58225.373913, 2337.663880 
121.566562, 14.049244, 15.163464, 0.150594, 0.059982, 0.713788, 0.276682, 38827.961242, 2635.644121 
27.557175, 2.051508, 1.350182, 0.019704, 0.078339, 0.188929, 0.188929, 2000000000000000.000000, 1000000000000000.000000 
36.976243, 4.359180, 2.409827, 0.043016, 0.113661, 0.424406, 0.424406, 2000000000000000.000000, 1000000000000000.000000 
98.532940, 19.886467, 11.999308, 0.183331, 0.052896, 0.812146, 0.451676, 55546.895748, 2355.560877 
39.675280, 5.020444, 2.713469, 0.049696, 0.123782, 0.491882, 0.491882, 2000000000000000.000000, 1000000000000000.000000 
107.805048, 19.407201, 11.888751, 0.172387, 0.058235, 1.441630, 0.270152, 50820.265278, 2436.100397 
114.946355, 14.252457, 15.942521, 0.157154, 0.071502, 0.746304, 0.514835, 44040.942436, 2550.804017 
118.686634, 14.906261, 16.307934, 0.162395, 0.052691, 0.556151, 0.482483, 37537.770795, 2576.765153 
97.199543, 19.456104, 12.269213, 0.187287, 0.059157, 0.972968, 0.722640, 57372.626318, 2350.314259 
89.662040, 21.657971, 11.350990, 0.193177, 0.061561, 0.873410, 0.656017, 64566.503395, 2294.734592 
95.844034, 20.177322, 12.052522, 0.173216, 0.056578, 1.083416, 0.681586, 58547.149901, 2332.599739 
23.612202, 1.084990, 0.906373, 0.009940, 0.063546, 0.090305, 0.090305, 2000000000000000.000000, 1000000000000000.000000 
54.642331, 8.687371, 4.397262, 0.086740, 0.179909, 0.866058, 0.866058, 411155.021017, 5453.470035 
120.357416, 14.070177, 15.742510, 0.161691, 0.051415, 0.515024, 0.366291, 36597.811484, 2615.165933 
89.300561, 19.203015, 12.024488, 0.187924, 0.058058, 1.243509, 0.169472, 57245.501999, 2333.116793 
39.498207, 4.977061, 2.693548, 0.049258, 0.123118, 0.487455, 0.487455, 2000000000000000.000000, 1000000000000000.000000 
120.154246, 16.108035, 15.403237, 0.166800, 0.057643, 0.651069, 0.501123, 40119.755299, 2576.086713 
24.796748, 1.375203, 1.039634, 0.012872, 0.067988, 0.119919, 0.119919, 2000000000000000.000000, 1000000000000000.000000 
114.716884, 13.690624, 15.788640, 0.155851, 0.059939, 0.749332, 0.505114, 41062.720359, 2565.323567 
115.699819, 15.488696, 15.347410, 0.155390, 0.055669, 0.695009, 0.522707, 41774.594129, 2534.412079 
35.944251, 4.106341, 2.293728, 0.040462, 0.109791, 0.398606, 0.398606, 2000000000000000.000000, 1000000000000000.000000 
123.344857, 13.940566, 15.100297, 0.155557, 0.051677, 0.790309, 0.274170, 35474.216197, 2661.619437 
53.736101, 8.465345, 4.295311, 0.084497, 0.176510, 0.843403, 0.843403, 428531.932248, 5660.871528 
67.998781, 29.191829, 13.112784, 0.093648, 0.052824, 1.164728, 1.026315, 77682.314755, 2122.922582 
91.424390, 21.967007, 11.119973, 0.191616, 0.052474, 0.811949, 0.587894, 62819.783288, 2304.572535 
63.679589, 29.241343, 12.846431, 0.097650, 0.060156, 1.251961, 0.953743, 82024.051399, 2125.255696 
25.506054, 1.548983, 1.119431, 0.014627, 0.070648, 0.137651, 0.137651, 2000000000000000.000000, 1000000000000000.000000 
117.914431, 13.081175, 15.995941, 0.144594, 0.072096, 0.843065, 0.511845, 43777.315592, 2610.542820 
113.596661, 15.158127, 14.886714, 0.140699, 0.077628, 0.155807, 0.297093, 53032.061995, 2525.890522 
23.768095, 1.123183, 0.923911, 0.010326, 0.064130, 0.094202, 0.094202, 2000000000000000.000000, 1000000000000000.000000 
118.288758, 14.370800, 14.670731, 0.190561, 0.067886, 0.713438, 0.377402, 40492.632337, 2596.698970 
43.271521, 5.901523, 3.118046, 0.058597, 0.137268, 0.581788, 0.581788, 2000000000000000.000000, 1000000000000000.000000 
93.617814, 19.447986, 12.024519, 0.185629, 0.062342, 1.171513, 0.211132, 56316.163698, 2340.581514 
83.231533, 25.808365, 11.863521, 0.124314, 0.053009, 1.353514, 1.183028, 70672.219807, 2198.640749 
110.400422, 13.151189, 14.338606, 0.202456, 0.050686, 0.356288, 0.291255, 40074.313402, 2583.123595 
104.148684, 19.617490, 11.674337, 0.174674, 0.066836, 1.392122, 0.288229, 54723.054092, 2409.315787 
34.631188, 3.784641, 2.146009, 0.037212, 0.104867, 0.365780, 0.365780, 2000000000000000.000000, 1000000000000000.000000 
117.898087, 15.378097, 15.092031, 0.163547, 0.055425, 0.764775, 0.405768, 39393.851070, 2562.918612 
122.133001, 15.028680, 15.951552, 0.170219, 0.059776, 0.789791, 0.393163, 36503.957077, 2619.673569 
56.606293, 9.168542, 4.618208, 0.091601, 0.187274, 0.915157, 0.915157, 377965.596719, 5057.009752 
102.627213, 18.327227, 12.024323, 0.193831, 0.064498, 1.125628, 0.121097, 51644.490389, 2418.759046 
116.536976, 14.734370, 15.546796, 0.158891, 0.059414, 0.737229, 0.587989, 41883.084354, 2558.380118 
94.451630, 19.097415, 12.285100, 0.179721, 0.072588, 0.845094, 0.481814, 60611.061075, 2345.875776 
35.410541, 3.975583, 2.233686, 0.039141, 0.107790, 0.385264, 0.385264, 2000000000000000.000000, 1000000000000000.000000 
123.943191, 14.632044, 15.109536, 0.150323, 0.060082, 0.639938, 0.240768, 38624.268146, 2654.736078 
89.978684, 19.271402, 12.000290, 0.186430, 0.056668, 0.978557, 0.640181, 60750.696771, 2333.585530 
38.904084, 4.831501, 2.626709, 0.047788, 0.120890, 0.472602, 0.472602, 2000000000000000.000000, 1000000000000000.000000 
46.395403, 6.666874, 3.469483, 0.066329, 0.148983, 0.659885, 0.659885, 650016.724877, 8287.317315 
96.720069, 19.662308, 11.814202, 0.189383, 0.065227, 1.163603, 0.188374, 55911.990758, 2356.377129 
112.820880, 15.569019, 13.883992, 0.169902, 0.050676, 0.345916, 0.226449, 42930.640761, 2524.745078 
83.997772, 26.093224, 11.753119, 0.110481, 0.051417, 1.338381, 1.107206, 71910.430484, 2201.867406 
42.544862, 5.723491, 3.036297, 0.056799, 0.134543, 0.563622, 0.563622, 2000000000000000.000000, 1000000000000000.000000 
96.468442, 19.006461, 12.620284, 0.193506, 0.060725, 0.903732, 0.469891, 54681.702293, 2348.572122 
71.053237, 24.719770, 13.584235, 0.103001, 0.058043, 1.366698, 1.027056, 75429.224380, 2164.196280 
38.551280, 4.745064, 2.587019, 0.046914, 0.119567, 0.463782, 0.463782, 2000000000000000.000000, 1000000000000000.000000 
47.385575, 6.909466, 3.580877, 0.068779, 0.152696, 0.684639, 0.684639, 607963.365477, 7791.232558 
24.791766, 1.373983, 1.039074, 0.012860, 0.067969, 0.119794, 0.119794, 2000000000000000.000000, 1000000000000000.000000 
28.957819, 2.394666, 1.507755, 0.023171, 0.083592, 0.223945, 0.223945, 2000000000000000.000000, 1000000000000000.000000 
32.747433, 3.323121, 1.934086, 0.032550, 0.097803, 0.318686, 0.318686, 2000000000000000.000000, 1000000000000000.000000 
20.633320, 0.355163, 0.571248, 0.002567, 0.052375, 0.015833, 0.015833, 2000000000000000.000000, 1000000000000000.000000 
116.970897, 15.139817, 15.986547, 0.163793, 0.071565, 0.581463, 0.209733, 40295.975409, 2552.493039 
116.070162, 14.169779, 15.858358, 0.164167, 0.057045, 0.826450, 0.286646, 36734.355321, 2564.555678 
93.514680, 21.362768, 11.437835, 0.188444, 0.066953, 0.831886, 0.558063, 63414.691770, 2314.994336 
108.307970, 14.879555, 15.120019, 0.146014, 0.070271, 0.230806, 0.357546, 51242.799000, 2488.582745 
115.305741, 16.453221, 15.687482, 0.141314, 0.070388, 0.696217, 0.519839, 47512.041607, 2511.252213 
96.686320, 19.510391, 11.693074, 0.186514, 0.060019, 1.213487, 0.193497, 55698.615356, 2364.038728 
31.620985, 3.047141, 1.807361, 0.029762, 0.093579, 0.290525, 0.290525, 2000000000000000.000000, 1000000000000000.000000 
121.339112, 15.772788, 15.488186, 0.162349, 0.057088, 0.809403, 0.503784, 38954.715039, 2597.057483 
114.923902, 14.102310, 15.778022, 0.155921, 0.058180, 0.625786, 0.536133, 41705.892865, 2555.882690 
67.227466, 26.940397, 13.953942, 0.095805, 0.059470, 1.590770, 1.300452, 79281.182767, 2134.743840 
29.916006, 2.629421, 1.615551, 0.025542, 0.087185, 0.247900, 0.247900, 2000000000000000.000000, 1000000000000000.000000 
