135.370372, 13.826877, 18.959012, 0.182089, 0.061726, 0.337937, 0.210614, 29274.531142, 2948.497497 
72.767245, 31.248524, 13.128147, 0.119796, 0.053016, 1.257911, 0.954593, 68496.291367, 2131.660662 
68.643920, 30.924691, 13.005595, 0.121097, 0.066750, 1.351356, 1.211988, 77144.089564, 2120.767094 
134.659596, 13.928349, 18.588830, 0.168116, 0.062910, 0.382768, 0.272705, 31890.351591, 2915.252085 
85.961976, 24.659448, 12.831150, 0.236309, 0.061621, 1.443251, 0.602796, 55594.752088, 2203.278802 
92.986182, 21.067736, 15.964198, 0.249098, 0.068133, 0.688579, 0.824900, 48064.605077, 2263.931639 
103.399272, 19.608240, 16.868305, 0.262336, 0.074299, 0.802381, 0.958497, 43073.465048, 2360.927356 
72.750823, 30.953458, 13.458770, 0.135568, 0.058790, 1.344960, 1.073350, 67682.505481, 2129.905656 
74.822142, 31.129626, 13.445640, 0.131613, 0.056166, 1.381879, 1.138085, 66835.710524, 2138.102566 
79.615372, 29.953556, 13.494732, 0.113736, 0.050353, 1.556155, 1.062718, 64237.103775, 2155.936389 
105.383485, 11.575318, 19.395089, 0.158316, 0.056344, 0.887879, 0.438164, 34984.902701, 2560.854654 
56.675600, 32.122434, 14.142763, 0.137319, 0.055469, 0.962371, 1.430657, 79028.144780, 2113.302855 
134.046690, 14.317325, 19.127603, 0.171877, 0.067059, 0.335527, 0.318104, 33433.727004, 2920.866060 
118.897634, 14.845118, 17.404018, 0.210670, 0.050220, 1.026058, 0.298294, 28895.187809, 2585.706876 
84.479458, 24.862979, 11.665591, 0.225612, 0.059562, 1.470329, 0.402907, 59862.251172, 2216.825474 
23.881835, 1.151050, 0.936706, 0.010608, 0.064557, 0.097046, 0.097046, 2000000000000000.000000, 1000000000000000.000000 
105.112446, 20.850911, 15.856525, 0.189389, 0.072044, 0.783703, 0.329105, 44079.675990, 2359.422194 
118.733196, 14.618759, 17.067821, 0.196826, 0.069258, 1.145906, 0.292099, 32926.448585, 2584.298891 
34.498036, 3.752019, 2.131029, 0.036883, 0.104368, 0.362451, 0.362451, 2000000000000000.000000, 1000000000000000.000000 
67.961285, 31.937125, 13.281773, 0.122137, 0.052919, 1.363235, 1.162340, 70857.644655, 2118.397459 
99.422079, 23.133274, 16.044916, 0.243601, 0.053893, 0.850396, 0.851429, 42816.099353, 2301.286199 
50.004556, 7.551116, 3.875513, 0.075261, 0.162517, 0.750114, 0.750114, 518692.310270, 6734.095556 
32.120165, 3.169440, 1.863519, 0.030997, 0.095451, 0.303004, 0.303004, 2000000000000000.000000, 1000000000000000.000000 
122.316804, 14.671811, 17.254999, 0.204158, 0.055784, 0.940959, 0.210458, 29002.702302, 2634.688645 
71.098739, 30.843380, 13.319975, 0.131149, 0.062582, 1.685669, 1.051283, 68872.604468, 2124.973241 
87.947535, 24.149593, 12.400259, 0.208592, 0.054582, 1.270589, 0.424381, 55918.735715, 2223.456360 
51.966148, 8.031706, 4.096192, 0.080116, 0.169873, 0.799154, 0.799154, 467077.314106, 6120.338206 
97.781476, 19.173656, 16.261588, 0.257898, 0.052840, 0.479233, 0.742755, 42401.360011, 2318.124449 
29.287147, 2.475351, 1.544804, 0.023986, 0.084827, 0.232179, 0.232179, 2000000000000000.000000, 1000000000000000.000000 
43.725409, 6.012725, 3.169109, 0.059720, 0.138970, 0.593135, 0.593135, 2000000000000000.000000, 1000000000000000.000000 
122.434287, 14.116181, 16.634834, 0.195150, 0.060910, 0.938102, 0.322917, 31965.733121, 2639.760775 
48.617928, 7.211392, 3.719517, 0.071829, 0.157317, 0.715448, 0.715448, 562495.972957, 7253.512433 
81.629972, 29.322364, 13.255280, 0.119609, 0.058376, 1.538564, 1.180793, 67157.125939, 2164.850687 
96.162100, 24.647836, 11.877273, 0.219200, 0.058754, 1.364012, 0.387620, 54673.393706, 2275.325187 
97.215388, 20.198381, 16.788068, 0.249385, 0.065407, 0.766380, 0.733861, 43178.990394, 2304.976120 
107.880259, 12.781519, 19.360396, 0.169440, 0.062968, 0.959246, 0.483064, 35157.224003, 2527.286197 
136.847515, 14.556711, 18.540352, 0.172083, 0.056538, 0.281782, 0.194087, 29531.610393, 2974.861295 
95.402426, 20.131442, 16.644318, 0.251201, 0.058597, 0.551967, 0.672397, 43320.163248, 2292.458634 
119.117655, 14.367836, 17.050084, 0.192891, 0.057657, 1.130553, 0.300816, 31027.390706, 2592.986569 
57.159157, 9.303993, 4.680405, 0.092969, 0.189347, 0.928979, 0.928979, 369578.586545, 4956.782831 
72.309507, 30.676192, 13.097236, 0.140154, 0.053870, 1.612164, 1.080585, 66131.650497, 2129.488381 
59.916627, 33.289583, 14.173595, 0.133648, 0.058134, 0.953208, 1.382268, 76801.362651, 2107.095310 
56.771749, 32.208462, 14.488129, 0.130354, 0.062861, 0.977063, 1.451461, 82147.227529, 2112.588771 
22.698236, 0.861068, 0.803552, 0.007678, 0.060118, 0.067456, 0.067456, 2000000000000000.000000, 1000000000000000.000000 
98.348400, 24.602522, 16.270940, 0.263409, 0.052753, 0.749866, 0.974104, 42795.978170, 2296.221000 
97.961770, 19.497805, 16.415477, 0.266526, 0.059477, 0.511933, 0.646618, 42250.575382, 2315.492569 
93.899995, 20.499019, 16.093485, 0.257520, 0.052433, 0.675435, 0.758350, 43787.719962, 2276.291720 
45.877786, 6.540057, 3.411251, 0.065048, 0.147042, 0.646945, 0.646945, 2000000000000000.000000, 1000000000000000.000000 
52.021647, 8.045304, 4.102435, 0.080254, 0.170081, 0.800541, 0.800541, 465764.351599, 6104.702283 
43.086824, 5.856272, 3.097268, 0.058140, 0.136576, 0.577171, 0.577171, 2000000000000000.000000, 1000000000000000.000000 
111.579997, 12.942150, 19.255231, 0.177529, 0.062929, 0.887538, 0.453293, 33497.011494, 2549.620489 
87.626189, 22.952155, 17.051390, 0.246518, 0.051987, 0.694208, 0.742003, 44650.839692, 2226.292346 
88.697186, 21.079469, 17.022078, 0.242063, 0.062756, 0.828911, 1.000225, 47534.808681, 2247.725970 
46.185182, 6.615370, 3.445833, 0.065808, 0.148194, 0.654630, 0.654630, 659681.069341, 8401.157800 
93.940736, 20.129898, 16.273764, 0.248708, 0.059950, 0.608444, 0.778086, 45482.025816, 2281.932803 
29.887805, 2.622512, 1.612378, 0.025472, 0.087079, 0.247195, 0.247195, 2000000000000000.000000, 1000000000000000.000000 
83.986711, 24.638286, 11.973802, 0.217784, 0.057681, 1.484855, 0.469374, 59133.970638, 2210.194459 
105.826716, 21.136825, 15.761066, 0.189765, 0.055398, 0.828609, 0.183895, 39828.449654, 2364.186139 
58.054477, 32.278160, 13.995560, 0.135285, 0.054702, 1.016669, 1.363064, 77213.888200, 2109.754069 
22.318863, 0.768121, 0.760872, 0.006739, 0.058696, 0.057972, 0.057972, 2000000000000000.000000, 1000000000000000.000000 
89.530826, 23.407348, 16.591655, 0.271384, 0.064289, 0.634090, 0.820804, 46570.938198, 2230.868408 
94.635990, 24.190207, 16.451569, 0.262361, 0.056681, 0.808030, 0.912269, 43852.126560, 2265.583192 
81.721317, 23.630895, 11.944064, 0.231398, 0.053123, 1.493386, 0.460935, 59401.744587, 2216.911280 
59.441716, 9.863220, 4.937193, 0.098618, 0.197906, 0.986043, 0.986043, 338632.575231, 4587.007534 
75.674534, 31.524572, 13.436781, 0.128669, 0.063054, 1.256366, 0.936662, 67928.944766, 2143.052096 
99.077523, 23.223468, 16.559439, 0.253872, 0.052511, 0.889185, 0.846384, 41049.043623, 2305.331133 
94.625734, 25.267451, 16.579712, 0.248948, 0.050247, 0.752640, 0.944604, 43333.262689, 2269.974277 
75.508699, 30.906742, 13.073440, 0.119790, 0.062749, 1.353293, 1.268397, 73170.243499, 2141.198986 
79.721754, 29.810087, 13.703015, 0.114322, 0.051555, 1.624161, 1.140252, 64177.490257, 2156.140490 
53.840374, 8.490892, 4.307042, 0.084755, 0.176901, 0.846009, 0.846009, 426457.980428, 5636.125923 
23.349444, 1.020614, 0.876812, 0.009290, 0.062560, 0.083736, 0.083736, 2000000000000000.000000, 1000000000000000.000000 
91.577928, 21.190504, 17.286879, 0.237308, 0.056100, 0.835184, 0.917751, 44142.822601, 2263.712266 
93.730983, 19.628631, 15.886305, 0.251907, 0.055933, 0.814494, 0.828231, 45052.556762, 2287.492401 
53.520317, 8.412478, 4.271036, 0.083963, 0.175701, 0.838008, 0.838008, 432888.439964, 5712.844826 
103.074949, 19.591277, 17.078450, 0.265128, 0.053349, 0.455287, 0.727491, 38694.679377, 2360.352460 
118.689822, 13.710877, 16.944095, 0.200901, 0.055912, 1.086836, 0.375993, 30912.129267, 2599.123107 
123.533131, 13.820131, 17.091680, 0.185497, 0.053439, 0.976013, 0.388699, 30229.742783, 2662.346319 
32.267196, 3.205463, 1.880060, 0.031361, 0.096002, 0.306680, 0.306680, 2000000000000000.000000, 1000000000000000.000000 
125.205685, 15.115271, 17.229915, 0.206229, 0.061288, 1.080259, 0.459438, 30826.479751, 2676.409498 
29.507557, 2.529351, 1.569600, 0.024531, 0.085653, 0.237689, 0.237689, 2000000000000000.000000, 1000000000000000.000000 
125.805925, 13.230267, 16.720980, 0.181140, 0.058856, 0.917677, 0.072669, 28854.276804, 2704.122344 
24.334068, 1.261847, 0.987583, 0.011727, 0.066253, 0.108352, 0.108352, 2000000000000000.000000, 1000000000000000.000000 
45.398141, 6.422544, 3.357291, 0.063860, 0.145243, 0.634954, 0.634954, 2000000000000000.000000, 1000000000000000.000000 
54.057517, 8.544092, 4.331471, 0.085292, 0.177716, 0.851438, 0.851438, 422202.929968, 5585.348791 
90.329159, 24.654830, 12.083975, 0.217596, 0.067554, 1.258618, 0.381245, 57467.064093, 2236.336062 
95.918853, 23.604545, 16.159911, 0.243475, 0.056394, 0.935614, 0.903556, 44238.443352, 2272.249631 
51.807176, 7.992758, 4.078307, 0.079723, 0.169277, 0.795179, 0.795179, 470879.115852, 6165.606571 
51.273536, 7.862016, 4.018273, 0.078402, 0.167276, 0.781838, 0.781838, 484101.327243, 6322.971300 
68.157137, 30.869454, 13.126213, 0.126947, 0.052512, 1.372097, 1.258731, 71471.448168, 2118.990349 
101.469336, 21.093803, 15.306345, 0.243338, 0.052726, 0.720159, 0.157731, 40055.263581, 2321.282221 
58.330981, 9.591090, 4.812235, 0.095869, 0.193741, 0.958275, 0.958275, 352998.974484, 4758.649682 
94.420831, 25.019345, 15.967737, 0.255210, 0.067297, 0.830348, 1.062851, 48082.664372, 2258.205922 
34.125491, 3.660745, 2.089118, 0.035961, 0.102971, 0.353137, 0.353137, 2000000000000000.000000, 1000000000000000.000000 
21.531573, 0.575235, 0.672302, 0.004791, 0.055743, 0.038289, 0.038289, 2000000000000000.000000, 1000000000000000.000000 
37.702498, 4.537112, 2.491531, 0.044814, 0.116384, 0.442562, 0.442562, 2000000000000000.000000, 1000000000000000.000000 
90.265634, 25.443646, 12.243740, 0.219153, 0.057857, 1.240024, 0.279060, 54921.584458, 2227.312321 
82.246015, 23.608935, 11.973319, 0.241324, 0.068899, 1.436669, 0.401480, 60509.907746, 2217.923866 
29.611394, 2.554792, 1.581282, 0.024788, 0.086043, 0.240285, 0.240285, 2000000000000000.000000, 1000000000000000.000000 
29.472304, 2.520714, 1.565634, 0.024444, 0.085521, 0.236808, 0.236808, 2000000000000000.000000, 1000000000000000.000000 
37.935379, 4.594168, 2.517730, 0.045390, 0.117258, 0.448384, 0.448384, 2000000000000000.000000, 1000000000000000.000000 
109.647114, 13.801704, 19.498239, 0.176974, 0.056063, 0.940236, 0.416392, 32136.661969, 2517.298246 
92.505997, 21.322924, 16.195973, 0.255016, 0.050571, 0.654622, 0.854484, 44453.768355, 2259.603336 
109.632550, 12.019805, 19.651978, 0.166979, 0.061214, 1.007244, 0.356523, 32319.158588, 2560.097950 
123.460229, 14.499852, 16.993209, 0.200869, 0.053859, 1.039723, 0.323494, 29338.310295, 2651.507758 
70.414382, 31.847451, 14.111571, 0.134916, 0.066087, 1.161992, 1.184884, 70910.850348, 2124.451807 
62.322850, 31.100982, 13.269031, 0.137936, 0.056983, 1.730383, 1.357543, 73528.457285, 2112.530197 
57.005070, 32.686748, 13.951239, 0.140772, 0.057763, 0.926362, 1.287667, 78184.875430, 2110.489040 
94.331436, 21.367978, 16.449129, 0.257085, 0.050952, 0.665777, 0.861336, 43157.430984, 2272.331747 
94.018597, 20.715407, 16.390006, 0.257808, 0.054950, 0.683734, 0.788916, 43673.346041, 2275.931856 
39.644591, 5.012925, 2.710016, 0.049620, 0.123667, 0.491115, 0.491115, 2000000000000000.000000, 1000000000000000.000000 
32.144612, 3.175430, 1.866269, 0.031058, 0.095542, 0.303615, 0.303615, 2000000000000000.000000, 1000000000000000.000000 
119.246608, 13.953625, 16.624528, 0.206495, 0.057838, 1.119009, 0.451252, 31906.500550, 2601.047534 
60.111093, 32.204128, 13.521815, 0.139697, 0.070930, 1.034965, 1.371189, 81944.614455, 2109.204141 
57.243690, 9.324704, 4.689915, 0.093178, 0.189664, 0.931092, 0.931092, 368329.474310, 4941.855146 
105.367691, 21.171296, 16.094591, 0.177946, 0.051068, 0.763259, 0.317820, 40242.249181, 2362.967638 
26.921224, 1.895700, 1.278638, 0.018130, 0.075955, 0.173031, 0.173031, 2000000000000000.000000, 1000000000000000.000000 
22.132184, 0.722385, 0.739871, 0.006277, 0.057996, 0.053305, 0.053305, 2000000000000000.000000, 1000000000000000.000000 
24.531292, 1.310167, 1.009770, 0.012215, 0.066992, 0.113282, 0.113282, 2000000000000000.000000, 1000000000000000.000000 
83.090883, 23.648133, 12.394061, 0.228805, 0.054747, 1.352747, 0.515758, 57752.987247, 2210.779227 
76.297776, 31.746433, 13.560527, 0.138158, 0.059030, 1.406139, 0.974849, 64452.984467, 2146.863800 
37.428221, 4.469914, 2.460675, 0.044135, 0.115356, 0.435706, 0.435706, 2000000000000000.000000, 1000000000000000.000000 
98.599795, 23.756507, 16.560512, 0.246703, 0.059206, 0.672982, 0.957204, 44249.076993, 2301.470914 
74.377034, 31.023447, 13.250529, 0.126733, 0.062239, 1.284085, 0.990457, 69520.244399, 2136.483298 
83.698162, 23.524223, 12.473145, 0.231570, 0.077957, 1.372046, 0.651972, 61108.668430, 2212.894007 
101.969647, 20.909740, 15.668816, 0.190209, 0.050402, 0.672080, 0.307538, 41669.816416, 2328.774598 
79.134090, 25.349168, 13.271205, 0.256586, 0.061680, 1.409428, 0.454528, 55865.222498, 2167.680093 
74.383810, 31.518732, 13.439226, 0.138166, 0.051225, 1.307098, 1.167263, 65172.045027, 2137.631851 
50.656286, 7.710790, 3.948832, 0.076874, 0.164961, 0.766407, 0.766407, 500340.035459, 6516.076192 
