124.264039, 14.458907, 15.902986, 0.179136, 0.050076, 1.013241, 0.194723, 30564.535391, 2659.405552 
40.822460, 5.301503, 2.842527, 0.052536, 0.128084, 0.520561, 0.520561, 2000000000000000.000000, 1000000000000000.000000 
107.534776, 18.499010, 16.017982, 0.186651, 0.052990, 0.505271, 0.258400, 39423.844896, 2403.438423 
64.969409, 32.036228, 13.307661, 0.112928, 0.068895, 1.106711, 1.202121, 81894.142091, 2112.686483 
81.394138, 28.117041, 13.156562, 0.112307, 0.051648, 1.485290, 1.256736, 67447.209995, 2163.844641 
46.938668, 6.799974, 3.530600, 0.067673, 0.151020, 0.673467, 0.673467, 626269.555742, 8007.328270 
35.296556, 3.947656, 2.220863, 0.038859, 0.107362, 0.382414, 0.382414, 2000000000000000.000000, 1000000000000000.000000 
79.772471, 20.345293, 12.848526, 0.192873, 0.057720, 1.382355, 0.422369, 60279.592548, 2268.811420 
115.945335, 13.967451, 15.830699, 0.152824, 0.060559, 1.222545, 0.106804, 35250.053215, 2568.698862 
49.556322, 7.441299, 3.825086, 0.074152, 0.160836, 0.738908, 0.738908, 532101.390111, 6893.242173 
23.278575, 1.003251, 0.868840, 0.009114, 0.062295, 0.081964, 0.081964, 2000000000000000.000000, 1000000000000000.000000 
39.829274, 5.058172, 2.730793, 0.050077, 0.124360, 0.495732, 0.495732, 2000000000000000.000000, 1000000000000000.000000 
83.079023, 20.660823, 13.434462, 0.199364, 0.053276, 1.427477, 0.408631, 54987.086978, 2250.568306 
127.140462, 15.505429, 16.093599, 0.171687, 0.066003, 0.976246, 0.224203, 34053.196391, 2692.180842 
98.731961, 21.109591, 15.066661, 0.224693, 0.069056, 0.742946, 0.942582, 50212.005302, 2298.970814 
23.807435, 1.132821, 0.928336, 0.010423, 0.064278, 0.095186, 0.095186, 2000000000000000.000000, 1000000000000000.000000 
99.620045, 17.885245, 15.921735, 0.182687, 0.051459, 0.490404, 0.264301, 42425.620990, 2351.370435 
69.871111, 32.147926, 13.653217, 0.109483, 0.060079, 1.248961, 1.442276, 76965.438356, 2123.347650 
37.958028, 4.599717, 2.520278, 0.045446, 0.117343, 0.448951, 0.448951, 2000000000000000.000000, 1000000000000000.000000 
83.450848, 21.895472, 13.115067, 0.196375, 0.052284, 1.321803, 0.414125, 55750.000151, 2228.329530 
134.715184, 14.952514, 16.252336, 0.167877, 0.052131, 1.032275, 0.224254, 28918.963048, 2849.914626 
118.808560, 14.826947, 15.697801, 0.176681, 0.063485, 0.947851, 0.200959, 35698.379913, 2580.923750 
124.066524, 15.145286, 15.444107, 0.179647, 0.060521, 0.884565, 0.098792, 33425.839050, 2645.657792 
57.828182, 9.467905, 4.755670, 0.094625, 0.191856, 0.945705, 0.945705, 359922.870599, 4841.390766 
74.316019, 28.515489, 13.011209, 0.117709, 0.055087, 1.524016, 1.322715, 71560.684568, 2138.149613 
66.771155, 32.060717, 13.573734, 0.115331, 0.061999, 1.257535, 1.336695, 77158.343584, 2114.923165 
67.513730, 33.008547, 13.640968, 0.123814, 0.060087, 1.339597, 1.359423, 73621.981846, 2119.380386 
61.052526, 30.995469, 13.096228, 0.043357, 0.055004, 1.342929, 1.294035, 112083.416001, 2115.088268 
129.112728, 13.182134, 16.108215, 0.169208, 0.056080, 1.087572, 0.221642, 29945.503701, 2757.680380 
115.155020, 11.921100, 15.909589, 0.181667, 0.055208, 0.980374, 0.200960, 32977.152765, 2627.154703 
78.253596, 29.347892, 13.042892, 0.121317, 0.054909, 1.552305, 1.217663, 67936.656535, 2150.380924 
78.909766, 29.547077, 13.250733, 0.114109, 0.063377, 1.548811, 1.178991, 70780.002493, 2152.393934 
121.636338, 14.562159, 16.389358, 0.177766, 0.057795, 0.455599, 0.237491, 34622.119522, 2620.905823 
133.158058, 12.727857, 17.093921, 0.180063, 0.054168, 0.220510, 0.060686, 28185.037359, 2847.628574 
84.242270, 29.477751, 13.452047, 0.092267, 0.053552, 1.455058, 1.193308, 69996.684219, 2178.914737 
121.618149, 16.960688, 17.538724, 0.183335, 0.074229, 0.971919, 0.360904, 35783.800010, 2611.743082 
62.857600, 31.952257, 12.885343, 0.108531, 0.063642, 1.048946, 1.138535, 83269.650105, 2113.724031 
133.575322, 12.647378, 17.246930, 0.173429, 0.055119, 0.193269, 0.068584, 28832.196789, 2859.625820 
114.918868, 12.482135, 15.371310, 0.154403, 0.055225, 1.192625, 0.015802, 34021.926258, 2614.399640 
24.830916, 1.383574, 1.043478, 0.012957, 0.068116, 0.120773, 0.120773, 2000000000000000.000000, 1000000000000000.000000 
80.859355, 28.834421, 13.555310, 0.111249, 0.056499, 1.529986, 1.192429, 67472.320084, 2159.964844 
80.873277, 28.723028, 13.246521, 0.101047, 0.050622, 1.503974, 1.229088, 68656.390451, 2160.754400 
100.970666, 18.870074, 15.373812, 0.192051, 0.055914, 0.622442, 0.254408, 43098.270744, 2343.377220 
110.759848, 13.367588, 16.018152, 0.167999, 0.059574, 1.062760, 0.121107, 35824.139741, 2542.327343 
47.586087, 6.958591, 3.603435, 0.069276, 0.153448, 0.689652, 0.689652, 600084.307127, 7698.153284 
96.180388, 19.981161, 15.792326, 0.225067, 0.053007, 0.708626, 1.019485, 46339.939897, 2295.672727 
78.508500, 29.183953, 13.646982, 0.127949, 0.055351, 1.773436, 1.120980, 63453.086985, 2149.398163 
119.409336, 12.078620, 15.975152, 0.175445, 0.056641, 0.981370, 0.183480, 31984.253945, 2655.888486 
79.646944, 23.312960, 11.671269, 0.191609, 0.050483, 1.484067, 0.753317, 64180.673432, 2224.846796 
127.241647, 14.294755, 17.438201, 0.170378, 0.055505, 0.196042, 0.026758, 30598.236083, 2722.117614 
85.380899, 20.864554, 12.764362, 0.199935, 0.072404, 1.338321, 0.433360, 59225.720612, 2260.705259 
128.717937, 13.826015, 16.091553, 0.167172, 0.067330, 1.036710, 0.047541, 31305.583667, 2740.641276 
42.579961, 5.732091, 3.040246, 0.056885, 0.134675, 0.564499, 0.564499, 2000000000000000.000000, 1000000000000000.000000 
83.182525, 30.400421, 13.361400, 0.107894, 0.051870, 1.696024, 1.374850, 66692.488184, 2175.931429 
130.037088, 14.093370, 16.084796, 0.178250, 0.061617, 1.004924, 0.097664, 29957.664465, 2760.365529 
99.894648, 20.880291, 14.785619, 0.217415, 0.062140, 0.770836, 0.944645, 49318.406987, 2309.820724 
80.049626, 21.032174, 12.907643, 0.194017, 0.057032, 1.385082, 0.429228, 59473.915422, 2247.686232 
36.358634, 4.207865, 2.340346, 0.041488, 0.111345, 0.408966, 0.408966, 2000000000000000.000000, 1000000000000000.000000 
118.081418, 12.493528, 16.695656, 0.172252, 0.070269, 1.077105, 0.199267, 33935.222481, 2622.091263 
50.435577, 7.656716, 3.924002, 0.076328, 0.164133, 0.760889, 0.760889, 506410.194925, 6588.213627 
104.835322, 18.321478, 15.381568, 0.190164, 0.052644, 0.513972, 0.199841, 40998.053146, 2381.184418 
119.441333, 16.204900, 17.015286, 0.185174, 0.051129, 0.900185, 0.460248, 32899.414447, 2574.534028 
113.450321, 13.088177, 16.594127, 0.173335, 0.061781, 0.952684, 0.142233, 34176.562466, 2564.363393 
109.322373, 17.234245, 17.666167, 0.192425, 0.058977, 0.381081, 0.524463, 39173.053353, 2448.114042 
50.253133, 7.612017, 3.903477, 0.075876, 0.163449, 0.756328, 0.756328, 511538.492331, 6649.138105 
86.591778, 28.719953, 14.023271, 0.128941, 0.064567, 1.427507, 1.301092, 65345.553072, 2192.322552 
33.172687, 3.427308, 1.981927, 0.033602, 0.099398, 0.329317, 0.329317, 2000000000000000.000000, 1000000000000000.000000 
133.851498, 12.845213, 16.683326, 0.170941, 0.054383, 0.196567, 0.026313, 29138.154847, 2856.078966 
79.708488, 20.269330, 13.144511, 0.195227, 0.060426, 1.409833, 0.427795, 59613.780564, 2266.045032 
47.492607, 6.935689, 3.592918, 0.069044, 0.153097, 0.687315, 0.687315, 603732.671323, 7741.258512 
121.875773, 11.539595, 16.057057, 0.171632, 0.067462, 1.061659, 0.227855, 33258.395725, 2697.098387 
65.220998, 31.376246, 13.163600, 0.121302, 0.060308, 1.193124, 1.239560, 77278.092000, 2113.966457 
83.425849, 22.302175, 12.805273, 0.200868, 0.051957, 1.393851, 0.407974, 56339.583677, 2225.642703 
99.972649, 20.427449, 14.858053, 0.230218, 0.064049, 0.724528, 0.840382, 48189.011373, 2315.384456 
111.373895, 16.032112, 16.965009, 0.182395, 0.060411, 0.257777, 0.433808, 40448.365291, 2478.635828 
56.952678, 9.253406, 4.657176, 0.092458, 0.188573, 0.923817, 0.923817, 372666.219369, 4993.681749 
33.484880, 3.503796, 2.017049, 0.034375, 0.100568, 0.337122, 0.337122, 2000000000000000.000000, 1000000000000000.000000 
80.340554, 29.877971, 13.247504, 0.110664, 0.056157, 1.615498, 1.141721, 67639.869171, 2159.561095 
20.628924, 0.354086, 0.570754, 0.002557, 0.052358, 0.015723, 0.015723, 2000000000000000.000000, 1000000000000000.000000 
117.105379, 14.472065, 15.191654, 0.161636, 0.051566, 1.093493, 0.162871, 35046.460951, 2574.162813 
49.789491, 7.498425, 3.851318, 0.074729, 0.161711, 0.744737, 0.744737, 525042.233966, 6809.475797 
128.803631, 13.720888, 16.762711, 0.171694, 0.058518, 0.422600, 0.179450, 32057.792924, 2747.619074 
130.061219, 14.649933, 16.315444, 0.177286, 0.063358, 1.058500, 0.265542, 31660.072948, 2756.166805 
51.332803, 7.876537, 4.024940, 0.078549, 0.167498, 0.783320, 0.783320, 482596.695495, 6305.069855 
77.952461, 28.233915, 13.206485, 0.111758, 0.053881, 1.576065, 1.137660, 68146.982231, 2149.172833 
103.387828, 18.226596, 15.705078, 0.200698, 0.059790, 0.449919, 0.248415, 42157.945510, 2371.000968 
113.388025, 13.201128, 15.644869, 0.155236, 0.059071, 0.953809, 0.168693, 37188.476620, 2571.856886 
57.697324, 9.435844, 4.740949, 0.094301, 0.191365, 0.942433, 0.942433, 361770.736703, 4863.473894 
40.595702, 5.245947, 2.817016, 0.051974, 0.127234, 0.514893, 0.514893, 2000000000000000.000000, 1000000000000000.000000 
50.527780, 7.679306, 3.934375, 0.076556, 0.164479, 0.763194, 0.763194, 503856.792512, 6557.872123 
112.361436, 13.348694, 15.739275, 0.153557, 0.059821, 0.950213, 0.115954, 37212.955399, 2557.828753 
27.210799, 1.966646, 1.311215, 0.018847, 0.077040, 0.180270, 0.180270, 2000000000000000.000000, 1000000000000000.000000 
59.515579, 9.881317, 4.945503, 0.098801, 0.198183, 0.987889, 0.987889, 337719.847400, 4576.105396 
55.236668, 8.832984, 4.464125, 0.088211, 0.182138, 0.880917, 0.880917, 400506.594712, 5326.309713 
29.442700, 2.513462, 1.562304, 0.024371, 0.085410, 0.236068, 0.236068, 2000000000000000.000000, 1000000000000000.000000 
26.501745, 1.792928, 1.231446, 0.017092, 0.074382, 0.162544, 0.162544, 2000000000000000.000000, 1000000000000000.000000 
103.947392, 18.647886, 16.002768, 0.199318, 0.056204, 0.689878, 0.074277, 38658.851451, 2369.654379 
107.320163, 18.066396, 15.873966, 0.192976, 0.052895, 0.514980, 0.214504, 38945.625138, 2406.390531 
113.634322, 14.158504, 15.926440, 0.157107, 0.059193, 1.288609, 0.028552, 34500.238934, 2541.275120 
117.180547, 13.031949, 15.346919, 0.157775, 0.060424, 1.188782, 0.146141, 35470.810150, 2614.111303 
106.599845, 17.832267, 15.694903, 0.200329, 0.053157, 0.591843, 0.206885, 38889.749403, 2403.285529 
40.749694, 5.283675, 2.834341, 0.052355, 0.127811, 0.518742, 0.518742, 2000000000000000.000000, 1000000000000000.000000 
81.049679, 28.236215, 12.708512, 0.112015, 0.058783, 1.260915, 1.225307, 72963.479461, 2165.395035 
116.177880, 13.176953, 16.236057, 0.182606, 0.061990, 0.971512, 0.273115, 34499.421246, 2588.596046 
100.774701, 18.879704, 15.681988, 0.193873, 0.066949, 0.554848, 0.217153, 44304.141368, 2341.617240 
24.747676, 1.363181, 1.034114, 0.012750, 0.067804, 0.118692, 0.118692, 2000000000000000.000000, 1000000000000000.000000 
20.792017, 0.394044, 0.589102, 0.002960, 0.052970, 0.019800, 0.019800, 2000000000000000.000000, 1000000000000000.000000 
107.477374, 18.787884, 15.809180, 0.197333, 0.053598, 0.481758, 0.306063, 39958.213147, 2398.742862 
44.756350, 6.265306, 3.285089, 0.062272, 0.142836, 0.618909, 0.618909, 2000000000000000.000000, 1000000000000000.000000 
124.412196, 14.050910, 15.549032, 0.174806, 0.058860, 1.003887, 0.241405, 33360.093511, 2670.022629 
137.789663, 13.169327, 17.175155, 0.172710, 0.061339, 0.241487, 0.019420, 29226.484782, 2955.664896 
105.607863, 18.269859, 15.568075, 0.180691, 0.053262, 0.535888, 0.196845, 40810.215584, 2388.180155 
129.377166, 14.733135, 16.269096, 0.176971, 0.059301, 1.060598, 0.235949, 30862.514299, 2741.986290 
114.675042, 14.525282, 15.618274, 0.152931, 0.055407, 1.137182, 0.003023, 34773.531635, 2544.079205 
106.169157, 19.100299, 15.781279, 0.183888, 0.052846, 0.521983, 0.161836, 39858.711886, 2382.928666 
128.687939, 13.899513, 16.396981, 0.181331, 0.060252, 0.381184, 0.212760, 32982.120082, 2740.481163 
48.810619, 7.258602, 3.741195, 0.072306, 0.158040, 0.720265, 0.720265, 555980.771474, 7176.341947 
119.068799, 12.897734, 16.787540, 0.171771, 0.064649, 1.029869, 0.191741, 32768.253498, 2621.466672 
31.292943, 2.966771, 1.770456, 0.028950, 0.092349, 0.282324, 0.282324, 2000000000000000.000000, 1000000000000000.000000 
48.079163, 7.079395, 3.658906, 0.070496, 0.155297, 0.701979, 0.701979, 581529.898828, 7478.792487 
79.396151, 28.285131, 13.260988, 0.123900, 0.063932, 1.501881, 1.344688, 70911.375220, 2154.453594 
100.248559, 19.992270, 15.513909, 0.218011, 0.062137, 0.774572, 1.029316, 47785.212152, 2322.764151 
87.593542, 28.446765, 13.981851, 0.118630, 0.059665, 1.366238, 1.260245, 65253.402795, 2197.703652 
32.564067, 3.278196, 1.913458, 0.032096, 0.097115, 0.314102, 0.314102, 2000000000000000.000000, 1000000000000000.000000 
117.887543, 12.264809, 15.367226, 0.145238, 0.055752, 1.315358, 0.061746, 33625.798963, 2646.441674 
116.078415, 19.482329, 15.058775, 0.180860, 0.060286, 0.563107, 0.153500, 39995.030682, 2484.292260 
116.442943, 19.588032, 14.799594, 0.187674, 0.058479, 0.571379, 0.152107, 39736.927083, 2486.774602 
39.307208, 4.930266, 2.672061, 0.048785, 0.122402, 0.482680, 0.482680, 2000000000000000.000000, 1000000000000000.000000 
