88.834143, 19.356317, 12.512656, 0.187058, 0.073609, 1.262293, 0.203775, 58053.841258, 2313.807674 
112.274546, 18.084844, 12.652316, 0.186772, 0.052482, 1.319597, 0.229870, 44217.233726, 2484.074752 
34.002735, 3.630670, 2.075308, 0.035657, 0.102510, 0.350068, 0.350068, 2000000000000000.000000, 1000000000000000.000000 
37.314204, 4.441980, 2.447848, 0.043853, 0.114928, 0.432855, 0.432855, 2000000000000000.000000, 1000000000000000.000000 
48.624126, 7.212911, 3.720214, 0.071845, 0.157340, 0.715603, 0.715603, 562284.075292, 7251.003075 
56.375936, 9.112104, 4.592293, 0.091030, 0.186410, 0.909398, 0.909398, 381575.457584, 5100.145367 
79.134999, 25.565232, 11.958593, 0.121067, 0.061763, 1.434942, 1.111199, 74597.735231, 2185.453858 
36.739950, 4.301288, 2.383244, 0.042431, 0.112775, 0.418499, 0.418499, 2000000000000000.000000, 1000000000000000.000000 
117.104325, 14.314597, 17.304543, 0.157575, 0.055778, 0.615746, 0.404953, 36200.961663, 2570.326271 
93.546132, 19.282736, 12.821627, 0.188426, 0.058817, 0.898728, 0.704982, 56903.424094, 2323.706424 
32.299159, 3.213294, 1.883655, 0.031440, 0.096122, 0.307479, 0.307479, 2000000000000000.000000, 1000000000000000.000000 
50.907838, 7.772420, 3.977132, 0.077497, 0.165904, 0.772696, 0.772696, 493594.171460, 6435.878680 
109.862783, 13.780779, 15.883359, 0.163873, 0.050386, 0.679715, 0.451916, 39151.368085, 2524.187614 
52.399648, 8.137914, 4.144960, 0.081189, 0.171499, 0.809991, 0.809991, 457012.949303, 6000.455704 
97.695323, 19.718982, 12.268228, 0.187490, 0.055011, 0.683629, 0.502105, 55834.208770, 2346.932864 
116.093863, 16.253044, 15.214702, 0.165264, 0.057304, 0.841289, 0.396372, 39921.094734, 2524.660242 
72.125090, 29.623374, 13.226718, 0.097790, 0.056814, 1.431291, 1.215393, 75845.943204, 2128.378669 
66.872009, 30.187200, 14.003682, 0.102308, 0.060761, 1.185381, 0.981855, 75764.791078, 2114.044704 
65.298717, 31.413574, 13.351114, 0.056277, 0.054992, 1.415433, 1.119169, 92779.972139, 2112.905623 
109.675733, 15.802608, 14.269802, 0.173811, 0.055525, 0.188166, 0.300898, 45548.684534, 2484.476510 
40.898688, 5.320179, 2.851102, 0.052724, 0.128370, 0.522467, 0.522467, 2000000000000000.000000, 1000000000000000.000000 
99.385292, 14.626463, 13.869649, 0.171262, 0.052857, 0.336189, 0.302096, 49690.150142, 2486.157620 
114.788152, 15.016325, 16.982516, 0.166392, 0.054230, 0.495258, 0.363318, 36723.813691, 2530.995486 
67.358239, 30.215170, 12.961536, 0.091974, 0.065218, 1.507628, 0.973981, 80756.363593, 2119.987222 
116.246064, 14.849883, 16.656226, 0.164707, 0.060982, 0.558991, 0.459210, 39362.382608, 2549.331476 
103.261504, 18.838818, 12.159597, 0.178644, 0.053671, 1.241569, 0.152692, 49963.837201, 2405.528997 
87.017632, 22.286204, 11.164075, 0.194714, 0.058606, 0.897873, 0.644086, 65669.436313, 2279.064145 
46.968634, 6.807315, 3.533971, 0.067747, 0.151132, 0.674216, 0.674216, 625008.652706, 7992.451439 
85.452359, 26.035144, 12.428015, 0.119426, 0.057203, 1.363234, 1.286518, 70579.059738, 2196.469794 
68.538596, 29.985896, 13.055870, 0.096470, 0.061707, 1.580814, 0.952077, 76728.494415, 2121.395900 
67.887002, 27.973927, 13.041575, 0.085736, 0.058025, 1.170100, 0.888373, 81358.583010, 2131.080333 
70.732418, 27.704980, 12.943209, 0.088695, 0.072701, 1.133983, 0.899794, 85935.341416, 2135.855196 
120.414387, 16.230704, 15.966736, 0.146495, 0.052483, 0.688066, 0.326785, 37611.177915, 2578.979214 
50.096577, 7.573661, 3.885865, 0.075489, 0.162862, 0.752414, 0.752414, 516021.201700, 6702.378290 
71.218508, 27.591243, 12.651555, 0.077267, 0.054762, 1.251158, 0.922875, 81971.355559, 2140.754406 
57.235679, 9.322741, 4.689014, 0.093158, 0.189634, 0.930892, 0.930892, 368447.465402, 4943.265352 
87.458323, 25.537918, 12.061698, 0.115594, 0.050805, 1.353434, 1.078053, 67934.370522, 2215.169460 
54.613021, 8.680190, 4.393965, 0.086667, 0.179799, 0.865326, 0.865326, 411694.886294, 5459.915718 
112.703158, 18.790906, 11.831749, 0.180939, 0.059946, 1.455108, 0.147689, 48012.506695, 2496.383487 
55.605731, 8.923404, 4.505645, 0.089124, 0.183521, 0.890143, 0.890143, 394169.345732, 5250.612195 
122.730677, 12.135634, 15.273914, 0.159169, 0.057747, 0.788684, 0.270330, 35391.136312, 2701.107498 
85.534893, 25.713337, 11.561740, 0.126436, 0.055378, 1.226827, 1.155398, 72059.535319, 2215.717083 
93.627223, 19.443417, 11.785549, 0.181915, 0.055758, 1.229599, 0.252210, 56592.666537, 2348.358353 
62.776975, 29.719661, 13.020038, 0.086092, 0.059573, 1.233659, 0.976481, 85093.063869, 2121.037028 
99.694360, 15.372105, 14.021822, 0.165538, 0.059888, 0.295166, 0.354068, 52173.063625, 2449.546788 
104.081160, 17.386817, 11.608615, 0.188002, 0.051450, 1.239465, 0.205432, 51152.169822, 2472.089413 
70.106433, 29.482013, 12.976054, 0.112038, 0.064663, 1.271256, 1.056604, 76992.819800, 2126.015165 
75.392129, 26.094038, 14.116401, 0.088481, 0.069388, 1.596951, 1.090509, 78011.548452, 2147.027025 
69.862500, 29.025860, 13.317986, 0.099987, 0.060942, 1.408762, 1.269422, 78819.466770, 2124.391870 
110.308912, 14.161405, 16.231390, 0.162041, 0.063338, 0.683089, 0.603942, 43464.192909, 2511.692610 
88.728405, 19.227072, 13.059812, 0.189535, 0.064844, 1.041610, 0.677883, 58876.900521, 2305.001935 
114.984294, 15.962681, 15.689095, 0.169079, 0.061752, 0.483007, 0.670208, 44518.438427, 2515.946977 
86.953176, 21.684493, 11.412923, 0.198957, 0.050486, 0.903644, 0.683972, 62931.500979, 2282.290923 
98.821930, 20.352354, 11.606434, 0.179730, 0.052382, 1.099991, 0.022979, 53543.644281, 2359.490371 
65.003571, 30.048974, 13.423404, 0.086654, 0.072599, 1.124344, 0.939717, 88025.478816, 2115.243983 
57.584299, 9.408153, 4.728234, 0.094021, 0.190941, 0.939607, 0.939607, 363382.479052, 4882.735172 
30.951894, 2.883214, 1.732088, 0.028106, 0.091070, 0.273797, 0.273797, 2000000000000000.000000, 1000000000000000.000000 
40.486749, 5.219253, 2.804759, 0.051705, 0.126825, 0.512169, 0.512169, 2000000000000000.000000, 1000000000000000.000000 
40.217051, 5.153178, 2.774418, 0.051037, 0.125814, 0.505426, 0.505426, 2000000000000000.000000, 1000000000000000.000000 
75.502805, 29.958214, 13.345257, 0.106389, 0.054414, 1.186502, 1.110690, 71464.856761, 2138.601534 
121.840374, 16.103893, 15.257152, 0.159045, 0.052915, 0.805191, 0.466614, 38340.279998, 2599.130299 
114.412772, 14.359165, 16.770583, 0.168144, 0.054638, 0.537656, 0.370851, 36754.383539, 2539.467242 
69.967528, 30.225762, 12.889297, 0.088612, 0.065336, 1.377427, 0.904460, 80624.884846, 2124.993390 
122.676524, 13.206601, 14.620887, 0.165191, 0.056839, 0.713257, 0.412403, 38484.959187, 2680.438300 
98.197874, 18.432180, 11.681561, 0.187897, 0.068363, 1.374853, 0.243067, 56139.294873, 2402.165038 
99.802336, 17.655001, 11.749801, 0.185759, 0.059568, 1.227001, 0.173432, 53686.016863, 2432.489430 
29.762345, 2.591774, 1.598264, 0.025162, 0.086609, 0.244059, 0.244059, 2000000000000000.000000, 1000000000000000.000000 
53.767199, 8.472964, 4.298810, 0.084574, 0.176627, 0.844180, 0.844180, 427911.296912, 5653.466561 
32.941035, 3.370554, 1.955866, 0.033029, 0.098529, 0.323526, 0.323526, 2000000000000000.000000, 1000000000000000.000000 
79.118909, 25.140282, 12.184927, 0.131040, 0.054313, 1.292043, 1.157871, 70932.174699, 2185.283368 
26.429718, 1.775281, 1.223343, 0.016914, 0.074111, 0.160743, 0.160743, 2000000000000000.000000, 1000000000000000.000000 
119.118457, 13.330384, 14.907207, 0.158932, 0.052426, 0.736857, 0.364034, 37826.209112, 2631.508326 
33.220712, 3.439074, 1.987330, 0.033721, 0.099578, 0.330518, 0.330518, 2000000000000000.000000, 1000000000000000.000000 
116.657494, 17.200193, 15.618267, 0.174550, 0.057571, 0.684707, 0.541780, 40554.591302, 2516.635238 
102.975956, 14.693109, 14.657346, 0.168271, 0.063269, 0.334796, 0.529681, 51089.485567, 2475.275240 
64.874522, 30.181894, 13.205939, 0.085093, 0.056980, 1.212092, 1.003832, 82421.351916, 2116.180354 
55.193807, 8.822483, 4.459303, 0.088105, 0.181977, 0.879845, 0.879845, 401255.908687, 5335.259149 
120.823527, 14.202252, 15.460565, 0.150237, 0.056911, 0.764657, 0.299199, 37717.680696, 2620.025857 
114.688701, 17.215335, 16.528806, 0.145908, 0.052852, 0.613981, 0.250101, 38217.859416, 2497.644856 
21.810494, 0.643571, 0.703681, 0.005481, 0.056789, 0.045262, 0.045262, 2000000000000000.000000, 1000000000000000.000000 
82.442957, 25.583345, 12.392466, 0.130799, 0.054817, 1.343226, 1.140240, 68288.127887, 2187.624661 
66.554474, 28.938912, 13.539938, 0.090270, 0.064367, 1.201120, 0.925399, 81702.842258, 2120.263389 
63.340033, 30.378653, 13.236082, 0.075464, 0.055081, 1.060505, 1.194853, 89509.900728, 2115.182362 
86.905514, 25.795242, 12.196185, 0.125239, 0.063229, 1.370191, 1.203954, 71348.986185, 2208.381619 
109.230071, 16.551371, 14.814224, 0.205876, 0.050921, 0.340858, 0.454929, 41721.682348, 2454.405931 
61.290383, 29.945706, 13.454261, 0.063200, 0.053935, 1.145790, 1.093787, 93503.570082, 2118.205287 
101.220537, 17.339995, 11.870338, 0.186268, 0.060305, 1.321279, 0.157841, 52226.518167, 2446.015096 
58.139032, 9.544063, 4.790641, 0.095394, 0.193021, 0.953476, 0.953476, 355609.796716, 4789.848288 
25.631110, 1.579622, 1.133500, 0.014937, 0.071117, 0.140778, 0.140778, 2000000000000000.000000, 1000000000000000.000000 
93.633745, 18.239492, 12.028103, 0.182962, 0.060543, 0.808285, 0.414953, 58951.328101, 2376.519294 
40.326941, 5.180100, 2.786781, 0.051309, 0.126226, 0.508174, 0.508174, 2000000000000000.000000, 1000000000000000.000000 
122.704777, 15.383290, 15.071189, 0.170215, 0.056617, 0.775238, 0.484578, 38463.098916, 2623.548299 
52.400694, 8.138170, 4.145078, 0.081192, 0.171503, 0.810017, 0.810017, 456989.187268, 6000.172662 
75.663839, 26.061902, 13.884758, 0.086661, 0.063464, 1.575311, 1.111441, 77048.427067, 2148.794694 
92.142428, 18.609445, 12.020758, 0.178801, 0.050712, 1.300012, 0.385836, 56309.186993, 2359.832545 
101.751649, 14.469779, 15.362481, 0.169796, 0.061562, 0.289573, 0.511025, 49246.149013, 2467.851893 
131.172005, 16.138362, 16.297214, 0.162755, 0.056231, 0.463408, 0.452958, 36610.215871, 2766.212357 
54.137471, 8.563680, 4.340466, 0.085490, 0.178016, 0.853437, 0.853437, 420657.488219, 5566.904373 
113.300212, 14.298900, 16.127869, 0.149773, 0.053149, 0.747667, 0.332269, 38175.312975, 2533.033099 
31.593612, 3.040435, 1.804281, 0.029694, 0.093476, 0.289840, 0.289840, 2000000000000000.000000, 1000000000000000.000000 
118.738100, 12.496845, 15.188198, 0.165534, 0.057102, 0.786862, 0.297752, 36628.660594, 2649.592928 
88.229057, 20.529712, 12.015256, 0.190663, 0.069987, 1.358316, 0.113380, 58503.447011, 2293.974894 
114.531569, 14.180485, 16.962427, 0.158510, 0.073683, 0.570961, 0.444944, 42920.944187, 2544.278074 
56.605805, 9.168422, 4.618153, 0.091599, 0.187272, 0.915145, 0.915145, 377973.179892, 5057.100326 
131.930151, 15.494092, 16.275933, 0.150388, 0.050241, 0.457245, 0.385930, 34912.882388, 2785.656626 
20.677763, 0.366052, 0.576248, 0.002677, 0.052542, 0.016944, 0.016944, 2000000000000000.000000, 1000000000000000.000000 
51.796108, 7.990047, 4.077062, 0.079695, 0.169235, 0.794903, 0.794903, 471146.077129, 6168.784984 
24.723078, 1.357154, 1.031346, 0.012690, 0.067712, 0.118077, 0.118077, 2000000000000000.000000, 1000000000000000.000000 
68.350585, 28.676122, 13.736995, 0.102558, 0.066793, 1.411093, 1.205988, 79574.119653, 2121.644755 
85.082531, 25.914037, 11.769852, 0.118298, 0.060863, 1.303379, 1.092588, 73573.671785, 2207.383698 
65.932705, 30.459658, 13.575865, 0.084267, 0.062574, 1.291389, 1.133916, 84389.179469, 2113.776770 
72.300433, 24.515940, 13.455968, 0.094171, 0.058348, 1.374590, 1.167673, 78806.492818, 2167.732946 
75.405477, 26.164494, 14.276085, 0.080782, 0.065512, 1.631215, 1.115051, 78579.448610, 2146.078974 
67.137622, 29.635549, 13.355636, 0.073544, 0.065820, 1.008747, 1.147155, 94035.641669, 2118.498918 
117.578335, 16.119563, 15.609459, 0.137700, 0.056476, 0.588818, 0.362827, 42044.390358, 2543.183133 
53.027334, 8.291697, 4.215575, 0.082743, 0.173852, 0.825683, 0.825683, 443180.956542, 5835.592997 
64.249810, 30.863810, 13.252349, 0.060291, 0.052455, 1.241445, 1.078421, 90922.016821, 2113.470488 
70.754340, 29.544858, 13.461821, 0.078268, 0.069641, 1.108477, 1.161814, 90652.606648, 2123.877750 
127.827586, 15.379763, 15.725508, 0.155671, 0.051917, 0.510827, 0.392176, 36375.305321, 2702.827820 
97.029974, 18.953186, 12.047759, 0.194134, 0.052566, 1.168832, 0.305865, 53315.883972, 2368.788836 
90.270388, 21.242117, 11.619479, 0.193786, 0.050772, 0.864286, 0.681966, 60970.579336, 2296.870656 
26.135036, 1.703084, 1.190192, 0.016184, 0.073006, 0.153376, 0.153376, 2000000000000000.000000, 1000000000000000.000000 
64.281327, 30.121592, 12.861953, 0.079810, 0.062529, 1.136803, 0.945961, 88200.304411, 2119.464279 
88.755364, 19.160788, 13.151198, 0.180433, 0.061720, 0.871516, 0.710308, 59536.138096, 2305.184998 
112.754309, 15.289466, 13.471719, 0.179249, 0.054985, 0.250417, 0.334693, 45991.586809, 2542.512642 
69.281282, 28.765593, 14.070254, 0.111080, 0.054903, 1.206103, 0.984129, 70740.471915, 2121.190733 
47.620298, 6.966973, 3.607283, 0.069360, 0.153576, 0.690507, 0.690507, 598759.779317, 7682.502194 
109.913301, 14.334066, 16.441812, 0.159384, 0.057460, 0.763011, 0.430575, 39787.138472, 2502.339161 
