55.234711, 8.028669, 4.233620, 0.089494, 0.067190, 0.826612, 0.319723, 280010.176434, 5824.507935 
57.724342, 8.708651, 4.699954, 0.075081, 0.067408, 0.353203, 0.286359, 264382.635292, 5202.262852 
33.580037, 7.793468, 0.926959, 0.023748, 0.059026, 0.334117, 0.939583, 1515586.535927, 14097.685000 
51.452841, 8.692990, 3.964390, 0.073031, 0.056403, 0.665321, 0.101082, 287766.893762, 5747.353802 
55.945369, 9.880590, 2.930305, 0.012984, 0.147944, 0.620221, 0.819353, 1003825.136576, 5659.028189 
59.946844, 0.681923, 3.875487, 0.013822, 0.121213, 0.661524, 0.891368, 2000000000000000.000000, 1000000000000000.000000 
56.055892, 8.483389, 4.292135, 0.090149, 0.065048, 0.622152, 0.308409, 266257.504669, 5484.119313 
25.264401, 4.836839, 1.364322, 0.067225, 0.104893, 0.771379, 0.150445, 2000000000000000.000000, 1000000000000000.000000 
50.964926, 9.168224, 3.930301, 0.076994, 0.062637, 0.473481, 0.183763, 292865.667798, 5540.421059 
54.579373, 8.701057, 4.106224, 0.065678, 0.057688, 0.622937, 0.264503, 284373.133731, 5498.057202 
55.635791, 7.542154, 3.492842, 0.095981, 0.057194, 0.655530, 0.067878, 291275.451398, 6273.384272 
56.620543, 9.032438, 4.610823, 0.097695, 0.054898, 0.516369, 0.661205, 247619.141742, 5120.422399 
37.960294, 5.398259, 1.887683, 0.067615, 0.143132, 0.056768, 0.507303, 1043594.599669, 11921.242165 
55.370384, 7.254990, 3.826503, 0.077654, 0.057385, 0.841300, 0.356591, 309250.933487, 6421.096440 
52.714499, 1.884954, 4.560359, 0.075930, 0.128463, 0.111915, 0.031115, 2000000000000000.000000, 1000000000000000.000000 
55.224135, 9.099807, 4.153539, 0.089127, 0.055437, 0.651829, 0.092476, 247505.355334, 5259.431623 
54.695555, 8.356345, 3.858501, 0.087067, 0.067382, 0.671380, 0.174650, 284592.640216, 5733.531463 
53.253633, 8.658825, 2.931229, 0.072142, 0.086795, 0.318484, 0.492613, 403158.210926, 6153.121232 
52.178845, 8.047930, 4.093188, 0.087383, 0.060908, 0.898336, 0.238813, 291711.099432, 6087.514769 
32.474917, 6.238408, 4.908941, 0.095450, 0.086234, 0.729477, 0.513647, 2000000000000000.000000, 1000000000000000.000000 
54.084088, 9.958940, 4.070556, 0.076106, 0.050965, 0.631158, 0.156058, 248940.051666, 5003.109331 
53.223360, 8.622133, 4.087093, 0.051358, 0.050072, 0.859073, 0.285956, 296319.595265, 5634.741881 
54.495658, 7.619905, 4.738678, 0.070606, 0.059899, 0.511439, 0.368355, 308161.454466, 6262.896107 
59.709576, 5.076599, 4.318377, 0.047227, 0.131958, 0.018298, 0.630362, 774777.052031, 9119.281596 
45.695159, 1.109542, 4.513793, 0.042923, 0.114636, 0.141459, 0.610858, 2000000000000000.000000, 1000000000000000.000000 
55.083912, 8.732192, 4.006560, 0.081474, 0.055247, 0.599890, 0.100247, 262809.431229, 5476.704477 
54.169189, 9.270570, 4.302937, 0.077059, 0.057564, 0.690396, 0.215661, 257868.810209, 5207.838965 
58.346533, 8.338449, 3.944484, 0.060588, 0.051574, 0.568628, 0.258596, 278442.398464, 5515.784764 
56.081019, 6.847558, 4.785428, 0.062613, 0.050271, 0.487569, 0.312822, 318396.680235, 6911.981579 
24.337400, 1.427762, 2.110617, 0.098188, 0.071642, 0.619032, 0.460847, 2000000000000000.000000, 1000000000000000.000000 
59.212759, 9.979965, 4.749012, 0.074351, 0.067314, 0.638175, 0.324261, 234477.415802, 4596.229997 
56.935674, 8.771346, 2.319411, 0.023569, 0.128831, 0.874166, 0.628319, 788744.132123, 6735.108297 
50.530768, 9.431593, 4.081440, 0.079603, 0.052200, 0.757955, 0.135717, 267410.649022, 5410.909412 
56.961025, 9.442178, 4.376751, 0.078648, 0.054307, 0.126124, 0.240126, 250619.602465, 4973.672891 
33.181014, 2.938403, 1.202462, 0.015382, 0.138602, 0.855032, 0.008537, 2000000000000000.000000, 1000000000000000.000000 
55.482890, 8.539224, 4.672451, 0.084870, 0.053818, 0.755656, 0.151659, 245172.776981, 5456.268955 
57.445891, 8.141506, 4.114239, 0.074913, 0.060841, 0.736613, 0.333872, 277081.968856, 5620.866170 
53.278310, 9.331625, 4.288710, 0.068952, 0.061306, 0.695001, 0.165610, 268623.282799, 5236.700066 
56.708266, 9.217302, 4.765128, 0.079776, 0.061099, 0.796282, 0.230930, 237391.638600, 5008.024974 
56.063754, 8.218369, 4.292289, 0.091126, 0.074179, 0.698214, 0.215164, 272874.627034, 5635.733555 
56.689317, 8.652415, 3.649282, 0.097362, 0.060329, 0.691754, 0.313652, 272675.768577, 5561.669770 
37.257706, 0.474881, 3.414817, 0.041081, 0.153842, 0.942890, 0.558273, 2000000000000000.000000, 1000000000000000.000000 
20.077573, 9.960368, 4.596647, 0.030417, 0.052789, 0.502636, 0.261634, 2000000000000000.000000, 1000000000000000.000000 
51.464517, 7.570015, 4.198760, 0.095125, 0.072356, 0.872801, 0.315956, 319390.928122, 6582.788781 
46.969928, 2.085214, 3.384652, 0.050785, 0.061889, 0.941845, 0.691097, 2000000000000000.000000, 1000000000000000.000000 
54.671505, 2.006626, 0.619562, 0.024117, 0.143239, 0.147339, 0.980157, 4191033.698803, 27259.801137 
57.457429, 9.140313, 4.670137, 0.066672, 0.056377, 0.708957, 0.286614, 246686.931499, 5014.261501 
57.458844, 7.840553, 3.984455, 0.094935, 0.060083, 0.645886, 0.026779, 261425.455951, 5825.538892 
24.188108, 3.044257, 2.982266, 0.048721, 0.173898, 0.910629, 0.434974, 2000000000000000.000000, 1000000000000000.000000 
53.083320, 9.603739, 4.337704, 0.076770, 0.056466, 0.672998, 0.264726, 258018.314921, 5118.926280 
53.020620, 8.637601, 3.890261, 0.088978, 0.070341, 0.758562, 0.163702, 285350.987552, 5681.716250 
57.202519, 6.571767, 2.920888, 0.077614, 0.066638, 0.142218, 0.429135, 399588.128184, 7150.472569 
55.972542, 9.554704, 4.172169, 0.091286, 0.057687, 0.580686, 0.319501, 247835.056502, 5032.613211 
49.359746, 9.737548, 4.528158, 0.074514, 0.051583, 0.777632, 0.109065, 259977.686374, 5299.148814 
49.753332, 9.134844, 4.078757, 0.057485, 0.064532, 0.790898, 0.071456, 304109.709571, 5619.762491 
57.757702, 2.723969, 0.947881, 0.044355, 0.182278, 0.370610, 0.032697, 1608884.143888, 18709.082422 
58.628504, 9.787596, 4.865887, 0.020136, 0.104569, 0.738583, 0.019693, 390712.154642, 4661.863770 
25.480041, 7.843596, 4.739196, 0.055946, 0.052964, 0.149916, 0.477402, 2000000000000000.000000, 1000000000000000.000000 
30.648455, 3.928848, 2.477829, 0.097961, 0.190654, 0.653634, 0.280331, 2000000000000000.000000, 1000000000000000.000000 
46.515728, 9.242960, 4.177212, 0.089126, 0.057916, 0.619342, 0.063408, 292393.425849, 5861.651372 
49.583854, 5.819840, 4.129097, 0.085613, 0.183772, 0.470726, 0.870160, 2000000000000000.000000, 1000000000000000.000000 
25.808891, 5.958326, 0.763441, 0.058212, 0.180375, 0.111428, 0.076514, 1787779.288391, 18872.802722 
55.385258, 9.206328, 3.975463, 0.085162, 0.054508, 0.641522, 0.149780, 254311.144834, 5259.228946 
50.758642, 9.667389, 4.059555, 0.082813, 0.056230, 0.751048, 0.050195, 261571.261576, 5294.609075 
50.340330, 9.542844, 3.623081, 0.080827, 0.067490, 0.784614, 0.087032, 290624.517315, 5512.509045 
53.224707, 9.689332, 4.331954, 0.081716, 0.066257, 0.664479, 0.163241, 257372.112758, 5076.064594 
48.987375, 9.756784, 4.385530, 0.083734, 0.063888, 0.571899, 0.112953, 272415.227604, 5329.017238 
45.455283, 2.219741, 2.567083, 0.023179, 0.082769, 0.088092, 0.948011, 2000000000000000.000000, 1000000000000000.000000 
52.747580, 9.162822, 4.040854, 0.085567, 0.055111, 0.482093, 0.088046, 264177.865447, 5401.125648 
59.932412, 9.305432, 4.401890, 0.072955, 0.073895, 0.643655, 0.203344, 250796.564004, 4894.557465 
57.897185, 8.325452, 4.396875, 0.091205, 0.052841, 0.744952, 0.183667, 240637.101762, 5437.437506 
51.235334, 8.227766, 4.154555, 0.050553, 0.059264, 0.768900, 0.303353, 336196.368519, 6049.717366 
24.582233, 9.662628, 2.033483, 0.036885, 0.094523, 0.626392, 0.309370, 876683.499687, 9963.784439 
30.073244, 0.658334, 3.083948, 0.007858, 0.067092, 0.943183, 0.313802, 2000000000000000.000000, 1000000000000000.000000 
21.109252, 5.123961, 4.300074, 0.070416, 0.075417, 0.865356, 0.249636, 2000000000000000.000000, 1000000000000000.000000 
26.467311, 0.280965, 2.855617, 0.067059, 0.168868, 0.544901, 0.866603, 2000000000000000.000000, 1000000000000000.000000 
50.658960, 8.895411, 4.336507, 0.082216, 0.056774, 0.511851, 0.069940, 275404.327955, 5659.567093 
51.358470, 9.265152, 4.269217, 0.064399, 0.051314, 0.832704, 0.207526, 272919.321561, 5401.742727 
51.335364, 9.484909, 3.628152, 0.075919, 0.062322, 0.828273, 0.081903, 285180.613194, 5479.941187 
56.966190, 8.544179, 3.998671, 0.084709, 0.071362, 0.608836, 0.094283, 269105.874417, 5467.913344 
47.601753, 9.321892, 4.149316, 0.085144, 0.063395, 0.631998, 0.067240, 290087.377691, 5700.343722 
50.706271, 8.576187, 3.828875, 0.076434, 0.055570, 0.598982, 0.093277, 295708.279541, 5897.906909 
23.971627, 1.969654, 4.627538, 0.079565, 0.182783, 0.783990, 0.636322, 2000000000000000.000000, 1000000000000000.000000 
51.735235, 6.687335, 4.865439, 0.019523, 0.056023, 0.950646, 0.808145, 2000000000000000.000000, 1000000000000000.000000 
57.267111, 7.935401, 3.859645, 0.006034, 0.183702, 0.230423, 0.308259, 1105302.776976, 5813.471317 
46.987831, 8.547933, 0.600989, 0.070910, 0.190936, 0.758295, 0.819414, 1928455.519470, 18905.285654 
55.489533, 8.149816, 4.343618, 0.079487, 0.072548, 0.907741, 0.268296, 281832.427871, 5716.143641 
46.451069, 2.668086, 2.690149, 0.046864, 0.158156, 0.646246, 0.191056, 2000000000000000.000000, 1000000000000000.000000 
54.977297, 0.680002, 0.665382, 0.046812, 0.089997, 0.065239, 0.252522, 2000000000000000.000000, 1000000000000000.000000 
43.955592, 0.661307, 4.501201, 0.026082, 0.097345, 0.969328, 0.707444, 2000000000000000.000000, 1000000000000000.000000 
50.740655, 8.387418, 4.753731, 0.073251, 0.054210, 0.586319, 0.114461, 288254.214251, 6068.322758 
41.818560, 3.166103, 3.985055, 0.032668, 0.132170, 0.602121, 0.036318, 2000000000000000.000000, 1000000000000000.000000 
55.711837, 9.106465, 4.624036, 0.059844, 0.060407, 0.510283, 0.352311, 276016.825112, 5138.322584 
45.493972, 1.212589, 2.384587, 0.096247, 0.123196, 0.358087, 0.009737, 2000000000000000.000000, 1000000000000000.000000 
34.156427, 9.482099, 2.196954, 0.003241, 0.160466, 0.418427, 0.971540, 2344287.403737, 7923.658882 
34.380362, 5.253856, 4.841005, 0.070928, 0.064804, 0.411168, 0.179356, 2000000000000000.000000, 1000000000000000.000000 
57.215885, 9.092960, 3.898756, 0.078445, 0.057890, 0.617336, 0.124548, 258019.148833, 5252.040424 
47.344060, 9.080126, 4.295761, 0.099469, 0.056926, 0.601786, 0.046085, 282854.303030, 5882.322422 
51.603474, 9.026829, 4.635289, 0.076936, 0.070826, 0.662703, 0.070346, 274766.952128, 5493.507827 
31.577802, 6.820311, 4.265993, 0.008098, 0.164974, 0.522035, 0.088782, 2000000000000000.000000, 1000000000000000.000000 
57.758615, 9.221186, 4.990660, 0.082522, 0.053624, 0.799969, 0.187623, 219624.248404, 4919.222777 
46.842371, 9.452041, 4.267120, 0.074479, 0.060368, 0.628748, 0.099750, 296495.254047, 5699.625948 
55.097493, 7.885152, 4.349588, 0.074614, 0.077578, 0.509718, 0.058242, 296944.237553, 5930.487557 
46.891543, 8.893963, 4.383323, 0.092393, 0.059972, 0.581950, 0.077753, 298127.081974, 6087.661288 
51.680905, 8.620454, 3.129101, 0.003994, 0.138792, 0.494805, 0.672962, 1437917.902983, 6095.378293 
58.454685, 8.227934, 4.417716, 0.072834, 0.063988, 0.754314, 0.288458, 265315.884453, 5453.975836 
57.618893, 7.887545, 3.169562, 0.055375, 0.057815, 0.203945, 0.229147, 351719.658521, 6142.642404 
58.172953, 9.166810, 3.587680, 0.094205, 0.073277, 0.285109, 0.059932, 273176.723836, 5334.585306 
42.277781, 7.515514, 2.381587, 0.043752, 0.121241, 0.243583, 0.085483, 658323.795704, 8047.943229 
30.665214, 5.905005, 2.056919, 0.010757, 0.154756, 0.775271, 0.806381, 2000000000000000.000000, 1000000000000000.000000 
54.829737, 8.634738, 4.208526, 0.085172, 0.050176, 0.617331, 0.199031, 256851.381054, 5496.589970 
53.928658, 9.601266, 4.364475, 0.073654, 0.067357, 0.177477, 0.238582, 277541.845336, 5065.962068 
54.271057, 8.903837, 4.379049, 0.084693, 0.066206, 0.884092, 0.115668, 256749.459558, 5365.644475 
55.079678, 9.113617, 4.274732, 0.078120, 0.056123, 0.744085, 0.139696, 251301.649057, 5232.263877 
48.820545, 8.942921, 4.436704, 0.060664, 0.053710, 0.791712, 0.341715, 307524.708995, 5820.338578 
55.597418, 9.014714, 4.679105, 0.086382, 0.055470, 0.638506, 0.277195, 242835.766839, 5184.716703 
38.215787, 6.299312, 1.036524, 0.049343, 0.120745, 0.198570, 0.546997, 1316328.604020, 13597.300168 
31.523290, 9.848875, 2.608595, 0.048027, 0.131956, 0.372811, 0.545626, 752911.056928, 7784.930921 
57.472907, 4.633458, 3.517297, 0.094616, 0.114387, 0.183294, 0.985947, 632622.129678, 10115.560142 
59.013219, 8.845611, 4.368562, 0.089915, 0.068141, 0.801348, 0.294529, 244981.528411, 5127.715914 
57.740687, 9.231046, 4.999076, 0.055937, 0.059048, 0.555739, 0.308024, 256476.209182, 4914.912764 
45.125224, 5.842070, 4.148513, 0.022427, 0.069398, 0.786985, 0.288282, 2000000000000000.000000, 1000000000000000.000000 
47.759772, 8.840349, 4.287207, 0.092135, 0.050948, 0.643410, 0.114053, 286522.428061, 5999.961212 
54.323793, 9.574529, 3.886404, 0.060827, 0.070650, 0.452927, 0.100452, 292657.636045, 5196.624178 
51.206582, 9.677791, 4.436786, 0.071091, 0.070624, 0.593616, 0.160148, 278057.169053, 5191.614799 
46.731143, 9.240098, 4.373880, 0.091784, 0.058115, 0.612334, 0.168582, 291625.734812, 5855.280602 
51.416999, 5.516821, 1.143935, 0.009338, 0.183756, 0.541072, 0.858905, 2834135.385281, 12576.430492 
52.294116, 9.355897, 3.819546, 0.072934, 0.050147, 0.329035, 0.094693, 276392.251921, 5407.659703 
