120.509554, 16.549987, 17.634031, 0.196885, 0.053195, 1.089517, 0.091447, 28494.191955, 2597.632460 
107.162284, 15.831738, 17.303364, 0.227516, 0.073124, 1.683018, 0.187999, 33597.529028, 2445.082528 
22.440165, 0.797840, 0.774519, 0.007039, 0.059151, 0.061004, 0.061004, 2000000000000000.000000, 1000000000000000.000000 
23.904107, 1.156506, 0.939212, 0.010663, 0.064640, 0.097603, 0.097603, 2000000000000000.000000, 1000000000000000.000000 
39.375377, 4.946967, 2.679730, 0.048954, 0.122658, 0.484384, 0.484384, 2000000000000000.000000, 1000000000000000.000000 
94.509608, 21.990886, 16.496757, 0.270851, 0.071064, 0.819774, 0.436278, 42931.095887, 2269.856772 
41.916409, 5.569520, 2.965596, 0.055243, 0.132187, 0.547910, 0.547910, 2000000000000000.000000, 1000000000000000.000000 
84.015679, 23.602706, 17.071151, 0.199912, 0.066513, 0.636280, 0.651741, 51140.822203, 2204.379570 
119.455191, 16.071863, 18.067888, 0.204552, 0.071762, 1.056289, 0.215098, 31493.360607, 2592.042696 
114.715017, 18.679095, 18.442341, 0.209620, 0.053801, 1.279982, 0.134559, 29138.404633, 2524.121278 
118.744606, 18.588965, 18.562901, 0.211773, 0.059956, 1.385996, 0.189907, 28800.385830, 2590.341487 
105.612993, 20.973821, 17.259386, 0.287347, 0.050045, 0.802341, 0.686866, 35260.173311, 2383.188745 
31.607980, 3.043955, 1.805898, 0.029730, 0.093530, 0.290199, 0.290199, 2000000000000000.000000, 1000000000000000.000000 
26.483311, 1.788411, 1.229372, 0.017046, 0.074312, 0.162083, 0.162083, 2000000000000000.000000, 1000000000000000.000000 
70.914874, 25.971966, 13.847825, 0.237658, 0.067122, 1.178590, 0.373800, 59895.647009, 2144.572780 
115.956086, 16.612845, 17.911096, 0.205867, 0.053213, 1.525189, 0.285969, 29203.273669, 2536.012891 
88.129660, 22.065462, 16.811881, 0.195475, 0.060555, 0.696100, 0.772136, 49572.082229, 2233.121268 
23.509355, 1.059792, 0.894802, 0.009686, 0.063160, 0.087734, 0.087734, 2000000000000000.000000, 1000000000000000.000000 
103.092212, 20.829961, 17.414529, 0.256897, 0.051508, 1.051469, 0.509708, 35452.220405, 2359.565527 
34.978556, 3.869746, 2.185088, 0.038072, 0.106170, 0.374464, 0.374464, 2000000000000000.000000, 1000000000000000.000000 
52.147863, 8.076226, 4.116635, 0.080566, 0.170554, 0.803697, 0.803697, 462805.497242, 6069.461742 
75.278101, 26.867582, 13.051671, 0.228449, 0.050253, 1.359394, 0.407470, 57442.215453, 2148.168079 
100.792320, 21.962815, 17.665893, 0.274629, 0.054126, 0.743476, 0.663001, 37329.498298, 2340.066816 
92.828360, 22.331837, 17.091231, 0.245346, 0.071235, 0.868280, 0.492206, 43626.347892, 2262.638443 
91.619233, 20.846946, 16.503795, 0.290798, 0.055981, 0.807907, 0.417355, 41466.786885, 2261.439131 
44.412422, 6.181043, 3.246397, 0.061421, 0.141547, 0.610311, 0.610311, 2000000000000000.000000, 1000000000000000.000000 
108.299311, 20.895839, 17.340644, 0.280101, 0.056015, 0.710110, 0.693608, 35786.293370, 2415.463795 
26.679112, 1.836383, 1.251400, 0.017531, 0.075047, 0.166978, 0.166978, 2000000000000000.000000, 1000000000000000.000000 
86.127259, 23.470675, 16.209386, 0.271259, 0.079482, 0.856126, 0.572195, 48855.782960, 2207.952392 
35.977474, 4.114481, 2.297466, 0.040544, 0.109916, 0.399437, 0.399437, 2000000000000000.000000, 1000000000000000.000000 
56.356919, 9.107445, 4.590153, 0.090983, 0.186338, 0.908923, 0.908923, 381876.603279, 5103.743673 
76.417826, 26.508508, 14.334032, 0.232322, 0.063383, 1.275005, 0.300474, 54203.177237, 2146.292880 
66.128232, 33.700044, 13.552115, 0.141823, 0.050670, 1.376033, 1.335635, 68303.285279, 2118.491671 
75.302847, 25.427283, 14.323297, 0.228067, 0.058074, 1.173160, 0.373819, 55263.027606, 2152.046386 
78.037038, 26.111186, 13.369235, 0.244619, 0.057472, 1.417017, 0.429228, 55621.558371, 2157.632978 
112.781474, 17.903266, 17.835302, 0.215049, 0.062575, 1.256920, 0.166213, 31560.431211, 2486.119327 
113.780595, 16.219063, 17.983319, 0.215318, 0.064494, 1.466545, 0.265872, 30798.651858, 2512.183015 
106.773421, 20.960576, 16.857453, 0.279343, 0.069285, 0.849260, 0.697134, 38862.987946, 2389.071695 
62.478767, 31.401583, 13.807211, 0.153424, 0.052792, 1.763555, 1.285806, 68351.546239, 2109.108773 
106.606847, 21.245260, 17.493854, 0.260231, 0.055427, 0.922539, 0.563498, 35379.906440, 2398.879503 
44.583905, 6.223057, 3.265689, 0.061845, 0.142190, 0.614598, 0.614598, 2000000000000000.000000, 1000000000000000.000000 
108.670352, 17.318693, 17.361244, 0.214574, 0.051244, 1.532090, 0.142938, 31325.514864, 2437.320841 
39.680758, 5.021786, 2.714085, 0.049710, 0.123803, 0.492019, 0.492019, 2000000000000000.000000, 1000000000000000.000000 
111.190299, 15.130813, 18.601906, 0.200654, 0.057179, 1.354187, 0.317227, 30353.677866, 2502.393718 
46.889071, 6.787822, 3.525021, 0.067550, 0.150834, 0.672227, 0.672227, 628367.361566, 8032.077544 
81.808779, 26.577822, 13.371486, 0.246039, 0.062467, 1.492354, 0.384507, 53961.095784, 2168.387566 
89.132249, 21.498707, 16.208022, 0.253622, 0.060613, 0.871554, 0.226168, 43684.795141, 2239.939021 
50.819792, 7.750849, 3.967227, 0.077279, 0.165574, 0.770495, 0.770495, 495934.817293, 6463.708489 
86.040028, 24.194210, 16.948712, 0.194240, 0.060647, 0.603831, 0.637221, 49562.270101, 2211.148915 
77.978967, 26.507096, 13.199652, 0.240414, 0.065714, 1.489491, 0.415283, 57008.677906, 2156.235733 
109.458386, 17.907918, 17.671632, 0.201646, 0.056232, 1.630859, 0.084067, 31272.045202, 2444.027645 
26.388811, 1.765259, 1.218741, 0.016812, 0.073958, 0.159720, 0.159720, 2000000000000000.000000, 1000000000000000.000000 
71.411373, 25.343845, 14.406960, 0.227439, 0.060454, 1.382097, 0.402267, 57545.480956, 2150.063989 
24.256497, 1.242842, 0.978856, 0.011535, 0.065962, 0.106412, 0.106412, 2000000000000000.000000, 1000000000000000.000000 
100.067317, 20.353129, 18.070494, 0.234388, 0.056096, 0.827379, 0.718468, 38494.699249, 2342.392298 
23.535409, 1.066175, 0.897734, 0.009750, 0.063258, 0.088385, 0.088385, 2000000000000000.000000, 1000000000000000.000000 
22.408278, 0.790028, 0.770931, 0.006960, 0.059031, 0.060207, 0.060207, 2000000000000000.000000, 1000000000000000.000000 
20.307493, 0.275336, 0.534593, 0.001761, 0.051153, 0.007687, 0.007687, 2000000000000000.000000, 1000000000000000.000000 
86.635699, 23.666334, 16.708938, 0.190855, 0.058416, 0.629616, 0.604102, 49205.103443, 2213.818587 
114.611524, 14.636734, 18.414496, 0.189922, 0.057598, 1.526021, 0.360774, 29816.867672, 2544.784145 
116.610295, 16.324469, 18.140932, 0.216313, 0.062033, 1.551905, 0.313870, 29523.643852, 2550.648998 
121.365126, 16.154390, 17.810738, 0.204737, 0.063986, 1.097608, 0.141075, 29468.939560, 2616.462329 
49.980437, 7.545207, 3.872799, 0.075202, 0.162427, 0.749511, 0.749511, 519396.938784, 6742.461515 
34.396906, 3.727242, 2.119652, 0.036632, 0.103988, 0.359923, 0.359923, 2000000000000000.000000, 1000000000000000.000000 
84.410879, 23.592930, 17.190687, 0.205593, 0.057247, 0.655241, 0.576108, 47849.247650, 2207.524038 
78.812372, 25.367319, 13.369534, 0.243711, 0.050085, 1.502573, 0.329533, 54043.195925, 2165.735564 
105.823230, 17.373149, 17.501386, 0.186427, 0.050073, 1.575106, 0.111719, 32612.160764, 2410.805617 
97.614516, 23.154427, 16.647778, 0.275161, 0.066589, 0.970767, 0.528190, 40953.913430, 2293.428532 
56.450129, 9.130282, 4.600639, 0.091214, 0.186688, 0.911253, 0.911253, 380405.187578, 5086.161668 
59.354713, 9.841905, 4.927405, 0.098403, 0.197580, 0.983868, 0.983868, 339714.257253, 4599.928061 
45.711431, 6.499301, 3.392536, 0.064636, 0.146418, 0.642786, 0.642786, 2000000000000000.000000, 1000000000000000.000000 
79.211893, 26.607811, 13.491878, 0.230707, 0.070502, 1.370963, 0.572416, 57527.197911, 2157.544354 
106.371620, 20.830280, 17.131201, 0.274035, 0.072777, 0.771865, 0.617040, 38991.505591, 2389.433890 
71.542656, 26.264521, 14.149730, 0.237310, 0.063547, 1.313019, 0.266161, 57224.227925, 2140.185171 
93.142098, 20.895025, 16.753985, 0.289987, 0.058165, 0.811003, 0.435153, 40653.481495, 2271.196448 
105.970451, 21.821523, 18.015553, 0.232225, 0.059573, 0.946502, 0.750598, 37636.676259, 2404.309212 
24.386257, 1.274633, 0.993454, 0.011856, 0.066448, 0.109656, 0.109656, 2000000000000000.000000, 1000000000000000.000000 
113.033181, 14.334599, 18.375786, 0.195644, 0.050698, 1.484765, 0.301903, 28571.468151, 2531.385597 
108.851978, 17.125582, 17.363714, 0.217686, 0.054715, 1.662227, 0.239088, 31791.521475, 2441.325062 
40.644058, 5.257794, 2.822456, 0.052094, 0.127415, 0.516101, 0.516101, 2000000000000000.000000, 1000000000000000.000000 
71.137510, 24.560643, 14.144269, 0.239568, 0.050643, 1.232696, 0.402878, 57545.550697, 2163.213422 
74.910955, 27.225277, 13.088693, 0.247183, 0.060175, 1.390023, 0.448989, 58215.969907, 2144.697712 
96.299006, 23.169476, 17.574475, 0.273947, 0.076015, 0.963919, 0.497773, 40791.800036, 2296.889448 
61.713011, 31.976635, 13.156197, 0.163890, 0.064148, 1.919556, 1.361702, 72261.614916, 2111.292631 
41.058490, 5.359330, 2.869080, 0.053120, 0.128969, 0.526462, 0.526462, 2000000000000000.000000, 1000000000000000.000000 
47.224528, 6.870009, 3.562759, 0.068381, 0.152092, 0.680613, 0.680613, 614438.924216, 7867.699651 
59.642071, 9.912307, 4.959733, 0.099114, 0.198658, 0.991052, 0.991052, 336168.541090, 4557.576780 
106.430742, 16.940523, 17.541130, 0.193957, 0.053209, 1.488425, 0.254798, 33298.293555, 2422.170875 
77.833428, 27.181352, 12.770607, 0.242388, 0.070017, 1.000489, 0.150466, 58425.369209, 2156.255188 
115.712686, 18.637134, 17.829640, 0.212156, 0.055121, 1.253313, 0.090309, 29668.137674, 2523.918224 
48.525069, 7.188642, 3.709070, 0.071600, 0.156969, 0.713127, 0.713127, 565689.238769, 7291.324945 
111.177568, 16.491471, 18.613888, 0.188873, 0.061916, 1.423583, 0.069502, 30294.574913, 2487.979383 
39.148069, 4.891277, 2.654158, 0.048391, 0.121805, 0.478702, 0.478702, 2000000000000000.000000, 1000000000000000.000000 
33.781072, 3.576363, 2.050371, 0.035108, 0.101679, 0.344527, 0.344527, 2000000000000000.000000, 1000000000000000.000000 
84.968947, 21.322981, 16.775386, 0.270282, 0.059976, 0.975388, 0.360680, 44509.703407, 2229.255985 
110.414065, 18.712711, 18.041359, 0.215127, 0.064641, 1.530609, 0.089217, 31383.896337, 2457.401890 
86.739699, 22.945962, 16.423805, 0.269702, 0.052939, 0.848440, 0.516795, 44249.315316, 2216.115157 
71.665142, 27.122136, 12.893116, 0.241890, 0.056041, 0.955867, 0.184863, 59957.295976, 2141.881511 
106.076155, 21.340878, 16.886929, 0.279535, 0.058525, 0.769135, 0.628504, 37282.815155, 2381.462819 
116.409576, 17.201037, 18.414838, 0.220400, 0.055764, 1.532260, 0.239752, 28142.395728, 2549.435833 
84.730179, 25.497789, 17.063916, 0.193950, 0.060734, 0.622631, 0.616238, 49569.667433, 2203.481502 
69.572187, 27.372245, 13.420675, 0.226283, 0.060035, 1.193147, 0.344257, 60671.382425, 2133.086215 
108.703974, 17.327278, 18.362356, 0.205802, 0.058346, 1.429604, 0.042966, 30430.336900, 2449.874266 
88.442252, 23.636942, 16.961473, 0.197645, 0.063582, 0.632854, 0.729624, 49553.166692, 2227.317333 
69.466199, 26.464797, 13.384986, 0.236216, 0.061071, 1.272923, 0.373618, 61075.048730, 2142.347062 
68.248541, 27.303972, 13.466480, 0.226268, 0.057304, 1.264374, 0.291172, 60670.238543, 2133.181490 
27.558173, 2.051752, 1.350294, 0.019706, 0.078343, 0.188954, 0.188954, 2000000000000000.000000, 1000000000000000.000000 
103.551252, 17.640039, 17.697166, 0.201389, 0.063724, 1.584158, 0.098342, 34247.476695, 2389.580457 
70.962637, 27.589823, 13.550537, 0.231200, 0.053132, 1.196789, 0.336312, 58259.650538, 2131.712810 
78.842559, 27.113537, 13.479271, 0.244646, 0.054525, 1.479581, 0.387775, 54027.960549, 2154.083618 
109.831590, 21.488086, 17.905474, 0.248824, 0.062695, 0.832224, 0.592693, 35947.547886, 2449.095487 
107.960897, 21.454758, 17.791667, 0.262430, 0.051990, 0.961555, 0.597113, 33989.677152, 2422.131161 
38.205899, 4.660445, 2.548164, 0.046060, 0.118272, 0.455147, 0.455147, 2000000000000000.000000, 1000000000000000.000000 
63.690366, 31.670615, 13.851323, 0.153041, 0.056586, 1.652738, 1.316679, 68892.650776, 2109.240168 
62.338057, 31.265670, 13.927146, 0.154605, 0.054806, 1.743965, 1.265872, 68556.713355, 2109.075259 
66.852033, 32.852736, 13.417494, 0.156115, 0.057709, 1.866380, 1.342665, 67274.079821, 2117.439767 
41.956096, 5.579243, 2.970061, 0.055341, 0.132335, 0.548902, 0.548902, 2000000000000000.000000, 1000000000000000.000000 
107.153328, 18.047717, 18.201580, 0.212244, 0.064064, 1.496095, 0.006389, 31512.102369, 2425.779245 
106.112908, 21.435232, 17.408052, 0.277167, 0.059321, 0.724522, 0.623954, 36663.172988, 2391.625291 
59.791223, 33.723443, 13.814651, 0.146565, 0.062086, 1.606986, 1.218166, 72303.396054, 2107.870642 
87.746912, 20.760570, 16.376436, 0.279700, 0.053905, 0.969789, 0.386659, 43123.371202, 2244.930311 
30.408925, 2.750187, 1.671004, 0.026762, 0.089033, 0.260223, 0.260223, 2000000000000000.000000, 1000000000000000.000000 
106.472882, 17.101467, 17.624363, 0.195522, 0.058623, 1.593980, 0.146494, 33041.848215, 2421.128971 
83.264318, 22.192913, 16.822074, 0.196453, 0.071079, 0.702878, 0.680018, 53419.886459, 2212.502882 
47.514328, 6.941010, 3.595362, 0.069098, 0.153179, 0.687858, 0.687858, 602881.100806, 7731.198217 
35.313631, 3.951840, 2.222783, 0.038901, 0.107426, 0.382841, 0.382841, 2000000000000000.000000, 1000000000000000.000000 
48.771545, 7.249029, 3.736799, 0.072210, 0.157893, 0.719289, 0.719289, 557289.958638, 7191.851217 
22.194702, 0.737702, 0.746904, 0.006432, 0.058230, 0.054868, 0.054868, 2000000000000000.000000, 1000000000000000.000000 
