101.262422, 16.295060, 18.882282, 0.209628, 0.065362, 1.509362, 0.210729, 33599.152946, 2403.095791 
42.651143, 5.749530, 3.048254, 0.057062, 0.134942, 0.566279, 0.566279, 2000000000000000.000000, 1000000000000000.000000 
97.879728, 24.017596, 18.469198, 0.264747, 0.058753, 0.805136, 0.531365, 37425.706584, 2334.911915 
81.586828, 24.113730, 17.609173, 0.302359, 0.059257, 0.579084, 0.245554, 43664.070210, 2196.591274 
68.988372, 25.184434, 14.391488, 0.255520, 0.073086, 1.515254, 0.275772, 59073.621523, 2155.168081 
91.634289, 24.556591, 17.664306, 0.262685, 0.053010, 0.914581, 0.448406, 39501.307425, 2261.244785 
89.976073, 24.015609, 18.575699, 0.266966, 0.061719, 0.774712, 0.366976, 39552.848993, 2263.149932 
96.234051, 24.158246, 18.020736, 0.271527, 0.057400, 0.709077, 0.425701, 38004.721263, 2308.425528 
57.348280, 9.350329, 4.701682, 0.093437, 0.190056, 0.933707, 0.933707, 366795.846635, 4923.527253 
96.869503, 24.121690, 19.044787, 0.252385, 0.053949, 0.739925, 0.615830, 37172.044600, 2339.450435 
45.880455, 6.540711, 3.411551, 0.065054, 0.147052, 0.647011, 0.647011, 2000000000000000.000000, 1000000000000000.000000 
64.281325, 32.768675, 13.531560, 0.166977, 0.070361, 1.649852, 1.238644, 70578.731081, 2111.610462 
86.724157, 24.226806, 16.922979, 0.263645, 0.050474, 0.877113, 0.493149, 42782.998957, 2214.818533 
79.643796, 22.698775, 17.288486, 0.204959, 0.056152, 0.383101, 0.191619, 48649.623133, 2201.030715 
53.006539, 8.286602, 4.213236, 0.082691, 0.173775, 0.825163, 0.825163, 443625.823354, 5840.897295 
91.566891, 23.724930, 17.059186, 0.316178, 0.067268, 0.667548, 0.462070, 41730.308914, 2249.922284 
70.120084, 26.478888, 13.305601, 0.256997, 0.054587, 1.476036, 0.342557, 59095.632713, 2142.808661 
84.694338, 27.132383, 13.409496, 0.262166, 0.051189, 1.489832, 0.503579, 51346.758331, 2180.042247 
108.790984, 20.038129, 18.607256, 0.220586, 0.062335, 1.864169, 0.525134, 32694.287643, 2448.938404 
99.926081, 22.259793, 18.187956, 0.253016, 0.059896, 0.611376, 0.438517, 37642.860932, 2342.122265 
85.814983, 24.627580, 17.725817, 0.290428, 0.052216, 0.686459, 0.360825, 41066.696768, 2219.428615 
60.675735, 29.942862, 14.904509, 0.168108, 0.055454, 1.747513, 0.978203, 65777.905862, 2116.979019 
45.666267, 6.488236, 3.387455, 0.064524, 0.146249, 0.641657, 0.641657, 2000000000000000.000000, 1000000000000000.000000 
112.563248, 15.148999, 18.065084, 0.193276, 0.059759, 1.707255, 0.160132, 29688.722319, 2511.468458 
87.065086, 25.611732, 17.832790, 0.298790, 0.056281, 0.676576, 0.374376, 40685.116147, 2231.718733 
105.250316, 16.676234, 18.631458, 0.207277, 0.062736, 1.438244, 0.175664, 32267.480260, 2425.576266 
85.700301, 25.088281, 17.385355, 0.269091, 0.056775, 0.922912, 0.394759, 42421.917342, 2213.844709 
84.047221, 28.091805, 13.772273, 0.240834, 0.056063, 1.519617, 0.408687, 51068.987189, 2175.574404 
72.548262, 33.923365, 13.260561, 0.157178, 0.058455, 1.664740, 1.283667, 65415.771949, 2142.183734 
103.664727, 19.680612, 18.599921, 0.218417, 0.050911, 1.902813, 0.277591, 31510.284953, 2388.851266 
58.837703, 32.301413, 14.979102, 0.156788, 0.053457, 1.693903, 1.083698, 66659.470700, 2109.314194 
43.513079, 5.960704, 3.145221, 0.059195, 0.138174, 0.587827, 0.587827, 2000000000000000.000000, 1000000000000000.000000 
33.565581, 3.523567, 2.026128, 0.034575, 0.100871, 0.339140, 0.339140, 2000000000000000.000000, 1000000000000000.000000 
58.107204, 9.536265, 4.787060, 0.095315, 0.192902, 0.952680, 0.952680, 356046.535903, 4795.067469 
78.525455, 24.022135, 15.581810, 0.222899, 0.058901, 0.355364, 0.576535, 54874.467804, 2172.871981 
61.200984, 30.482626, 14.700950, 0.174349, 0.054885, 1.718537, 0.932665, 64736.080483, 2112.286174 
91.992031, 23.513587, 16.912399, 0.264872, 0.056266, 0.941200, 0.616605, 41859.373859, 2251.267062 
25.767101, 1.612940, 1.148799, 0.015274, 0.071627, 0.144178, 0.144178, 2000000000000000.000000, 1000000000000000.000000 
95.234496, 23.273605, 18.279856, 0.283825, 0.059076, 0.848268, 0.497127, 37683.777217, 2300.889566 
69.320216, 23.725154, 16.240428, 0.226652, 0.058435, 0.464437, 0.581175, 59510.710928, 2187.687752 
82.371268, 27.065194, 13.514625, 0.258435, 0.072484, 1.434354, 0.477541, 54534.969913, 2168.522301 
27.059951, 1.929688, 1.294245, 0.018473, 0.076475, 0.176499, 0.176499, 2000000000000000.000000, 1000000000000000.000000 
73.991567, 25.382904, 15.774246, 0.223633, 0.054754, 0.504527, 0.708173, 55974.303264, 2151.988068 
106.985319, 19.421328, 18.417626, 0.224956, 0.050663, 1.940238, 0.344268, 30674.293151, 2422.439892 
90.893658, 24.736069, 16.841983, 0.268123, 0.061962, 0.946910, 0.507885, 42600.764014, 2242.188452 
67.311408, 26.039134, 14.103842, 0.251209, 0.058379, 1.537755, 0.384585, 59613.692735, 2145.846568 
64.472359, 31.091524, 14.860417, 0.165326, 0.058039, 1.598021, 1.014051, 63711.559680, 2110.730958 
68.624485, 33.133926, 13.610864, 0.160090, 0.051433, 1.652181, 1.175564, 63592.117471, 2123.276702 
62.314490, 30.165238, 14.788814, 0.167656, 0.051331, 1.597455, 1.132229, 64905.660394, 2112.756768 
84.093211, 24.947012, 17.584235, 0.235840, 0.064163, 0.773935, 0.712427, 47245.452044, 2206.702666 
73.441867, 23.402289, 17.527164, 0.209421, 0.067131, 0.801695, 0.340071, 53381.329456, 2191.781242 
74.994398, 23.229716, 17.904655, 0.191369, 0.051562, 0.454976, 0.165754, 49902.166966, 2196.527868 
29.716325, 2.580500, 1.593087, 0.025048, 0.086436, 0.242908, 0.242908, 2000000000000000.000000, 1000000000000000.000000 
56.016520, 9.024047, 4.551859, 0.090141, 0.185062, 0.900413, 0.900413, 387349.515660, 5169.136664 
55.037894, 8.784284, 4.441763, 0.087719, 0.181392, 0.875947, 0.875947, 404005.627099, 5368.099136 
35.149792, 3.911699, 2.204352, 0.038496, 0.106812, 0.378745, 0.378745, 2000000000000000.000000, 1000000000000000.000000 
75.204539, 24.603573, 15.267495, 0.227370, 0.062008, 0.402029, 0.616546, 57810.141301, 2160.307753 
26.334276, 1.751898, 1.212606, 0.016677, 0.073754, 0.158357, 0.158357, 2000000000000000.000000, 1000000000000000.000000 
37.211792, 4.416889, 2.436327, 0.043599, 0.114544, 0.430295, 0.430295, 2000000000000000.000000, 1000000000000000.000000 
40.697472, 5.270881, 2.828466, 0.052226, 0.127616, 0.517437, 0.517437, 2000000000000000.000000, 1000000000000000.000000 
77.816872, 28.388837, 13.542007, 0.258279, 0.050646, 1.488447, 0.575143, 53948.071382, 2146.842242 
104.855617, 18.795590, 18.677722, 0.222984, 0.072398, 1.807529, 0.531812, 34893.093939, 2405.499853 
98.729554, 22.780401, 18.390852, 0.238052, 0.069047, 0.839914, 0.417280, 38915.452160, 2335.762111 
66.385125, 26.244989, 13.323889, 0.253003, 0.055338, 1.572178, 0.155028, 61088.523789, 2149.526008 
98.640015, 22.558155, 17.535928, 0.279306, 0.062437, 0.749574, 0.628413, 39309.118071, 2317.146476 
86.183290, 24.209548, 17.083739, 0.303966, 0.061388, 0.533890, 0.482824, 43943.241512, 2213.532214 
98.317392, 23.660843, 18.800033, 0.263565, 0.056104, 0.791706, 0.596988, 36735.487453, 2345.621574 
95.390060, 23.933907, 18.998062, 0.259315, 0.050400, 0.738845, 0.485514, 36244.637251, 2321.412898 
85.347027, 27.203647, 14.384707, 0.250556, 0.053413, 1.438344, 0.311678, 48030.020547, 2183.669176 
102.530555, 16.491934, 18.546625, 0.213603, 0.065611, 1.652695, 0.320699, 33903.532525, 2405.527435 
44.369842, 6.170611, 3.241607, 0.061315, 0.141387, 0.609246, 0.609246, 2000000000000000.000000, 1000000000000000.000000 
70.508230, 26.628676, 13.537332, 0.262960, 0.050631, 1.519612, 0.290949, 57286.544603, 2139.393764 
84.251469, 27.510645, 13.935926, 0.245012, 0.057016, 1.489263, 0.348111, 50336.367986, 2176.610155 
60.560872, 32.497994, 13.267384, 0.170464, 0.069737, 1.668001, 1.297632, 73696.699343, 2109.949628 
82.237269, 27.473333, 13.458485, 0.254772, 0.053812, 1.427117, 0.492337, 52702.305071, 2167.257604 
69.782248, 26.465337, 14.030215, 0.265340, 0.060217, 1.441539, 0.314612, 57514.856393, 2138.170927 
67.424839, 26.003414, 13.812275, 0.250766, 0.056547, 1.527576, 0.305086, 59854.880912, 2147.528487 
86.691123, 24.386587, 17.737242, 0.251138, 0.068515, 0.936529, 0.465713, 43876.287874, 2225.313740 
72.169835, 25.279402, 13.943376, 0.257601, 0.068139, 1.556641, 0.277190, 57382.929562, 2152.718393 
26.928761, 1.897547, 1.279486, 0.018149, 0.075983, 0.173219, 0.173219, 2000000000000000.000000, 1000000000000000.000000 
108.553618, 14.597219, 17.621096, 0.218159, 0.062127, 2.083245, 0.433777, 31716.112519, 2482.523756 
79.551301, 26.756080, 13.898504, 0.266285, 0.052182, 1.385110, 0.593282, 52613.399265, 2156.393974 
69.544217, 26.253105, 13.811483, 0.246817, 0.051513, 1.462579, 0.175712, 57352.668307, 2141.744320 
61.240154, 32.042530, 13.874587, 0.136053, 0.058715, 1.909937, 0.961086, 69395.470045, 2107.861548 
61.454785, 31.754875, 14.375033, 0.137678, 0.056949, 2.018520, 1.072077, 67854.217017, 2107.737470 
67.940917, 32.441702, 13.249727, 0.161603, 0.062940, 1.578310, 1.268676, 68802.250392, 2119.564952 
72.167879, 27.641685, 14.166917, 0.246587, 0.053954, 1.478556, 0.226421, 54525.742292, 2130.697897 
87.874039, 22.819411, 18.019140, 0.292665, 0.065320, 0.551096, 0.378502, 41800.497913, 2240.008402 
89.684489, 23.773141, 16.887846, 0.299872, 0.064856, 0.525783, 0.346045, 42730.439065, 2234.231868 
115.130963, 16.364750, 18.077060, 0.193291, 0.062685, 1.607563, 0.054957, 29312.625196, 2529.406700 
78.277844, 26.446557, 13.522639, 0.254226, 0.055739, 1.455233, 0.596699, 55079.486661, 2155.118714 
90.018751, 23.144957, 18.185915, 0.292957, 0.055364, 0.656414, 0.422538, 39212.181597, 2255.955389 
37.841531, 4.571175, 2.507172, 0.045158, 0.116906, 0.446038, 0.446038, 2000000000000000.000000, 1000000000000000.000000 
42.203009, 5.639737, 2.997838, 0.055952, 0.133261, 0.555075, 0.555075, 2000000000000000.000000, 1000000000000000.000000 
20.328263, 0.280424, 0.536930, 0.001812, 0.051231, 0.008207, 0.008207, 2000000000000000.000000, 1000000000000000.000000 
69.593442, 24.573219, 16.228594, 0.222988, 0.057580, 0.374183, 0.621141, 59309.922165, 2168.352728 
92.288717, 23.736180, 18.755208, 0.254423, 0.051107, 0.749078, 0.484606, 37922.584848, 2285.432197 
85.181795, 25.931459, 16.125939, 0.260399, 0.054818, 0.913857, 0.464381, 45445.941809, 2195.128941 
58.463239, 32.332339, 14.364843, 0.140157, 0.067140, 2.008103, 1.062947, 72028.789101, 2108.649411 
107.215301, 15.728487, 17.534423, 0.218739, 0.070531, 2.008928, 0.415653, 33873.706629, 2448.276507 
61.695632, 30.613880, 15.178087, 0.160863, 0.055049, 1.652460, 1.006470, 64740.951460, 2112.339704 
108.768685, 17.899960, 18.279755, 0.230235, 0.060913, 1.736862, 0.602769, 32633.601917, 2445.556771 
57.426800, 9.369566, 4.710515, 0.093631, 0.190351, 0.935670, 0.935670, 365653.029116, 4909.869838 
60.513025, 30.407401, 14.476576, 0.159539, 0.054698, 1.682338, 1.113668, 67974.530393, 2113.644459 
71.299171, 26.408982, 14.050942, 0.264907, 0.052815, 1.538860, 0.401931, 55932.404764, 2139.001658 
87.906986, 26.425829, 17.058108, 0.212634, 0.056122, 0.651350, 0.379348, 44616.596560, 2227.987094 
61.728426, 30.482604, 14.552564, 0.166307, 0.058177, 1.593862, 1.118491, 67346.118887, 2111.525006 
30.727781, 2.828306, 1.706875, 0.027551, 0.090229, 0.268195, 0.268195, 2000000000000000.000000, 1000000000000000.000000 
76.516975, 22.610720, 17.332997, 0.194380, 0.053453, 0.515794, 0.248791, 50649.921991, 2201.210702 
82.783022, 25.344266, 17.383774, 0.241421, 0.061660, 0.765663, 0.570269, 46654.367772, 2196.251366 
26.960069, 1.905217, 1.283008, 0.018226, 0.076100, 0.174002, 0.174002, 2000000000000000.000000, 1000000000000000.000000 
23.849421, 1.143108, 0.933060, 0.010527, 0.064435, 0.096236, 0.096236, 2000000000000000.000000, 1000000000000000.000000 
94.536913, 23.563651, 17.327000, 0.309970, 0.051201, 0.609748, 0.421104, 38203.881073, 2277.664722 
97.416784, 19.287562, 18.541239, 0.194400, 0.050078, 1.490459, 0.209335, 34781.368767, 2333.441865 
89.435066, 25.825471, 17.143460, 0.218295, 0.061717, 0.628645, 0.335184, 44357.436792, 2238.719158 
22.465093, 0.803948, 0.777323, 0.007101, 0.059244, 0.061627, 0.061627, 2000000000000000.000000, 1000000000000000.000000 
93.729871, 23.735663, 19.127324, 0.262105, 0.053687, 0.667875, 0.408073, 36817.170835, 2306.863688 
82.882241, 25.055820, 17.504651, 0.238985, 0.069201, 0.844679, 0.611344, 47733.696554, 2198.638734 
91.184909, 26.023892, 16.145100, 0.259841, 0.054340, 0.873536, 0.490250, 43270.633230, 2237.279866 
69.565621, 33.100651, 13.138162, 0.160309, 0.054071, 1.643204, 1.250256, 65720.995765, 2126.882734 
113.539416, 14.569696, 18.184026, 0.191225, 0.050231, 1.662332, 0.158314, 27785.972589, 2531.534085 
71.504253, 23.518970, 17.441790, 0.195624, 0.064951, 0.866692, 0.469892, 56145.447140, 2193.610551 
90.463313, 24.333669, 17.344659, 0.272913, 0.060374, 0.995690, 0.498345, 41262.695340, 2246.057244 
81.553925, 28.944236, 13.602962, 0.256096, 0.054044, 1.499290, 0.611871, 52678.314151, 2163.451995 
21.552641, 0.580397, 0.674672, 0.004843, 0.055822, 0.038816, 0.038816, 2000000000000000.000000, 1000000000000000.000000 
105.445938, 20.247098, 18.104458, 0.227152, 0.058671, 1.838699, 0.466681, 33529.723972, 2397.814144 
89.059625, 24.454418, 17.747833, 0.258830, 0.059779, 0.891013, 0.609092, 42264.351380, 2242.161203 
86.116294, 25.050622, 17.568071, 0.286132, 0.050845, 0.707663, 0.339707, 40981.564988, 2219.260434 
