71.017304, 30.621406, 13.075953, 0.098176, 0.052137, 1.451972, 1.079422, 73163.414169, 2125.887703 
87.550829, 27.437442, 12.962626, 0.153020, 0.062997, 1.063375, 1.319122, 66647.939285, 2197.131487 
70.453050, 30.412503, 13.042513, 0.082903, 0.050429, 1.377859, 1.111715, 77400.508691, 2124.715352 
116.085552, 15.858230, 15.907631, 0.191077, 0.052404, 0.895874, 0.401420, 35281.069615, 2529.709555 
20.222612, 0.254540, 0.525044, 0.001551, 0.050835, 0.005565, 0.005565, 2000000000000000.000000, 1000000000000000.000000 
83.596689, 29.034406, 13.445389, 0.109971, 0.051695, 1.443816, 1.165044, 65491.938233, 2174.319979 
51.413566, 7.896324, 4.034026, 0.078749, 0.167801, 0.785339, 0.785339, 480561.182663, 6280.849696 
113.736603, 18.506768, 16.401370, 0.170498, 0.051473, 0.618009, 0.213577, 36633.803983, 2473.832364 
68.778681, 29.650261, 13.723497, 0.091669, 0.061352, 1.363799, 1.130820, 79120.820010, 2118.711588 
118.468738, 12.638235, 15.687985, 0.154312, 0.050573, 0.926071, 0.123814, 33026.386016, 2633.275358 
34.048220, 3.641814, 2.080425, 0.035769, 0.102681, 0.351206, 0.351206, 2000000000000000.000000, 1000000000000000.000000 
91.689090, 21.669744, 12.566240, 0.209992, 0.050755, 1.306997, 0.354169, 52772.004498, 2270.912851 
113.178755, 14.288283, 15.493859, 0.154421, 0.064271, 1.037957, 0.175562, 38955.983410, 2538.252433 
84.433888, 27.986467, 13.459208, 0.116195, 0.052749, 1.410672, 1.100433, 64204.717118, 2177.818400 
24.754668, 1.364894, 1.034900, 0.012768, 0.067830, 0.118867, 0.118867, 2000000000000000.000000, 1000000000000000.000000 
80.471465, 27.872634, 13.278080, 0.113725, 0.062373, 1.170246, 1.056646, 71166.336279, 2159.491910 
114.355929, 16.878605, 15.967740, 0.156392, 0.053583, 0.288760, 0.182156, 39471.533536, 2494.599383 
116.528561, 17.772394, 15.636002, 0.182668, 0.053377, 0.753098, 0.515429, 38599.573963, 2508.532076 
49.183420, 7.349938, 3.783135, 0.073229, 0.159438, 0.729585, 0.729585, 543786.056865, 7031.818881 
59.248486, 31.365784, 12.941245, 0.079936, 0.064148, 1.536529, 1.154004, 91123.323866, 2117.215395 
116.477302, 16.793984, 15.887073, 0.154328, 0.053051, 0.252642, 0.195005, 39388.863109, 2520.425004 
59.615833, 9.905879, 4.956781, 0.099049, 0.198559, 0.990396, 0.990396, 336489.106884, 4561.405525 
57.164045, 9.305191, 4.680955, 0.092981, 0.189365, 0.929101, 0.929101, 369506.124364, 4955.916910 
109.341040, 18.016444, 16.193857, 0.164629, 0.057658, 0.515401, 0.299077, 41198.836092, 2427.558129 
82.133131, 29.919728, 12.728030, 0.116359, 0.055291, 1.449347, 1.082261, 67851.454114, 2170.420123 
68.387666, 31.669474, 13.609175, 0.061548, 0.060905, 1.319446, 1.127242, 91821.810985, 2117.924144 
83.855663, 27.188880, 12.622347, 0.156841, 0.051173, 1.115313, 1.205903, 63985.235562, 2181.406001 
61.319585, 32.020087, 13.655730, 0.083860, 0.071266, 1.634386, 1.085110, 87042.224840, 2108.555821 
59.081127, 9.774876, 4.896627, 0.097726, 0.196554, 0.977028, 0.977028, 343162.636733, 4641.122400 
50.699125, 7.721286, 3.953652, 0.076980, 0.165122, 0.767478, 0.767478, 499178.432690, 6502.268556 
113.402433, 15.737639, 15.831911, 0.184787, 0.058174, 0.951482, 0.428837, 37795.102592, 2503.221622 
50.096606, 7.573668, 3.885868, 0.075489, 0.162862, 0.752415, 0.752415, 516020.383387, 6702.368505 
49.121094, 7.334668, 3.776123, 0.073075, 0.159204, 0.728027, 0.728027, 545788.200840, 7055.554291 
83.844582, 27.464159, 13.419583, 0.116571, 0.062267, 1.445751, 1.160769, 68215.646337, 2175.187430 
122.640570, 13.539239, 16.280278, 0.149784, 0.061784, 0.938356, 0.150560, 34142.349268, 2652.855140 
113.379981, 16.274537, 15.955462, 0.159947, 0.054927, 0.420901, 0.168379, 38772.411932, 2493.065414 
32.070702, 3.157322, 1.857954, 0.030875, 0.095265, 0.301768, 0.301768, 2000000000000000.000000, 1000000000000000.000000 
36.149730, 4.156684, 2.316845, 0.040971, 0.110561, 0.403743, 0.403743, 2000000000000000.000000, 1000000000000000.000000 
118.479360, 15.514085, 15.759757, 0.181982, 0.054523, 0.869142, 0.367201, 35532.063315, 2563.993821 
117.010177, 14.157411, 17.471729, 0.184052, 0.055901, 0.413411, 0.493792, 35553.218857, 2572.626615 
80.764877, 28.688114, 13.304628, 0.121486, 0.059413, 1.417104, 1.087852, 67258.208083, 2160.037700 
27.420102, 2.017925, 1.334761, 0.019365, 0.077825, 0.185503, 0.185503, 2000000000000000.000000, 1000000000000000.000000 
115.850153, 13.334314, 15.935323, 0.150779, 0.056020, 1.080531, 0.092578, 34355.569434, 2584.195580 
128.684564, 18.748924, 15.973555, 0.155604, 0.066742, 0.690925, 0.243007, 38724.009674, 2699.863986 
115.098981, 15.479399, 17.182856, 0.185814, 0.064306, 0.510663, 0.481082, 38427.971403, 2528.303361 
32.774391, 3.329726, 1.937119, 0.032617, 0.097904, 0.319360, 0.319360, 2000000000000000.000000, 1000000000000000.000000 
83.128511, 21.271446, 12.719473, 0.199526, 0.058681, 1.238049, 0.529761, 59226.376681, 2247.845981 
57.949855, 9.497714, 4.769359, 0.094926, 0.192312, 0.948746, 0.948746, 358221.950404, 4821.063990 
69.010955, 30.161536, 13.078026, 0.090798, 0.052572, 1.444227, 1.166206, 77086.428491, 2121.675697 
83.696276, 27.682988, 13.468459, 0.120298, 0.061563, 1.455977, 1.038643, 66004.056771, 2174.065771 
87.655462, 26.081141, 13.959596, 0.127540, 0.054745, 1.286631, 1.315520, 62965.702046, 2197.186015 
114.163745, 19.404182, 16.353750, 0.149958, 0.053485, 0.336186, 0.176676, 39890.894193, 2473.630410 
123.016404, 13.526495, 15.827224, 0.155187, 0.051617, 0.952977, 0.162453, 32266.114164, 2660.155780 
83.293162, 22.534356, 12.790838, 0.205659, 0.065818, 1.149765, 0.523500, 59647.041393, 2221.446316 
60.156339, 31.691697, 13.313828, 0.045350, 0.052411, 1.486580, 1.138854, 102371.062039, 2111.673932 
118.902910, 19.163432, 16.772462, 0.139416, 0.050605, 0.429347, 0.110600, 36922.887760, 2547.678263 
84.255783, 25.026608, 12.619257, 0.154366, 0.056262, 1.247199, 1.176383, 65091.524671, 2195.792710 
101.606775, 19.985865, 13.145957, 0.182107, 0.062904, 0.847392, 0.715137, 54207.173005, 2347.691607 
127.423367, 16.067358, 16.141752, 0.179689, 0.054125, 0.420959, 0.203059, 33236.666669, 2692.388000 
84.883773, 25.591080, 13.027023, 0.157800, 0.057068, 1.240358, 1.201767, 63355.471475, 2189.459045 
85.716207, 29.900557, 12.898209, 0.115796, 0.059389, 1.464858, 1.216272, 68721.629651, 2188.972362 
100.107868, 18.516317, 12.833938, 0.178683, 0.060250, 1.093356, 0.723741, 54361.159913, 2375.372871 
81.939166, 29.056179, 13.071578, 0.112732, 0.050111, 1.427034, 1.118418, 65965.483256, 2166.680130 
33.813689, 3.584354, 2.054040, 0.035189, 0.101801, 0.345342, 0.345342, 2000000000000000.000000, 1000000000000000.000000 
53.770160, 8.473689, 4.299143, 0.084581, 0.176638, 0.844254, 0.844254, 427852.293232, 5652.762648 
117.016923, 16.067460, 17.411112, 0.164134, 0.050486, 0.492197, 0.589381, 37093.216438, 2547.367835 
114.155113, 18.325107, 15.818268, 0.150028, 0.064131, 0.509458, 0.403149, 44999.560854, 2475.097654 
108.698318, 17.842311, 16.491728, 0.169989, 0.060208, 0.680076, 0.206398, 39275.868672, 2424.859425 
57.323803, 31.347850, 13.765440, 0.046071, 0.056504, 1.382876, 1.196442, 108750.673362, 2116.728703 
31.621171, 3.047187, 1.807382, 0.029762, 0.093579, 0.290529, 0.290529, 2000000000000000.000000, 1000000000000000.000000 
45.243644, 6.384693, 3.339910, 0.063478, 0.144664, 0.631091, 0.631091, 2000000000000000.000000, 1000000000000000.000000 
86.261045, 30.074599, 13.151148, 0.109915, 0.058649, 1.486723, 1.148030, 67790.208158, 2192.483555 
98.495693, 19.895149, 14.336146, 0.221439, 0.062195, 0.842100, 0.807116, 49497.560904, 2314.812395 
42.798592, 5.785655, 3.064842, 0.057427, 0.135495, 0.569965, 0.569965, 2000000000000000.000000, 1000000000000000.000000 
96.628206, 18.961644, 14.585421, 0.217761, 0.055410, 0.774344, 0.875546, 48972.943348, 2319.171545 
55.074563, 8.793268, 4.445888, 0.087810, 0.181530, 0.876864, 0.876864, 403355.523679, 5360.335074 
57.412656, 9.366101, 4.708924, 0.093596, 0.190297, 0.935316, 0.935316, 365858.350119, 4912.323488 
80.011700, 22.700249, 12.045282, 0.200000, 0.052770, 1.125902, 0.502100, 62232.051791, 2227.203644 
38.314884, 4.687147, 2.560424, 0.046329, 0.118681, 0.457872, 0.457872, 2000000000000000.000000, 1000000000000000.000000 
82.119622, 28.176188, 12.615013, 0.118623, 0.052886, 1.301652, 1.110598, 68246.864001, 2171.096277 
78.939684, 28.574979, 12.113316, 0.109441, 0.062771, 1.037782, 0.990622, 77190.204815, 2163.454805 
106.385671, 20.928211, 13.134647, 0.189235, 0.054851, 0.801826, 0.734136, 50656.282462, 2372.102061 
101.777402, 20.286476, 12.828476, 0.176517, 0.062004, 0.845270, 0.687620, 55329.803976, 2349.201199 
94.110323, 21.460800, 12.654333, 0.207986, 0.061049, 0.882618, 0.458631, 54847.005144, 2284.879680 
47.101448, 6.839855, 3.548913, 0.068076, 0.151630, 0.677536, 0.677536, 619479.030270, 7927.195907 
50.414389, 7.651525, 3.921619, 0.076276, 0.164054, 0.760360, 0.760360, 507000.560518, 6595.228075 
56.886997, 9.237314, 4.649787, 0.092295, 0.188326, 0.922175, 0.922175, 373659.450648, 5005.551172 
116.868118, 12.958134, 16.010312, 0.149510, 0.052316, 1.035225, 0.059063, 32870.049209, 2603.825542 
117.953080, 12.789342, 15.355599, 0.158745, 0.057535, 1.005148, 0.069071, 34326.735411, 2629.066328 
109.527225, 17.824765, 16.680235, 0.160493, 0.050179, 0.555422, 0.237338, 37951.118740, 2434.748282 
68.572729, 30.900950, 13.653785, 0.073531, 0.050582, 1.503783, 1.104188, 78402.846017, 2117.404488 
83.329663, 29.096164, 12.809628, 0.113320, 0.053734, 1.403764, 1.118164, 67712.161092, 2174.956612 
35.756281, 4.060289, 2.272582, 0.039997, 0.109086, 0.393907, 0.393907, 2000000000000000.000000, 1000000000000000.000000 
117.713663, 15.027720, 17.247365, 0.179415, 0.053146, 0.432187, 0.529399, 35969.841942, 2566.669257 
101.877809, 19.562061, 13.926608, 0.215656, 0.067261, 0.762843, 0.793167, 51067.465681, 2346.710624 
30.770237, 2.838708, 1.711652, 0.027656, 0.090388, 0.269256, 0.269256, 2000000000000000.000000, 1000000000000000.000000 
58.563103, 31.908078, 13.459111, 0.044092, 0.053673, 1.490415, 1.253244, 107531.565330, 2112.163480 
128.851334, 19.195252, 16.745793, 0.139851, 0.056917, 0.748722, 0.252637, 36583.421980, 2723.999524 
113.552569, 18.613155, 16.720877, 0.160589, 0.063427, 0.539244, 0.429976, 42237.475488, 2474.864356 
128.212955, 14.408562, 16.205499, 0.180315, 0.054970, 0.582295, 0.245145, 31866.970729, 2724.342775 
66.815166, 30.114367, 12.755672, 0.104253, 0.055110, 1.058279, 1.208653, 80286.529725, 2121.709616 
134.231474, 15.012387, 16.053191, 0.179134, 0.058211, 0.426214, 0.226453, 32581.902511, 2835.373546 
63.827717, 34.344450, 13.003982, 0.027376, 0.069927, 1.389822, 0.952626, 141993.143772, 2117.405804 
68.864767, 30.007124, 13.005809, 0.075403, 0.053057, 1.308617, 1.225381, 84185.446214, 2122.287241 
111.441757, 15.976840, 16.281330, 0.171274, 0.054156, 0.623612, 0.678603, 41123.488702, 2478.704219 
52.240625, 8.098953, 4.127070, 0.080796, 0.170902, 0.806016, 0.806016, 460654.534171, 6043.840038 
57.081580, 9.284987, 4.671678, 0.092777, 0.189056, 0.927040, 0.927040, 370732.527423, 4970.573111 
66.862779, 29.209041, 13.026326, 0.112624, 0.055804, 1.085408, 1.190731, 77903.782862, 2122.815884 
51.633092, 7.950108, 4.058723, 0.079292, 0.168624, 0.790827, 0.790827, 475113.233363, 6216.011554 
84.652083, 22.188774, 12.309624, 0.205145, 0.058711, 1.182508, 0.625994, 60198.559006, 2240.661833 
89.881111, 26.326141, 13.969797, 0.132012, 0.058108, 1.267522, 1.361821, 63180.040413, 2210.312969 
28.160181, 2.199244, 1.418020, 0.021196, 0.080601, 0.204005, 0.204005, 2000000000000000.000000, 1000000000000000.000000 
48.735300, 7.240148, 3.732721, 0.072120, 0.157757, 0.718382, 0.718382, 558509.759967, 7206.300811 
25.472131, 1.540672, 1.115615, 0.014544, 0.070520, 0.136803, 0.136803, 2000000000000000.000000, 1000000000000000.000000 
50.401411, 7.648346, 3.920159, 0.076243, 0.164005, 0.760035, 0.760035, 507362.843775, 6599.532548 
24.578853, 1.321819, 1.015121, 0.012333, 0.067171, 0.114471, 0.114471, 2000000000000000.000000, 1000000000000000.000000 
103.394127, 20.569955, 12.892140, 0.178141, 0.059499, 0.942396, 0.652039, 53125.714384, 2355.617434 
98.356753, 19.566191, 13.791949, 0.213981, 0.054910, 0.694719, 0.784483, 50476.510895, 2324.890887 
56.750873, 30.867277, 13.693977, 0.051126, 0.069178, 1.405201, 1.186275, 114232.538043, 2122.783827 
80.412292, 26.965811, 13.249835, 0.120005, 0.060710, 1.191473, 1.232331, 71222.316988, 2161.958800 
112.213504, 17.291233, 16.733849, 0.164240, 0.059488, 0.593121, 0.232330, 38480.694440, 2469.749502 
120.273904, 13.119634, 15.977917, 0.164266, 0.063565, 1.033646, 0.168227, 34111.429850, 2634.922910 
106.695034, 17.975745, 12.481364, 0.183045, 0.066160, 1.207371, 0.240081, 49683.844975, 2442.824297 
67.598624, 29.924350, 13.031072, 0.081731, 0.051232, 1.381514, 1.129937, 80047.476290, 2120.470740 
36.237091, 4.178087, 2.326673, 0.041187, 0.110889, 0.405927, 0.405927, 2000000000000000.000000, 1000000000000000.000000 
111.883842, 16.439312, 17.238661, 0.168245, 0.059650, 0.657030, 0.608327, 40359.277759, 2480.034527 
127.661244, 15.205208, 16.049013, 0.186184, 0.052225, 0.570392, 0.278850, 32039.546759, 2704.093556 
53.701644, 8.456903, 4.291435, 0.084412, 0.176381, 0.842541, 0.842541, 429221.705556, 5669.101175 
