81.401955, 19.973311, 10.745121, 0.178258, 0.069255, 1.236917, 0.671843, 73731.129396, 2344.955510 
115.865898, 13.050869, 14.124177, 0.170554, 0.054005, 0.562986, 0.474074, 42060.650151, 2630.754071 
89.901112, 19.855832, 11.576866, 0.190918, 0.067918, 1.092604, 0.558853, 63502.334346, 2330.472375 
22.724800, 0.867576, 0.806540, 0.007744, 0.060218, 0.068120, 0.068120, 2000000000000000.000000, 1000000000000000.000000 
104.139256, 18.637423, 11.497293, 0.169089, 0.061892, 0.830420, 0.627783, 59834.272680, 2439.705779 
116.667937, 16.836482, 12.749430, 0.170119, 0.053662, 0.478236, 0.247412, 45937.932207, 2556.089049 
101.263186, 15.255500, 14.109090, 0.167115, 0.050996, 0.220405, 0.398575, 49497.616447, 2457.606529 
120.801518, 13.545943, 13.319978, 0.174986, 0.060397, 0.641345, 0.413731, 43190.772530, 2684.272203 
105.760699, 14.611372, 13.025667, 0.171126, 0.053337, 0.671490, 0.687133, 51203.998387, 2534.818887 
52.088695, 8.061730, 4.109978, 0.080420, 0.170333, 0.802217, 0.802217, 464187.904658, 6085.927141 
119.308505, 13.677913, 12.778356, 0.165591, 0.056229, 0.626179, 0.311166, 44326.680923, 2684.662550 
38.653761, 4.770171, 2.598548, 0.047168, 0.119952, 0.466344, 0.466344, 2000000000000000.000000, 1000000000000000.000000 
118.577477, 12.213832, 13.903574, 0.173294, 0.055547, 0.896607, 0.565269, 40596.445234, 2695.723917 
108.815186, 14.899729, 13.868743, 0.162126, 0.060508, 0.200107, 0.359477, 49828.698264, 2515.646035 
107.378604, 16.081586, 13.783698, 0.192979, 0.050483, 0.351980, 0.524084, 46296.353210, 2468.709448 
89.218303, 19.433333, 11.652010, 0.181220, 0.051027, 0.863479, 0.597447, 61852.215199, 2338.057017 
115.000883, 12.202152, 13.928637, 0.167922, 0.054552, 0.528730, 0.372581, 42105.275305, 2668.464839 
91.852094, 19.533237, 12.264985, 0.181340, 0.051794, 0.900546, 0.573509, 57817.228962, 2324.477471 
74.691869, 25.525553, 13.473565, 0.079996, 0.059921, 1.479669, 1.252822, 82248.249901, 2154.852433 
69.821797, 26.835338, 13.197227, 0.076452, 0.056834, 1.328987, 1.322163, 87284.479366, 2140.051366 
49.319839, 7.383361, 3.798482, 0.073567, 0.159949, 0.732996, 0.732996, 539453.564087, 6980.447937 
83.062673, 25.112944, 10.921759, 0.092685, 0.054782, 1.408739, 1.440708, 84888.019145, 2231.074256 
36.762448, 4.306800, 2.385775, 0.042487, 0.112859, 0.419061, 0.419061, 2000000000000000.000000, 1000000000000000.000000 
34.964090, 3.866202, 2.183460, 0.038036, 0.106115, 0.374102, 0.374102, 2000000000000000.000000, 1000000000000000.000000 
31.038116, 2.904338, 1.741788, 0.028319, 0.091393, 0.275953, 0.275953, 2000000000000000.000000, 1000000000000000.000000 
72.395302, 26.476967, 13.195448, 0.069425, 0.052704, 1.574713, 1.308718, 84362.402312, 2145.086649 
25.315547, 1.502309, 1.097999, 0.014156, 0.069933, 0.132889, 0.132889, 2000000000000000.000000, 1000000000000000.000000 
28.014697, 2.163601, 1.401653, 0.020836, 0.080055, 0.200367, 0.200367, 2000000000000000.000000, 1000000000000000.000000 
68.905085, 27.494103, 12.357017, 0.088616, 0.068774, 1.525568, 1.200203, 88591.089788, 2144.411850 
117.400706, 12.899809, 14.114872, 0.167464, 0.067251, 0.483838, 0.342422, 44363.457504, 2649.892559 
91.824627, 19.623796, 12.117344, 0.184963, 0.069769, 0.962342, 0.486250, 60988.405997, 2326.132027 
50.289049, 7.620817, 3.907518, 0.075965, 0.163584, 0.757226, 0.757226, 510520.840211, 6637.050113 
83.101956, 25.678462, 11.253206, 0.107440, 0.053264, 1.417013, 1.244831, 76735.347180, 2214.639583 
89.109946, 18.862604, 11.640815, 0.192976, 0.058299, 0.835653, 0.639868, 63318.687576, 2356.364518 
113.046996, 14.456738, 12.820728, 0.169975, 0.050536, 0.676237, 0.518823, 46718.008288, 2595.793933 
96.892296, 18.458162, 12.187720, 0.190346, 0.056719, 0.973428, 0.636986, 56467.675148, 2377.727787 
113.059113, 12.315565, 13.662428, 0.157627, 0.055601, 0.909642, 0.383806, 43183.184709, 2660.990927 
36.447834, 4.229719, 2.350381, 0.041708, 0.111679, 0.411196, 0.411196, 2000000000000000.000000, 1000000000000000.000000 
26.787695, 1.862985, 1.263616, 0.017800, 0.075454, 0.169692, 0.169692, 2000000000000000.000000, 1000000000000000.000000 
112.767164, 13.432079, 13.488985, 0.163196, 0.061743, 0.791724, 0.502586, 47094.419390, 2612.254827 
113.018743, 14.074207, 13.438607, 0.174739, 0.058630, 0.714860, 0.456040, 45502.329245, 2588.997065 
89.552701, 21.027324, 11.925794, 0.185797, 0.050184, 0.900319, 0.611863, 59778.947105, 2289.506352 
108.072840, 13.676734, 13.877558, 0.174607, 0.051584, 0.168774, 0.388489, 46544.931134, 2560.718872 
113.486391, 12.499179, 13.705093, 0.166431, 0.057778, 0.671924, 0.499285, 44988.281274, 2652.599272 
69.468758, 26.369573, 13.282798, 0.080583, 0.055554, 1.458790, 1.206562, 82764.209206, 2144.382132 
70.709169, 28.653855, 12.673315, 0.081309, 0.051373, 1.372875, 1.059813, 79580.724798, 2133.334807 
65.896121, 24.612956, 13.384839, 0.099669, 0.052122, 1.386942, 1.200832, 80182.113523, 2181.893581 
70.423136, 26.273614, 12.984762, 0.089639, 0.055592, 1.466529, 1.253722, 80835.958274, 2148.507681 
39.743128, 5.037066, 2.721102, 0.049864, 0.124037, 0.493578, 0.493578, 2000000000000000.000000, 1000000000000000.000000 
112.747788, 12.748208, 13.948670, 0.194498, 0.057143, 0.081211, 0.372423, 44381.712438, 2627.344377 
91.282427, 18.065343, 11.619526, 0.187823, 0.053863, 0.837595, 0.512259, 60858.212692, 2390.353760 
94.061279, 19.360651, 12.085700, 0.185606, 0.062102, 0.979458, 0.656750, 59760.793958, 2342.927260 
90.282846, 20.164832, 12.108110, 0.185040, 0.067979, 0.918864, 0.628555, 62697.542819, 2307.003626 
101.081996, 19.654403, 11.630277, 0.170187, 0.061204, 1.009311, 0.614968, 59320.643815, 2388.509348 
121.860177, 13.501257, 13.650296, 0.175708, 0.064054, 0.649799, 0.419759, 42725.254581, 2686.565885 
101.443766, 19.238799, 11.246749, 0.203194, 0.050027, 0.810283, 0.543401, 56527.779365, 2415.607992 
82.757897, 19.648133, 10.808511, 0.185083, 0.057911, 1.332842, 0.623288, 69231.220236, 2353.917516 
34.660137, 3.791734, 2.149265, 0.037284, 0.104976, 0.366503, 0.366503, 2000000000000000.000000, 1000000000000000.000000 
38.774718, 4.799806, 2.612156, 0.047467, 0.120405, 0.469368, 0.469368, 2000000000000000.000000, 1000000000000000.000000 
26.682171, 1.837132, 1.251744, 0.017538, 0.075058, 0.167054, 0.167054, 2000000000000000.000000, 1000000000000000.000000 
50.392933, 7.646269, 3.919205, 0.076223, 0.163973, 0.759823, 0.759823, 507599.771716, 6602.347580 
21.203250, 0.494796, 0.635366, 0.003978, 0.054512, 0.030081, 0.030081, 2000000000000000.000000, 1000000000000000.000000 
66.391365, 25.590314, 13.193996, 0.083208, 0.054663, 1.457600, 1.167563, 84162.851945, 2161.600029 
22.437433, 0.797171, 0.774211, 0.007033, 0.059140, 0.060936, 0.060936, 2000000000000000.000000, 1000000000000000.000000 
80.522363, 26.302074, 10.688314, 0.111581, 0.060160, 1.427225, 1.226173, 82214.284100, 2218.642507 
91.512092, 21.792960, 10.926128, 0.122573, 0.050720, 1.838398, 1.210933, 69781.371336, 2315.775752 
52.701935, 8.211974, 4.178968, 0.081937, 0.172632, 0.817548, 0.817548, 450246.002288, 5919.815204 
96.194349, 18.158459, 11.521771, 0.184992, 0.081441, 1.134195, 0.297818, 61341.095196, 2407.596322 
47.964635, 7.051335, 3.646021, 0.070212, 0.154867, 0.699116, 0.699116, 585739.119993, 7528.577230 
71.609091, 26.522890, 12.842334, 0.078766, 0.066578, 1.368730, 1.299399, 91270.467873, 2147.954733 
91.559588, 18.189623, 11.847513, 0.187983, 0.062578, 0.918690, 0.712670, 62739.306937, 2378.182762 
121.580328, 13.128647, 13.456608, 0.170633, 0.061586, 0.679232, 0.340002, 42021.634717, 2703.342116 
81.676918, 26.435280, 11.286213, 0.110842, 0.055943, 1.420893, 1.254808, 77452.847581, 2202.004401 
95.396500, 19.846582, 12.276310, 0.194408, 0.053704, 0.873329, 0.671073, 56493.032635, 2331.641692 
91.343872, 19.374013, 11.357959, 0.184923, 0.072560, 0.989237, 0.602917, 66078.736829, 2357.121518 
111.510068, 11.791265, 13.912661, 0.171318, 0.062734, 0.897956, 0.490963, 44491.315103, 2672.037517 
56.690831, 9.189254, 4.627718, 0.091810, 0.187591, 0.917271, 0.917271, 376658.169024, 5041.386166 
45.509764, 6.449892, 3.369848, 0.064137, 0.145662, 0.637744, 0.637744, 2000000000000000.000000, 1000000000000000.000000 
103.486362, 19.229146, 11.315414, 0.169506, 0.071033, 0.894376, 0.632729, 62959.127501, 2426.934760 
105.807708, 12.982278, 14.144063, 0.180874, 0.053733, 0.114869, 0.336742, 46489.496689, 2577.871299 
121.183970, 15.072776, 14.971193, 0.160047, 0.059915, 0.681478, 0.532905, 41777.846703, 2610.033631 
92.063094, 18.725740, 12.189642, 0.186441, 0.050020, 0.865609, 0.601148, 57692.042618, 2350.644545 
96.588829, 18.543607, 12.369497, 0.192483, 0.057156, 0.844802, 0.640267, 56361.652118, 2368.411312 
22.989236, 0.932363, 0.836289, 0.008398, 0.061210, 0.074731, 0.074731, 2000000000000000.000000, 1000000000000000.000000 
100.727743, 18.581088, 11.211144, 0.163139, 0.050863, 0.931601, 0.685502, 60203.075815, 2430.854823 
112.481599, 17.039270, 13.232405, 0.172254, 0.061111, 0.497736, 0.422457, 49061.758619, 2496.730338 
57.720829, 9.441603, 4.743593, 0.094359, 0.191453, 0.943021, 0.943021, 361437.402822, 4859.490189 
97.995857, 17.530554, 12.387672, 0.176050, 0.062402, 1.209039, 0.356650, 54331.394556, 2405.620683 
116.486650, 15.499099, 14.902015, 0.138505, 0.059536, 0.629995, 0.533121, 46273.231565, 2546.390705 
21.588771, 0.589249, 0.678737, 0.004932, 0.055958, 0.039719, 0.039719, 2000000000000000.000000, 1000000000000000.000000 
100.477582, 17.566728, 11.295465, 0.207069, 0.053957, 0.767428, 0.536970, 57210.020974, 2458.210465 
103.316585, 17.919351, 11.270587, 0.208733, 0.056416, 0.815838, 0.671793, 57289.656817, 2464.621890 
26.587303, 1.813889, 1.241072, 0.017304, 0.074702, 0.164683, 0.164683, 2000000000000000.000000, 1000000000000000.000000 
74.129696, 26.614286, 13.457374, 0.077286, 0.055976, 1.564798, 1.323540, 81306.509424, 2144.093865 
102.509519, 14.760045, 12.677816, 0.164258, 0.054360, 0.409812, 0.514783, 54854.014992, 2526.401590 
99.326917, 19.302668, 12.104789, 0.176975, 0.053538, 1.247822, 0.194128, 52190.316320, 2370.660752 
45.488607, 6.444709, 3.367468, 0.064084, 0.145582, 0.637215, 0.637215, 2000000000000000.000000, 1000000000000000.000000 
29.190366, 2.451640, 1.533916, 0.023746, 0.084464, 0.229759, 0.229759, 2000000000000000.000000, 1000000000000000.000000 
56.205373, 9.070316, 4.573104, 0.090608, 0.185770, 0.905134, 0.905134, 384293.680400, 5132.624975 
114.811207, 13.478007, 13.688952, 0.193046, 0.055387, 0.076598, 0.294505, 43520.675316, 2618.642504 
100.253579, 18.255494, 11.956510, 0.190055, 0.060624, 1.023379, 0.606932, 56378.046599, 2408.630731 
106.990851, 16.130076, 13.971462, 0.184469, 0.054508, 0.489133, 0.481387, 46462.669913, 2460.726183 
111.374498, 16.083765, 12.888192, 0.171121, 0.062329, 0.590320, 0.327502, 49240.646930, 2522.281644 
31.951717, 3.128171, 1.844568, 0.030581, 0.094819, 0.298793, 0.298793, 2000000000000000.000000, 1000000000000000.000000 
113.543738, 13.314072, 13.475271, 0.168775, 0.057757, 0.627651, 0.443597, 45485.890324, 2623.380344 
36.650371, 4.279341, 2.373167, 0.042210, 0.112439, 0.416259, 0.416259, 2000000000000000.000000, 1000000000000000.000000 
89.673860, 19.153068, 12.197293, 0.176044, 0.063338, 0.986528, 0.614444, 62097.305763, 2330.443872 
27.871942, 2.128626, 1.385593, 0.020483, 0.079520, 0.196799, 0.196799, 2000000000000000.000000, 1000000000000000.000000 
98.784618, 18.044745, 12.120147, 0.184373, 0.052106, 1.168926, 0.244325, 52141.054877, 2401.519836 
98.110870, 18.571930, 12.091477, 0.182122, 0.060813, 1.257869, 0.280384, 54175.894035, 2383.461089 
95.006799, 17.458212, 11.380271, 0.188336, 0.062702, 1.167001, 0.331799, 59327.694429, 2434.090385 
95.956013, 17.547156, 12.343825, 0.180585, 0.055447, 1.147223, 0.297184, 53711.563480, 2398.121450 
91.746145, 19.394705, 12.052947, 0.191735, 0.054034, 0.950191, 0.573369, 58419.436549, 2333.989011 
101.364805, 18.613451, 11.648686, 0.211060, 0.054530, 0.787895, 0.586914, 55508.722251, 2416.100540 
112.189595, 13.162356, 13.416427, 0.164246, 0.059528, 0.640462, 0.457708, 47123.428661, 2623.372725 
90.351593, 20.572483, 11.944897, 0.179218, 0.061750, 0.890744, 0.567636, 62027.982702, 2302.112425 
59.262887, 9.819407, 4.917075, 0.098176, 0.197236, 0.981572, 0.981572, 340863.664966, 4613.658323 
51.258824, 7.858412, 4.016618, 0.078366, 0.167221, 0.781471, 0.781471, 484476.241275, 6327.431720 
90.584797, 18.999093, 11.336170, 0.189337, 0.058998, 1.019992, 0.563760, 63055.315467, 2367.213368 
114.091354, 12.009750, 13.670403, 0.163823, 0.072480, 0.867891, 0.409277, 46682.716621, 2682.632611 
93.759697, 22.294640, 10.978704, 0.129114, 0.063514, 1.809168, 1.162473, 71496.026226, 2315.610606 
112.127677, 14.944841, 12.640967, 0.163687, 0.063656, 0.752370, 0.533675, 51742.430665, 2576.260210 
85.892035, 19.776992, 11.302504, 0.176523, 0.068451, 1.159134, 0.687490, 68835.650215, 2332.876714 
24.745845, 1.362732, 1.033908, 0.012746, 0.067797, 0.118646, 0.118646, 2000000000000000.000000, 1000000000000000.000000 
57.126945, 9.296102, 4.676781, 0.092889, 0.189226, 0.928174, 0.928174, 370056.832358, 4962.498304 
24.997804, 1.424462, 1.062253, 0.013370, 0.068742, 0.124945, 0.124945, 2000000000000000.000000, 1000000000000000.000000 
30.951893, 2.883214, 1.732088, 0.028106, 0.091070, 0.273797, 0.273797, 2000000000000000.000000, 1000000000000000.000000 
69.801614, 29.124196, 11.738447, 0.107698, 0.070406, 1.610524, 1.291465, 85422.770222, 2145.049701 
