69.257077, 28.687153, 13.122736, 0.104760, 0.053078, 1.572216, 1.247589, 74515.411912, 2126.541760 
76.884663, 30.926300, 13.478879, 0.119921, 0.063199, 1.461472, 1.093764, 69188.263837, 2146.163135 
127.855849, 14.286368, 16.327939, 0.166831, 0.056383, 0.639788, 0.161623, 31928.512712, 2720.488183 
77.641610, 27.995089, 13.833679, 0.118421, 0.066860, 1.387544, 1.083144, 70113.822443, 2145.952077 
46.930227, 6.797906, 3.529651, 0.067652, 0.150988, 0.673256, 0.673256, 626625.607571, 8011.529239 
114.984875, 16.235719, 15.680835, 0.201231, 0.064120, 0.760509, 0.468297, 39057.355562, 2511.217225 
49.753669, 7.489649, 3.847288, 0.074640, 0.161576, 0.743842, 0.743842, 526114.763692, 6822.204993 
68.896482, 29.989525, 13.392337, 0.104321, 0.068372, 1.076199, 1.091220, 81109.260132, 2119.725729 
81.707899, 29.555367, 13.128725, 0.107484, 0.061129, 1.524635, 1.137909, 70442.494986, 2165.952207 
73.816343, 31.235930, 12.937902, 0.079414, 0.050908, 1.364952, 1.100813, 77300.538387, 2136.214371 
125.147600, 16.733481, 16.342163, 0.182395, 0.050726, 0.392076, 0.209556, 32980.512440, 2650.371881 
62.173777, 31.462868, 13.752298, 0.103382, 0.054289, 1.138848, 1.245982, 79065.940149, 2109.149890 
116.517192, 12.264581, 15.599894, 0.159112, 0.057571, 1.021550, 0.190117, 35042.658002, 2630.286999 
78.477417, 27.338159, 13.685633, 0.115079, 0.069754, 1.377629, 1.013444, 71303.214389, 2151.044088 
92.727174, 22.405031, 12.810286, 0.187348, 0.054854, 1.154676, 0.498645, 54226.012251, 2260.957853 
82.355001, 29.170592, 13.568537, 0.121166, 0.057731, 1.524102, 1.260434, 66164.556913, 2167.938552 
83.412459, 22.530212, 12.453877, 0.198237, 0.050139, 1.334652, 0.777975, 59356.723942, 2228.093803 
117.175395, 14.826372, 17.605395, 0.162432, 0.051426, 0.482430, 0.520026, 36076.509707, 2565.474183 
42.391034, 5.685803, 3.018991, 0.056418, 0.133966, 0.559776, 0.559776, 2000000000000000.000000, 1000000000000000.000000 
78.087775, 28.000041, 13.585033, 0.124838, 0.060476, 1.375885, 1.125485, 67919.754042, 2148.311989 
117.782317, 16.267800, 15.969626, 0.204016, 0.057456, 0.818527, 0.509983, 36182.510385, 2543.862050 
31.646704, 3.053443, 1.810254, 0.029826, 0.093675, 0.291168, 0.291168, 2000000000000000.000000, 1000000000000000.000000 
35.300575, 3.948641, 2.221315, 0.038869, 0.107377, 0.382514, 0.382514, 2000000000000000.000000, 1000000000000000.000000 
83.044285, 21.463996, 12.458276, 0.193714, 0.051073, 1.434302, 0.666202, 59385.098510, 2248.684949 
90.521359, 21.479344, 12.886632, 0.202787, 0.051213, 1.224813, 0.362004, 52670.905985, 2262.936197 
113.642786, 14.252618, 17.472903, 0.187029, 0.051758, 0.423284, 0.445429, 34801.876435, 2534.409747 
69.191160, 29.763528, 13.209999, 0.112221, 0.058228, 1.462422, 1.146565, 74018.453375, 2121.830523 
94.400626, 27.965961, 13.669391, 0.135207, 0.060334, 1.175804, 1.293088, 63090.618973, 2242.663690 
119.543175, 16.768426, 17.094935, 0.171996, 0.052427, 0.540591, 0.680502, 37687.995995, 2572.666638 
27.082182, 1.935135, 1.296745, 0.018528, 0.076558, 0.177055, 0.177055, 2000000000000000.000000, 1000000000000000.000000 
117.664669, 15.928856, 15.523688, 0.195683, 0.052165, 0.916779, 0.513398, 36019.093133, 2547.494311 
73.245512, 31.338938, 12.451069, 0.097157, 0.058162, 1.405461, 1.051283, 76813.258969, 2138.116033 
94.862028, 19.990670, 14.542591, 0.224184, 0.057726, 0.714166, 0.941297, 50676.324106, 2290.686053 
85.438474, 29.176310, 13.337371, 0.107729, 0.068046, 1.513583, 1.252586, 72375.288374, 2184.974258 
51.562982, 7.932931, 4.050835, 0.079118, 0.168361, 0.789075, 0.789075, 476839.807120, 6236.562376 
118.514057, 17.498661, 17.152588, 0.147352, 0.054082, 0.295444, 0.228823, 37936.497730, 2554.297538 
117.838371, 14.105127, 17.224585, 0.178367, 0.052111, 0.425459, 0.519688, 35301.825649, 2582.285318 
86.874731, 22.048849, 12.197197, 0.197869, 0.058510, 1.361842, 0.694000, 59802.882190, 2252.669199 
53.806051, 8.482482, 4.303181, 0.084670, 0.176773, 0.845151, 0.845151, 427138.433887, 5644.245106 
119.101649, 15.110062, 17.383261, 0.151843, 0.059743, 0.503060, 0.451761, 38838.874340, 2585.052475 
68.495307, 30.402711, 13.027620, 0.094323, 0.059082, 1.634826, 1.097270, 77424.366588, 2120.767553 
51.806298, 7.992543, 4.078209, 0.079721, 0.169274, 0.795157, 0.795157, 470900.262719, 6165.858386 
95.915188, 26.086466, 14.053258, 0.120168, 0.056417, 1.228861, 1.338580, 62594.606528, 2253.357493 
116.488629, 14.614446, 16.836615, 0.187052, 0.051464, 0.420059, 0.537709, 35908.138016, 2556.566669 
54.962320, 8.765768, 4.433261, 0.087532, 0.181109, 0.874058, 0.874058, 405352.163551, 5384.179572 
53.657718, 8.446141, 4.286493, 0.084303, 0.176216, 0.841443, 0.841443, 430104.264080, 5679.630613 
51.543123, 7.928065, 4.048601, 0.079069, 0.168287, 0.788578, 0.788578, 477331.133953, 6242.410075 
88.854194, 22.346406, 11.960381, 0.192818, 0.054975, 1.031131, 0.524403, 59421.410926, 2260.731409 
80.195791, 27.160435, 13.468626, 0.120674, 0.054570, 1.169377, 1.113579, 67238.907280, 2159.128496 
70.609182, 28.697529, 13.098931, 0.102961, 0.052097, 1.524365, 1.018580, 72082.832745, 2128.577239 
81.397065, 21.644242, 12.324231, 0.196056, 0.055625, 1.291105, 0.689620, 61976.550417, 2245.105250 
115.352683, 15.973344, 16.908271, 0.174859, 0.063947, 0.611021, 0.619647, 40727.412210, 2522.790341 
94.867373, 26.164474, 13.935815, 0.128136, 0.056059, 1.360393, 1.324478, 60792.126084, 2244.908448 
112.058362, 19.518186, 16.061077, 0.182714, 0.058582, 0.535176, 0.150049, 38574.001461, 2443.482473 
62.084899, 30.738177, 13.427835, 0.125119, 0.057929, 1.155738, 1.256290, 77680.520900, 2112.968617 
48.307568, 7.135354, 3.684601, 0.071061, 0.156153, 0.707689, 0.707689, 573309.218929, 7381.525985 
55.193566, 8.822424, 4.459276, 0.088104, 0.181976, 0.879839, 0.879839, 401260.113816, 5335.309602 
116.147033, 13.635442, 17.097251, 0.184308, 0.052599, 0.530093, 0.481926, 34584.494072, 2572.409020 
39.228342, 4.910944, 2.663189, 0.048590, 0.122106, 0.480709, 0.480709, 2000000000000000.000000, 1000000000000000.000000 
58.595509, 9.655900, 4.841995, 0.096524, 0.194733, 0.964888, 0.964888, 349464.762329, 4716.418907 
85.183764, 21.885232, 12.189655, 0.198614, 0.052884, 1.257756, 0.621797, 59522.928467, 2250.734716 
65.816522, 28.789365, 13.498791, 0.096478, 0.059011, 1.500604, 1.179946, 79397.308315, 2121.456208 
59.657725, 31.004115, 13.104596, 0.114160, 0.060814, 1.057459, 1.155751, 83140.651404, 2116.963535 
92.147272, 26.469945, 14.257376, 0.122212, 0.062653, 1.326976, 1.418255, 65264.256776, 2226.440228 
121.534374, 18.631540, 16.886202, 0.134077, 0.062564, 0.388468, 0.179710, 40981.061118, 2592.348310 
55.738116, 31.580895, 13.463469, 0.041509, 0.066203, 1.476518, 1.216693, 123800.999843, 2122.062310 
115.661023, 19.306577, 16.861474, 0.136276, 0.055561, 0.368330, 0.150804, 40018.959850, 2502.195506 
117.579397, 15.249012, 17.162325, 0.162181, 0.063294, 0.484130, 0.377880, 38746.856045, 2561.385439 
52.882894, 8.256309, 4.199326, 0.082385, 0.173311, 0.822072, 0.822072, 446289.604831, 5872.654721 
133.189916, 14.052036, 16.308060, 0.180278, 0.052391, 0.321353, 0.209831, 30680.702879, 2824.840114 
109.273195, 18.522940, 17.225849, 0.165847, 0.059039, 0.616649, 0.302146, 39169.854743, 2431.800088 
66.267317, 29.238222, 13.168640, 0.099838, 0.051885, 1.520807, 1.120955, 75610.006645, 2121.179087 
121.275870, 13.117156, 15.204914, 0.156080, 0.063019, 0.983742, 0.200394, 36464.156093, 2656.043012 
96.593980, 19.542179, 14.663462, 0.225223, 0.054333, 0.713943, 0.947043, 48824.280375, 2307.234863 
53.824563, 8.487018, 4.305263, 0.084716, 0.176842, 0.845614, 0.845614, 426771.187513, 5639.862950 
90.934221, 23.035599, 12.261505, 0.194691, 0.057804, 1.104705, 0.467935, 57105.425486, 2253.248717 
80.961695, 29.084294, 13.305599, 0.113228, 0.050566, 1.558204, 1.176692, 65458.687878, 2161.172984 
58.826940, 31.435233, 13.513662, 0.027004, 0.058211, 1.500752, 1.249382, 141128.600420, 2113.507099 
97.989417, 20.083417, 13.663370, 0.218780, 0.060543, 0.680320, 0.698467, 51490.146176, 2314.850870 
66.562090, 30.048875, 13.394794, 0.113716, 0.072270, 1.163695, 1.119471, 81223.740867, 2116.366695 
116.641130, 13.476176, 15.655650, 0.164515, 0.062616, 1.092024, 0.079807, 34853.657384, 2590.825309 
62.433466, 28.732083, 13.068058, 0.108407, 0.073153, 1.116050, 1.082108, 87482.889528, 2129.325521 
25.977724, 1.664542, 1.172494, 0.015795, 0.072416, 0.149443, 0.149443, 2000000000000000.000000, 1000000000000000.000000 
119.857356, 15.973970, 15.412901, 0.191576, 0.051486, 0.938717, 0.577542, 36076.372436, 2574.285827 
93.717485, 26.343413, 14.265727, 0.126328, 0.059578, 1.303343, 1.360232, 62440.076435, 2237.812842 
75.231874, 31.740224, 12.853788, 0.081294, 0.056275, 1.268487, 1.187703, 80809.218763, 2143.378322 
53.065584, 8.301068, 4.219878, 0.082837, 0.173996, 0.826640, 0.826640, 442364.944407, 5825.863452 
45.784098, 6.517104, 3.400711, 0.064816, 0.146690, 0.644602, 0.644602, 2000000000000000.000000, 1000000000000000.000000 
27.667312, 2.078492, 1.362573, 0.019977, 0.078752, 0.191683, 0.191683, 2000000000000000.000000, 1000000000000000.000000 
60.485225, 30.670352, 13.497732, 0.112541, 0.058357, 0.978918, 1.216580, 82086.930164, 2114.696173 
125.547819, 15.905060, 16.712203, 0.185443, 0.056601, 0.497675, 0.166581, 32099.663389, 2668.458383 
93.920479, 21.584449, 12.672836, 0.212523, 0.053543, 1.170946, 0.362473, 52073.312125, 2281.537993 
56.886936, 9.237299, 4.649780, 0.092295, 0.188326, 0.922173, 0.922173, 373660.369143, 5005.562175 
114.308206, 14.362517, 17.136501, 0.180752, 0.057252, 0.429252, 0.525220, 37796.506480, 2538.323527 
87.616511, 21.766936, 13.224379, 0.209871, 0.051953, 1.265639, 0.446706, 53009.288212, 2241.189685 
114.433613, 13.829955, 15.831510, 0.154386, 0.051032, 0.900677, 0.159988, 35196.388515, 2558.344067 
98.601714, 18.689884, 13.156767, 0.171780, 0.060880, 1.037338, 0.255288, 51099.883733, 2355.493727 
82.563378, 29.613393, 13.473438, 0.109750, 0.053263, 1.630306, 1.251193, 66108.023775, 2170.040610 
29.574854, 2.545839, 1.577171, 0.024698, 0.085906, 0.239371, 0.239371, 2000000000000000.000000, 1000000000000000.000000 
37.245572, 4.425165, 2.440127, 0.043683, 0.114671, 0.431139, 0.431139, 2000000000000000.000000, 1000000000000000.000000 
22.197851, 0.738474, 0.747258, 0.006440, 0.058242, 0.054946, 0.054946, 2000000000000000.000000, 1000000000000000.000000 
33.119336, 3.414237, 1.975925, 0.033470, 0.099198, 0.327983, 0.327983, 2000000000000000.000000, 1000000000000000.000000 
115.838400, 15.499657, 17.252516, 0.168824, 0.073467, 0.521135, 0.624032, 43865.519376, 2537.276492 
118.347252, 16.497184, 15.248186, 0.184430, 0.056658, 0.811330, 0.407391, 37940.651158, 2547.174451 
118.126455, 14.174533, 15.971125, 0.156319, 0.051359, 1.022476, 0.110454, 33009.840230, 2585.470324 
79.129310, 30.523562, 13.552279, 0.118583, 0.068663, 1.428552, 1.154431, 71033.443072, 2155.285635 
127.846308, 13.651619, 15.691537, 0.174433, 0.055675, 0.383393, 0.260402, 34177.338300, 2729.008773 
36.260143, 4.183735, 2.329266, 0.041244, 0.110976, 0.406504, 0.406504, 2000000000000000.000000, 1000000000000000.000000 
28.524915, 2.288604, 1.459053, 0.022099, 0.081968, 0.213123, 0.213123, 2000000000000000.000000, 1000000000000000.000000 
70.644412, 29.579593, 12.673404, 0.108732, 0.057973, 1.136663, 1.233795, 78609.704422, 2129.777115 
114.456028, 16.858771, 15.981697, 0.154143, 0.050480, 0.274256, 0.111225, 38149.673399, 2496.046791 
111.598327, 15.544698, 15.686953, 0.193564, 0.064157, 0.775650, 0.442513, 40097.477264, 2490.740536 
71.288846, 30.827215, 13.028521, 0.110251, 0.050432, 1.388488, 1.178893, 71383.717080, 2127.016618 
117.754092, 15.544876, 17.064154, 0.172291, 0.056419, 0.500659, 0.632781, 38604.659367, 2559.102306 
118.073992, 16.783513, 15.675037, 0.185230, 0.054684, 0.848518, 0.384865, 36432.348797, 2539.834285 
57.986122, 9.506600, 4.773439, 0.095016, 0.192448, 0.949653, 0.949653, 357718.127573, 4815.043146 
82.253382, 29.685100, 13.416572, 0.113709, 0.060192, 1.421302, 1.151864, 68445.202145, 2168.577424 
99.640547, 20.149365, 14.490200, 0.214444, 0.062267, 0.771726, 0.898241, 50024.331840, 2317.721688 
47.545656, 6.948686, 3.598886, 0.069176, 0.153296, 0.688641, 0.688641, 601656.966228, 7716.735611 
90.809802, 28.827632, 13.358155, 0.117094, 0.053663, 1.452329, 1.185682, 63157.919287, 2218.023129 
21.585185, 0.588370, 0.678333, 0.004923, 0.055944, 0.039630, 0.039630, 2000000000000000.000000, 1000000000000000.000000 
62.686691, 30.045288, 13.291614, 0.108143, 0.062375, 1.091857, 1.082841, 81769.023176, 2116.832434 
88.799405, 22.649811, 12.830547, 0.203847, 0.057495, 1.223016, 0.424263, 54826.346376, 2238.159526 
74.616976, 30.057718, 12.020916, 0.096883, 0.057628, 1.056312, 1.144988, 81556.229645, 2147.595205 
78.242562, 29.829065, 13.417504, 0.110086, 0.064568, 1.438394, 1.124332, 71804.362874, 2149.430202 
82.271183, 29.567143, 13.655160, 0.116067, 0.063275, 1.358969, 1.149940, 68705.415768, 2168.503875 
77.495071, 30.907321, 12.773512, 0.077917, 0.061139, 1.497614, 1.087482, 80946.471048, 2150.791570 
114.990404, 14.184471, 17.171457, 0.184139, 0.058331, 0.418327, 0.394439, 36282.980203, 2548.923640 
