56.222370, 9.724835, 4.581368, 0.084306, 0.056614, 0.585526, 0.366663, 238212.329563, 4852.126322 
33.903820, 7.531129, 1.347238, 0.090488, 0.079268, 0.312941, 0.249960, 747644.327955, 11232.947468 
53.686869, 8.793102, 4.634135, 0.069463, 0.054678, 0.825834, 0.115639, 258163.585495, 5450.799492 
52.820357, 2.691693, 4.188862, 0.007404, 0.069918, 0.733442, 0.416860, 2000000000000000.000000, 1000000000000000.000000 
55.881940, 7.983142, 4.807493, 0.067487, 0.066037, 0.756706, 0.057507, 272353.734976, 5803.653614 
53.026088, 4.673789, 2.694540, 0.069968, 0.125547, 0.646379, 0.362518, 654979.996382, 10343.307716 
49.738284, 9.879435, 4.501726, 0.078128, 0.064671, 0.579245, 0.114243, 267972.092308, 5200.031463 
58.609503, 7.887847, 4.913587, 0.057771, 0.106535, 0.636497, 0.816246, 389829.155265, 5626.880305 
42.918739, 3.350996, 1.723131, 0.064229, 0.139694, 0.398935, 0.862852, 2000000000000000.000000, 1000000000000000.000000 
50.554167, 2.782480, 1.787292, 0.072210, 0.158022, 0.557324, 0.526559, 2000000000000000.000000, 1000000000000000.000000 
39.117026, 2.600030, 4.774386, 0.030520, 0.103516, 0.443049, 0.795586, 2000000000000000.000000, 1000000000000000.000000 
53.746788, 9.368323, 3.883627, 0.090535, 0.050773, 0.725677, 0.209257, 256614.798195, 5304.547762 
52.274782, 9.936747, 4.094113, 0.073785, 0.062220, 0.306480, 0.156754, 273780.643415, 5090.443053 
49.879083, 8.809142, 4.666369, 0.065499, 0.054637, 0.700562, 0.024605, 283129.639456, 5823.588435 
45.883704, 9.729402, 4.685456, 0.087404, 0.055017, 0.666929, 0.300085, 286935.259466, 5684.737211 
58.989694, 7.650785, 4.023330, 0.087887, 0.052815, 0.636990, 0.282862, 264438.555715, 5838.579227 
47.588093, 9.825734, 4.647165, 0.079940, 0.051618, 0.589034, 0.168040, 269583.515617, 5420.915254 
51.782668, 8.265666, 4.355703, 0.080256, 0.063597, 0.659761, 0.361451, 302341.888465, 5973.640696 
47.698440, 9.267198, 4.507789, 0.075693, 0.058189, 0.625209, 0.129652, 290554.038841, 5738.460239 
25.812195, 6.442833, 4.308521, 0.016764, 0.126771, 0.216816, 0.574325, 2000000000000000.000000, 1000000000000000.000000 
57.256093, 9.222079, 4.891370, 0.094836, 0.063717, 0.391489, 0.681513, 250484.683656, 4958.720209 
26.192876, 4.823943, 4.639338, 0.087801, 0.066323, 0.209817, 0.113654, 2000000000000000.000000, 1000000000000000.000000 
55.157611, 8.440918, 4.391533, 0.092497, 0.057521, 0.687872, 0.140513, 253792.153548, 5557.643698 
56.416216, 9.956760, 4.115696, 0.069586, 0.058838, 0.799097, 0.070740, 244546.422063, 4893.326786 
59.190818, 9.952174, 4.963379, 0.059694, 0.055117, 0.658182, 0.261820, 227895.651616, 4561.573043 
57.568317, 9.768214, 3.367958, 0.062264, 0.053300, 0.899117, 0.054683, 273272.894336, 5293.918585 
57.978672, 7.126707, 4.554167, 0.073755, 0.061909, 0.601143, 0.414205, 299727.403591, 6286.374131 
55.827063, 9.554649, 3.806884, 0.075876, 0.060336, 0.774613, 0.410755, 273524.715835, 5174.048365 
53.122193, 8.047649, 3.942144, 0.091915, 0.057252, 0.615150, 0.431448, 296187.282601, 6014.893474 
20.500417, 9.725878, 0.936280, 0.043279, 0.065415, 0.214774, 0.857332, 1356118.234363, 14898.382885 
29.968253, 0.215825, 2.841011, 0.098498, 0.164920, 0.454719, 0.235004, 2000000000000000.000000, 1000000000000000.000000 
51.357505, 7.883656, 3.672669, 0.058782, 0.126122, 0.342461, 0.936913, 549140.971728, 6318.898836 
53.101715, 9.987090, 4.628794, 0.073331, 0.072762, 0.540334, 0.024780, 253321.064258, 4908.296417 
55.583999, 5.568124, 1.336034, 0.086120, 0.166347, 0.061949, 0.484578, 937809.802481, 11235.362781 
35.444247, 6.633312, 3.760047, 0.005635, 0.083150, 0.974270, 0.319727, 2000000000000000.000000, 1000000000000000.000000 
55.900785, 7.208009, 4.212913, 0.087282, 0.054343, 0.668817, 0.321666, 289667.745803, 6401.022338 
51.261295, 8.461568, 4.127421, 0.078828, 0.076533, 0.406328, 0.334945, 326121.590238, 5886.137645 
54.892156, 8.287272, 4.061111, 0.085188, 0.057150, 0.764495, 0.288670, 274080.189068, 5712.836293 
47.632127, 6.476378, 1.327763, 0.071745, 0.128511, 0.283254, 0.538682, 902043.456488, 10954.300398 
57.274402, 8.860342, 4.145318, 0.090524, 0.052840, 0.750359, 0.261901, 244747.424629, 5263.291150 
54.522388, 4.563951, 2.554407, 0.008175, 0.136033, 0.264691, 0.438585, 1775581.195408, 10283.180795 
32.980594, 9.420883, 1.393517, 0.063569, 0.169553, 0.273082, 0.546581, 1013497.714939, 10129.026259 
46.092662, 1.871550, 1.829628, 0.083502, 0.157366, 0.788864, 0.195078, 2000000000000000.000000, 1000000000000000.000000 
55.159223, 9.078775, 4.482137, 0.067569, 0.064202, 0.670878, 0.140902, 262859.219859, 5205.756016 
56.260237, 2.277672, 2.776457, 0.090028, 0.172704, 0.919623, 0.458310, 2000000000000000.000000, 1000000000000000.000000 
55.880580, 8.409487, 4.267614, 0.073300, 0.055383, 0.810948, 0.198046, 263501.190005, 5540.556619 
46.934565, 9.885928, 4.057979, 0.065506, 0.074168, 0.825936, 0.183949, 312033.144129, 5472.671886 
45.198186, 1.914183, 3.108003, 0.016942, 0.148934, 0.994136, 0.699238, 2000000000000000.000000, 1000000000000000.000000 
52.397066, 8.274230, 4.800747, 0.090537, 0.050374, 0.772893, 0.209116, 264601.575118, 5959.886046 
54.717997, 8.812013, 4.281202, 0.084014, 0.057573, 0.447431, 0.029792, 255711.986167, 5398.489350 
42.975051, 8.383010, 2.963709, 0.074859, 0.174063, 0.693422, 0.278653, 531435.383228, 6981.700028 
56.443052, 9.079224, 4.682110, 0.086097, 0.070714, 0.530478, 0.259936, 252505.217883, 5099.020728 
55.985391, 8.578429, 4.252517, 0.050416, 0.054277, 0.477745, 0.295994, 297032.039226, 5444.636234 
52.766899, 9.366842, 4.042530, 0.080782, 0.067365, 0.745297, 0.115718, 270281.596745, 5307.945047 
54.193307, 8.488368, 4.322795, 0.086855, 0.055527, 0.359312, 0.659998, 288206.120544, 5608.787484 
57.237669, 7.960261, 4.739247, 0.080583, 0.058719, 0.594429, 0.356810, 265375.982767, 5689.498491 
29.970881, 5.041061, 3.713361, 0.012409, 0.057322, 0.643522, 0.311182, 2000000000000000.000000, 1000000000000000.000000 
25.023201, 7.142207, 3.388253, 0.007920, 0.060779, 0.321041, 0.177077, 2000000000000000.000000, 1000000000000000.000000 
40.233776, 8.965573, 1.046564, 0.063940, 0.099370, 0.961728, 0.967982, 1001535.254304, 12048.401323 
55.855764, 9.043299, 4.882544, 0.062823, 0.070179, 0.743176, 0.072244, 257156.826339, 5136.795644 
58.968027, 9.011418, 4.890636, 0.080609, 0.057033, 0.887306, 0.183595, 221918.972236, 4958.589672 
53.971745, 9.157014, 4.887126, 0.083948, 0.054591, 0.845437, 0.144449, 237694.679171, 5216.861220 
58.075722, 9.821755, 4.560982, 0.055002, 0.055457, 0.565209, 0.224415, 248576.974706, 4739.495094 
49.613539, 1.925733, 1.275572, 0.059867, 0.127652, 0.267375, 0.967363, 2000000000000000.000000, 1000000000000000.000000 
30.674156, 0.405713, 2.612493, 0.047575, 0.078736, 0.476539, 0.969897, 2000000000000000.000000, 1000000000000000.000000 
56.157497, 7.942541, 4.568731, 0.081761, 0.064367, 0.612671, 0.332239, 278411.773861, 5794.385152 
56.511431, 9.526640, 3.879949, 0.081069, 0.064783, 0.596450, 0.308271, 268296.982979, 5126.441309 
55.159291, 6.816876, 2.921646, 0.035834, 0.150697, 0.329855, 0.034037, 604839.610865, 7089.963277 
43.110053, 8.892495, 1.701688, 0.059030, 0.145326, 0.616302, 0.117754, 679405.419774, 8527.272915 
51.644672, 9.275231, 3.829475, 0.089377, 0.076560, 0.417838, 0.224511, 297628.539250, 5476.052922 
56.838205, 8.861921, 3.975483, 0.088755, 0.061191, 0.560508, 0.324108, 265370.488317, 5336.019279 
30.402503, 1.748034, 1.995241, 0.043174, 0.131276, 0.464835, 0.821093, 2000000000000000.000000, 1000000000000000.000000 
55.901581, 8.616280, 3.876655, 0.090868, 0.061721, 0.444347, 0.310412, 277255.030376, 5527.036791 
21.991984, 0.326313, 3.202220, 0.097124, 0.162276, 0.580502, 0.661690, 2000000000000000.000000, 1000000000000000.000000 
52.468344, 9.927224, 4.330136, 0.091115, 0.066960, 0.660207, 0.221935, 254560.668432, 5023.529350 
52.481275, 2.758647, 1.304906, 0.090601, 0.191949, 0.594450, 0.834655, 1419327.193027, 17651.184534 
42.409087, 4.585609, 3.604736, 0.009009, 0.140855, 0.674541, 0.826601, 2000000000000000.000000, 1000000000000000.000000 
54.207674, 7.804201, 4.283668, 0.084897, 0.060726, 0.712156, 0.127712, 281415.507015, 6074.572623 
59.528066, 8.364359, 4.242257, 0.050316, 0.058284, 0.355835, 0.284806, 295130.924916, 5358.708919 
56.083560, 8.287819, 4.794841, 0.086620, 0.074942, 0.559240, 0.298384, 272877.220890, 5565.691683 
45.629068, 9.183487, 4.547383, 0.002096, 0.187431, 0.584598, 0.727499, 1679132.178242, 6085.098163 
25.033681, 1.192600, 3.031263, 0.037870, 0.169868, 0.456771, 0.244389, 2000000000000000.000000, 1000000000000000.000000 
20.162311, 8.211394, 3.509572, 0.021844, 0.067965, 0.203660, 0.040346, 2000000000000000.000000, 1000000000000000.000000 
51.820802, 8.992905, 4.160335, 0.085185, 0.056545, 0.614877, 0.219510, 272841.280788, 5523.765583 
37.819802, 6.294719, 0.618840, 0.091730, 0.176241, 0.634882, 0.221347, 1579569.694365, 19755.732504 
28.249940, 3.224678, 1.139512, 0.014564, 0.127723, 0.355891, 0.329535, 2000000000000000.000000, 1000000000000000.000000 
47.090981, 0.629656, 4.167988, 0.027774, 0.104718, 0.965722, 0.436628, 2000000000000000.000000, 1000000000000000.000000 
59.011191, 7.421097, 4.496426, 0.082520, 0.056208, 0.693014, 0.100572, 255448.311186, 5936.334561 
46.822135, 1.331297, 4.241600, 0.027301, 0.123713, 0.785495, 0.829281, 2000000000000000.000000, 1000000000000000.000000 
57.258428, 9.274067, 4.639763, 0.094245, 0.068306, 0.870528, 0.160277, 230714.441773, 4971.362502 
22.380325, 9.614910, 1.622856, 0.020598, 0.050234, 0.602286, 0.855404, 1123668.031995, 11158.077270 
58.110828, 9.915304, 4.378051, 0.057386, 0.055595, 0.896440, 0.111997, 238500.158385, 4757.387971 
49.909932, 8.951749, 4.632981, 0.070966, 0.074057, 0.812652, 0.206601, 301043.859977, 5713.873489 
39.882284, 1.626036, 2.181572, 0.043127, 0.086522, 0.112514, 0.841286, 2000000000000000.000000, 1000000000000000.000000 
30.831284, 0.806810, 2.675004, 0.046032, 0.141611, 0.308391, 0.070542, 2000000000000000.000000, 1000000000000000.000000 
54.128506, 8.946927, 4.593112, 0.088172, 0.054586, 0.780870, 0.083174, 242238.406583, 5330.767608 
54.486617, 9.174003, 4.396948, 0.083113, 0.062900, 0.577230, 0.315907, 262745.122385, 5215.684938 
39.333648, 7.701656, 2.657801, 0.024390, 0.070580, 0.724139, 0.658968, 756120.076648, 8126.597355 
31.970221, 1.396736, 3.894676, 0.026727, 0.165549, 0.381585, 0.328324, 2000000000000000.000000, 1000000000000000.000000 
57.077155, 8.437530, 4.400407, 0.060471, 0.069246, 0.568536, 0.177888, 285524.409357, 5426.674465 
42.942246, 7.696431, 4.340735, 0.038967, 0.190294, 0.503155, 0.541546, 2000000000000000.000000, 1000000000000000.000000 
56.331129, 8.222167, 4.167411, 0.089896, 0.057985, 0.760092, 0.088867, 256142.033030, 5634.346516 
56.071246, 1.779384, 4.954098, 0.088121, 0.131294, 0.185418, 0.716206, 2000000000000000.000000, 1000000000000000.000000 
58.596209, 7.264399, 0.881769, 0.067960, 0.092770, 0.460196, 0.057636, 955495.463538, 13928.873648 
52.336936, 8.359062, 3.246503, 0.094804, 0.061471, 0.675189, 0.272568, 314379.671870, 6115.932226 
57.217478, 8.997364, 3.332051, 0.093535, 0.059478, 0.846582, 0.252600, 278155.793511, 5578.916111 
53.254284, 8.145373, 4.398400, 0.081137, 0.054107, 0.670366, 0.430197, 286411.381939, 5914.693389 
44.672365, 4.335995, 2.977770, 0.098420, 0.108544, 0.852825, 0.454010, 2000000000000000.000000, 1000000000000000.000000 
54.673716, 9.819644, 3.509067, 0.076551, 0.055217, 0.662513, 0.227996, 276369.269591, 5277.758336 
57.736239, 8.282958, 4.077400, 0.087850, 0.050799, 0.767097, 0.363742, 256050.812080, 5536.258415 
58.579867, 8.820062, 4.474294, 0.056086, 0.055903, 0.589757, 0.327762, 267507.215453, 5136.233565 
35.172740, 8.248572, 1.586416, 0.035962, 0.155470, 0.469360, 0.496939, 1110033.273736, 9745.583900 
26.265377, 1.030961, 4.054815, 0.096475, 0.147326, 0.886447, 0.684167, 2000000000000000.000000, 1000000000000000.000000 
56.542491, 7.802706, 3.745787, 0.079348, 0.056584, 0.411890, 0.042283, 284669.993070, 5968.969508 
57.278107, 9.845308, 3.554256, 0.074568, 0.059461, 0.375435, 0.094697, 271294.923104, 5161.415238 
57.998142, 8.779763, 3.639199, 0.082387, 0.055462, 0.753019, 0.283435, 268974.488997, 5459.830113 
58.346636, 7.833982, 4.644737, 0.065372, 0.060516, 0.741976, 0.042721, 260081.968503, 5685.739712 
56.840229, 9.686201, 4.265172, 0.094999, 0.068186, 0.411567, 0.116182, 241927.314172, 4919.117440 
48.298558, 6.774602, 1.609505, 0.021951, 0.114683, 0.438749, 0.486598, 1141749.453113, 9577.751736 
52.554179, 8.792545, 4.338562, 0.080377, 0.063647, 0.404138, 0.258489, 285471.291744, 5557.684361 
20.778643, 0.756722, 2.881206, 0.038986, 0.161030, 0.685337, 0.890253, 2000000000000000.000000, 1000000000000000.000000 
48.936149, 6.838577, 0.738322, 0.002485, 0.138710, 0.332770, 0.511787, 4097227.807492, 16428.698545 
50.679477, 8.974206, 4.748498, 0.089784, 0.052254, 0.728892, 0.165922, 260271.324945, 5627.698252 
59.185325, 8.505615, 3.178012, 0.092422, 0.055138, 0.510156, 0.322182, 291682.936180, 5809.326089 
51.611228, 6.586338, 4.851643, 0.061737, 0.079768, 0.479663, 0.581138, 2000000000000000.000000, 1000000000000000.000000 
31.426406, 8.143685, 2.338934, 0.018805, 0.063319, 0.135294, 0.436885, 983875.009548, 9391.349595 
58.451008, 8.954897, 4.407454, 0.088320, 0.063997, 0.362567, 0.149609, 244313.569378, 5097.143932 
54.974720, 8.815215, 4.269755, 0.079058, 0.065364, 0.647666, 0.087698, 263237.608231, 5382.557288 
