85.290139, 21.143046, 17.087406, 0.235999, 0.062596, 0.808096, 1.006104, 49526.054493, 2234.776839 
79.283895, 24.347914, 12.508904, 0.223468, 0.058338, 1.435117, 0.326602, 58657.874024, 2189.283198 
26.247506, 1.730639, 1.202844, 0.016463, 0.073428, 0.156188, 0.156188, 2000000000000000.000000, 1000000000000000.000000 
56.022692, 9.025559, 4.552553, 0.090156, 0.185085, 0.900567, 0.900567, 387248.884117, 5167.934269 
128.771145, 12.886880, 16.741510, 0.179898, 0.066648, 0.847492, 0.065151, 29560.102760, 2758.186558 
72.466165, 32.603276, 13.329597, 0.121811, 0.062042, 1.302873, 1.025073, 70690.760258, 2134.583052 
73.367482, 29.810664, 13.139445, 0.097698, 0.054634, 1.627378, 1.131793, 72688.764381, 2132.276277 
103.429751, 18.949398, 16.749075, 0.208407, 0.058519, 0.965338, 0.066332, 36556.114250, 2365.846659 
79.733403, 25.081048, 12.706858, 0.222012, 0.061497, 1.495178, 0.410630, 58263.645033, 2178.643163 
55.871763, 8.988582, 4.535573, 0.089783, 0.184519, 0.896794, 0.896794, 389725.362854, 5197.521965 
96.152571, 19.601649, 16.366409, 0.259135, 0.063085, 0.687380, 0.852432, 44577.107598, 2302.320612 
82.354881, 26.545109, 12.921608, 0.225845, 0.069414, 1.487232, 0.479192, 57278.702122, 2174.317836 
94.643282, 22.232940, 16.410567, 0.254618, 0.055463, 0.667836, 0.856623, 44094.578177, 2268.766437 
38.058530, 4.624340, 2.531585, 0.045695, 0.117719, 0.451463, 0.451463, 2000000000000000.000000, 1000000000000000.000000 
91.330150, 21.248583, 15.978321, 0.238779, 0.071567, 0.736947, 0.971850, 50748.625425, 2252.813812 
123.235308, 12.608061, 16.706343, 0.183842, 0.051221, 0.886264, 0.106735, 28053.538767, 2678.916448 
97.759059, 20.317769, 16.282829, 0.256394, 0.053131, 0.719376, 0.833811, 42214.006938, 2304.169996 
31.311625, 2.971348, 1.772558, 0.028996, 0.092419, 0.282791, 0.282791, 2000000000000000.000000, 1000000000000000.000000 
74.268698, 29.376323, 13.046739, 0.126070, 0.052565, 1.683451, 1.091449, 66756.331205, 2135.967268 
85.272159, 23.895029, 12.547749, 0.230037, 0.053989, 1.458047, 0.561934, 55957.869489, 2212.369799 
45.028379, 6.331953, 3.315693, 0.062945, 0.143856, 0.625709, 0.625709, 2000000000000000.000000, 1000000000000000.000000 
92.829318, 21.603261, 15.779700, 0.234195, 0.051101, 0.715403, 1.027631, 46897.478192, 2256.824171 
58.160240, 9.549259, 4.793027, 0.095447, 0.193101, 0.954006, 0.954006, 355319.395457, 4786.378018 
43.218302, 5.888484, 3.112059, 0.058465, 0.137069, 0.580458, 0.580458, 2000000000000000.000000, 1000000000000000.000000 
100.127443, 20.334676, 16.577488, 0.257856, 0.073006, 0.739416, 0.866212, 44517.170804, 2324.387136 
66.955699, 29.624972, 13.531738, 0.094376, 0.069968, 1.438291, 1.293311, 85103.287219, 2117.332800 
46.952345, 6.803325, 3.532139, 0.067707, 0.151071, 0.673809, 0.673809, 625693.435145, 8000.530825 
43.707939, 6.008445, 3.167143, 0.059677, 0.138905, 0.592698, 0.592698, 2000000000000000.000000, 1000000000000000.000000 
117.378393, 15.944320, 16.674341, 0.197443, 0.059142, 1.038831, 0.298087, 33199.214649, 2546.435363 
97.965005, 24.610235, 16.983448, 0.246579, 0.050489, 0.826319, 0.872996, 40974.670064, 2305.634288 
135.708848, 13.055767, 18.316109, 0.173117, 0.051834, 0.303195, 0.268915, 28342.197135, 2933.814934 
87.907501, 27.535929, 13.392357, 0.106722, 0.051338, 1.771865, 0.933999, 61304.490793, 2197.578898 
41.602332, 5.492571, 2.930262, 0.054466, 0.131009, 0.540058, 0.540058, 2000000000000000.000000, 1000000000000000.000000 
46.349766, 6.655693, 3.464349, 0.066216, 0.148812, 0.658744, 0.658744, 652091.364484, 8311.760579 
108.826204, 14.030476, 15.679313, 0.195101, 0.064207, 0.883054, 0.046544, 36744.943468, 2511.888744 
50.346840, 7.634976, 3.914020, 0.076108, 0.163801, 0.758671, 0.758671, 508891.759390, 6617.697164 
95.654070, 22.676738, 16.116139, 0.260416, 0.058227, 0.676205, 0.894425, 44840.155215, 2271.649254 
77.543897, 31.923080, 13.982416, 0.123810, 0.067478, 1.686482, 1.169783, 67505.107643, 2155.263090 
94.208886, 23.326325, 16.005133, 0.237691, 0.058981, 0.743947, 1.000826, 47185.150812, 2257.611476 
92.541878, 21.815317, 16.585368, 0.252400, 0.056603, 0.785814, 0.900457, 44642.399664, 2258.407986 
29.839108, 2.610581, 1.606900, 0.025352, 0.086897, 0.245978, 0.245978, 2000000000000000.000000, 1000000000000000.000000 
122.419481, 15.118067, 16.574874, 0.195348, 0.063683, 1.093395, 0.248578, 31956.935102, 2624.968876 
28.609052, 2.309218, 1.468518, 0.022307, 0.082284, 0.215226, 0.215226, 2000000000000000.000000, 1000000000000000.000000 
84.958705, 24.524107, 12.373689, 0.221821, 0.054126, 1.391858, 0.473612, 56702.529444, 2207.242262 
122.568712, 13.768981, 16.664908, 0.177093, 0.067101, 0.898248, 0.138650, 32544.265572, 2647.478666 
73.470131, 30.100880, 13.494256, 0.108677, 0.054293, 1.707280, 1.258473, 69804.746031, 2131.062428 
83.477732, 25.753271, 12.579533, 0.227425, 0.070000, 1.466458, 0.317282, 57288.076922, 2187.560103 
105.527320, 21.339502, 16.034854, 0.196287, 0.056108, 0.740639, 0.230500, 39772.450385, 2363.304763 
95.345428, 20.275080, 16.188256, 0.245584, 0.053698, 0.733714, 0.885233, 44129.935753, 2288.020330 
87.944162, 21.221409, 16.946382, 0.241462, 0.063239, 0.815684, 0.942073, 47867.287724, 2242.198754 
74.015343, 33.436507, 13.825155, 0.115479, 0.055655, 1.343415, 1.001217, 66923.305915, 2146.966415 
89.389641, 22.732277, 16.647887, 0.235203, 0.071784, 0.745451, 0.854112, 49454.696398, 2233.711920 
83.286801, 20.862328, 16.854623, 0.255018, 0.056586, 0.540282, 0.898303, 49533.347018, 2234.060813 
117.926752, 14.853570, 16.605352, 0.188613, 0.062721, 1.011271, 0.333634, 34205.726111, 2568.812795 
101.780571, 18.784009, 16.806851, 0.213221, 0.058066, 1.003373, 0.033992, 36483.464628, 2354.388912 
93.259340, 21.481579, 16.537855, 0.250962, 0.061749, 0.697198, 0.930908, 46013.640552, 2265.110475 
29.717450, 2.580775, 1.593213, 0.025051, 0.086440, 0.242936, 0.242936, 2000000000000000.000000, 1000000000000000.000000 
93.568581, 20.746369, 15.637202, 0.233445, 0.055927, 0.592917, 0.979625, 48281.435619, 2270.072989 
85.389226, 24.038929, 12.512661, 0.219575, 0.061880, 1.438446, 0.563064, 57580.050423, 2211.759404 
99.780331, 21.043239, 16.703393, 0.256187, 0.072128, 0.634156, 0.933296, 45381.577531, 2318.273663 
98.951655, 18.451349, 16.874932, 0.263894, 0.061323, 0.742345, 0.820146, 41354.844561, 2338.781116 
71.056398, 30.385463, 13.177122, 0.126675, 0.052456, 1.551097, 1.175169, 68582.223265, 2125.368428 
88.657573, 25.404680, 12.889320, 0.229118, 0.050343, 1.615208, 0.464452, 52025.799492, 2210.560473 
41.661764, 5.507132, 2.936948, 0.054613, 0.131232, 0.541544, 0.541544, 2000000000000000.000000, 1000000000000000.000000 
100.237499, 19.433622, 16.067921, 0.235727, 0.060260, 0.716266, 0.121717, 39488.476284, 2330.909092 
99.089585, 19.333870, 16.416504, 0.259971, 0.057514, 0.653141, 0.877095, 42463.270593, 2325.335134 
121.453089, 14.323341, 17.216962, 0.190599, 0.052944, 1.018980, 0.284630, 29564.811056, 2626.044367 
93.053113, 20.859258, 16.887164, 0.237246, 0.058356, 0.551363, 1.269386, 48118.415312, 2272.031123 
54.739044, 32.449934, 13.509030, 0.127042, 0.051728, 1.044354, 1.373067, 81403.645752, 2119.826341 
120.675022, 14.936539, 16.927884, 0.191700, 0.053836, 1.108139, 0.239238, 30095.945050, 2604.842568 
40.197913, 5.148489, 2.772265, 0.050990, 0.125742, 0.504948, 0.504948, 2000000000000000.000000, 1000000000000000.000000 
92.765665, 20.818860, 16.400481, 0.254834, 0.067022, 0.686982, 0.788795, 46487.024064, 2267.485427 
21.277331, 0.512946, 0.643700, 0.004161, 0.054790, 0.031933, 0.031933, 2000000000000000.000000, 1000000000000000.000000 
118.379784, 14.996329, 17.022845, 0.198355, 0.053864, 1.122741, 0.310829, 30734.444734, 2574.032718 
82.856641, 29.171970, 13.940904, 0.121256, 0.058019, 1.674241, 1.166627, 63439.953719, 2171.240632 
53.923367, 8.511225, 4.316379, 0.084960, 0.177213, 0.848084, 0.848084, 424821.602325, 5616.599314 
91.423283, 23.131903, 16.423318, 0.235914, 0.050974, 0.684258, 0.967763, 45756.855173, 2242.535035 
94.846643, 23.333856, 17.130554, 0.240569, 0.050064, 0.772577, 0.797332, 41542.824967, 2276.960569 
22.460675, 0.802865, 0.776826, 0.007090, 0.059228, 0.061517, 0.061517, 2000000000000000.000000, 1000000000000000.000000 
111.480757, 14.897368, 19.477133, 0.142693, 0.056252, 0.738075, 0.594134, 37812.314374, 2519.340623 
102.326869, 20.101262, 16.369754, 0.261845, 0.061289, 0.657470, 0.800387, 41707.130652, 2342.974799 
22.633723, 0.845262, 0.796294, 0.007518, 0.059876, 0.065843, 0.065843, 2000000000000000.000000, 1000000000000000.000000 
31.907004, 3.117216, 1.839538, 0.030470, 0.094651, 0.297675, 0.297675, 2000000000000000.000000, 1000000000000000.000000 
56.381902, 9.113566, 4.592964, 0.091045, 0.186432, 0.909548, 0.909548, 381481.070448, 5099.017638 
73.787052, 30.665734, 13.730236, 0.113113, 0.065305, 1.566600, 1.195716, 72068.843593, 2132.636931 
74.189192, 30.631786, 13.068297, 0.127689, 0.064727, 1.587403, 1.178061, 70968.351146, 2135.786977 
34.795375, 3.824867, 2.164480, 0.037619, 0.105483, 0.369884, 0.369884, 2000000000000000.000000, 1000000000000000.000000 
120.981024, 14.631958, 16.861592, 0.182246, 0.062304, 1.080647, 0.181218, 31618.194970, 2612.766602 
125.968796, 14.130019, 15.894557, 0.197231, 0.060935, 0.960604, 0.051454, 29930.061944, 2690.630354 
123.950234, 13.196172, 16.567864, 0.173468, 0.072636, 0.743909, 0.048305, 33006.936180, 2677.065862 
54.609371, 32.931675, 13.976290, 0.126874, 0.060106, 1.199017, 1.550028, 83698.781431, 2116.176452 
80.013007, 31.791308, 13.866588, 0.113466, 0.056089, 1.589660, 1.195431, 65728.123650, 2167.041462 
39.310779, 4.931141, 2.672463, 0.048794, 0.122415, 0.482769, 0.482769, 2000000000000000.000000, 1000000000000000.000000 
86.590557, 24.256880, 12.891412, 0.223060, 0.064158, 1.517459, 0.481696, 55216.622012, 2208.932926 
97.091842, 24.019721, 16.945357, 0.230905, 0.058305, 0.787296, 0.933960, 44005.766231, 2294.608517 
81.467162, 25.159315, 12.373896, 0.231216, 0.051029, 1.536092, 0.578811, 57640.897700, 2188.332652 
52.904656, 8.261641, 4.201774, 0.082439, 0.173392, 0.822616, 0.822616, 445818.464778, 5867.038019 
34.803922, 3.826961, 2.165441, 0.037640, 0.105515, 0.370098, 0.370098, 2000000000000000.000000, 1000000000000000.000000 
90.079128, 22.425797, 16.721914, 0.245415, 0.053070, 0.787055, 0.826492, 44627.239928, 2240.323164 
46.158655, 6.608871, 3.442849, 0.065743, 0.148095, 0.653966, 0.653966, 2000000000000000.000000, 1000000000000000.000000 
87.368505, 29.018851, 13.882403, 0.119476, 0.050078, 1.760215, 1.247486, 59996.201526, 2197.575248 
66.549405, 30.688747, 13.078553, 0.140173, 0.053384, 1.679985, 1.312676, 70254.040659, 2117.022248 
75.789477, 31.117763, 13.600402, 0.108197, 0.060396, 1.518831, 1.085998, 70027.707707, 2142.032529 
49.176500, 7.348243, 3.782356, 0.073212, 0.159412, 0.729413, 0.729413, 544007.628585, 7034.445816 
94.475849, 21.526348, 15.500202, 0.247642, 0.056439, 0.638998, 0.973097, 47411.924632, 2266.725938 
83.363159, 25.090620, 12.539364, 0.249974, 0.075823, 1.418406, 0.370871, 57873.227982, 2192.936016 
73.958813, 29.734944, 13.425738, 0.120375, 0.050476, 1.711644, 1.137723, 65863.672831, 2132.761911 
39.106926, 4.881197, 2.649529, 0.048290, 0.121651, 0.477673, 0.477673, 2000000000000000.000000, 1000000000000000.000000 
72.908469, 30.282853, 13.563524, 0.103758, 0.055199, 1.586671, 1.114101, 70432.223853, 2129.180193 
124.577465, 12.270091, 17.018859, 0.183650, 0.059164, 0.808334, 0.060742, 28296.701046, 2703.784512 
38.189595, 4.656451, 2.546329, 0.046019, 0.118211, 0.454740, 0.454740, 2000000000000000.000000, 1000000000000000.000000 
120.277984, 15.738872, 17.041357, 0.188129, 0.075130, 1.032930, 0.440904, 36616.557872, 2591.157621 
76.344224, 29.283117, 13.533557, 0.119538, 0.051625, 1.622646, 1.089858, 65052.496698, 2140.811539 
35.735227, 4.055131, 2.270213, 0.039945, 0.109007, 0.393381, 0.393381, 2000000000000000.000000, 1000000000000000.000000 
38.450613, 4.720400, 2.575694, 0.046665, 0.119190, 0.461265, 0.461265, 2000000000000000.000000, 1000000000000000.000000 
43.443321, 5.943614, 3.137374, 0.059022, 0.137912, 0.586083, 0.586083, 2000000000000000.000000, 1000000000000000.000000 
28.955026, 2.393981, 1.507440, 0.023164, 0.083581, 0.223876, 0.223876, 2000000000000000.000000, 1000000000000000.000000 
44.348413, 6.165361, 3.239196, 0.061262, 0.141307, 0.608710, 0.608710, 2000000000000000.000000, 1000000000000000.000000 
32.532128, 3.270371, 1.909864, 0.032017, 0.096995, 0.313303, 0.313303, 2000000000000000.000000, 1000000000000000.000000 
95.315678, 20.620898, 15.246368, 0.245794, 0.064087, 0.706640, 1.049990, 49530.334663, 2281.536633 
97.117766, 23.373576, 15.742111, 0.246906, 0.052383, 0.680081, 0.997693, 45181.677696, 2277.724320 
45.296002, 6.397521, 3.345800, 0.063608, 0.144860, 0.632400, 0.632400, 2000000000000000.000000, 1000000000000000.000000 
27.058920, 1.929435, 1.294129, 0.018471, 0.076471, 0.176473, 0.176473, 2000000000000000.000000, 1000000000000000.000000 
42.770566, 5.778789, 3.061689, 0.057357, 0.135390, 0.569264, 0.569264, 2000000000000000.000000, 1000000000000000.000000 
95.830115, 20.632950, 16.630481, 0.256732, 0.050561, 0.702770, 0.843946, 41872.597036, 2290.052805 
101.078618, 20.581553, 16.715310, 0.261385, 0.071952, 0.713531, 0.881269, 43799.568358, 2332.144915 
75.154646, 28.367278, 13.481020, 0.120499, 0.055686, 1.630574, 1.201205, 67944.405022, 2137.877851 
75.965806, 30.588908, 13.069981, 0.123482, 0.052727, 1.453407, 1.255074, 68243.013827, 2142.353234 
