28.180747, 2.204283, 1.420334, 0.021247, 0.080678, 0.204519, 0.204519, 2000000000000000.000000, 1000000000000000.000000 
113.402428, 17.905833, 16.666733, 0.201670, 0.066949, 1.266117, 0.021423, 33500.527904, 2477.175315 
95.514193, 21.652179, 16.351954, 0.271469, 0.061848, 0.900427, 0.571328, 42049.563304, 2277.770802 
115.598628, 17.802264, 16.487054, 0.209500, 0.051899, 0.966473, 0.080108, 31899.453556, 2503.290234 
77.683901, 28.366800, 13.884628, 0.239679, 0.064670, 1.373352, 0.439138, 54845.300993, 2145.595435 
57.397193, 9.362312, 4.707184, 0.093558, 0.190239, 0.934930, 0.934930, 366083.090609, 4915.009363 
45.208783, 6.376152, 3.335988, 0.063392, 0.144533, 0.630220, 0.630220, 2000000000000000.000000, 1000000000000000.000000 
57.134314, 9.297907, 4.677610, 0.092907, 0.189254, 0.928358, 0.928358, 369947.319889, 4961.189541 
110.371451, 17.274728, 18.263415, 0.204203, 0.053505, 1.589538, 0.205069, 30104.124577, 2467.451115 
48.382526, 7.153719, 3.693034, 0.071247, 0.156434, 0.709563, 0.709563, 570660.599960, 7350.177692 
105.429517, 16.984798, 17.040463, 0.208657, 0.069832, 1.437460, 0.209646, 36108.731182, 2409.893541 
27.112765, 1.942627, 1.300186, 0.018604, 0.076673, 0.177819, 0.177819, 2000000000000000.000000, 1000000000000000.000000 
66.226016, 33.594884, 12.668676, 0.141987, 0.050789, 1.743162, 1.337743, 69759.169749, 2122.031445 
37.987849, 4.607023, 2.523633, 0.045520, 0.117454, 0.449696, 0.449696, 2000000000000000.000000, 1000000000000000.000000 
101.194684, 21.680430, 16.821942, 0.262081, 0.051667, 0.719112, 0.586426, 38416.036817, 2330.218514 
54.404886, 8.629197, 4.370550, 0.086152, 0.179018, 0.860122, 0.860122, 415570.006231, 5506.178428 
95.111864, 22.395128, 16.708116, 0.264481, 0.058756, 0.942858, 0.453637, 40601.863675, 2274.784553 
75.909180, 24.612894, 13.716442, 0.244872, 0.053758, 1.224185, 0.433829, 56060.723483, 2165.278692 
96.345682, 23.619000, 16.909814, 0.242896, 0.057626, 0.884250, 0.577121, 41241.095981, 2286.532258 
65.986475, 31.455423, 13.362557, 0.140474, 0.055472, 1.723368, 1.395660, 70288.576311, 2113.768066 
61.218658, 32.509620, 13.588030, 0.168125, 0.061426, 1.635385, 1.431312, 71435.748559, 2108.347718 
104.569823, 22.087779, 17.033450, 0.270958, 0.055474, 0.880498, 0.519878, 36579.305968, 2367.743506 
47.706548, 6.988104, 3.616987, 0.069574, 0.153900, 0.692664, 0.692664, 595445.691483, 7643.335750 
66.307818, 32.490909, 13.624229, 0.141737, 0.052515, 1.825579, 1.384081, 67470.129033, 2114.694431 
120.857182, 16.645326, 17.470842, 0.195820, 0.062507, 0.949753, 0.240745, 31799.905286, 2599.551422 
34.503138, 3.753269, 2.131603, 0.036895, 0.104387, 0.362578, 0.362578, 2000000000000000.000000, 1000000000000000.000000 
84.589817, 21.539548, 17.439422, 0.220936, 0.054992, 0.958037, 0.515439, 45149.628613, 2229.596360 
20.455658, 0.311636, 0.551262, 0.002128, 0.051709, 0.011391, 0.011391, 2000000000000000.000000, 1000000000000000.000000 
109.119609, 20.774322, 17.538295, 0.265419, 0.064079, 0.763648, 0.628225, 36534.937034, 2429.470425 
63.488914, 32.948885, 13.288074, 0.161291, 0.069223, 1.727641, 1.420768, 72949.845386, 2111.687333 
69.531722, 33.187568, 13.236703, 0.154855, 0.054038, 1.599897, 1.381511, 66788.113164, 2126.883405 
77.621862, 25.856827, 13.239349, 0.244516, 0.050407, 1.245441, 0.346342, 55431.394526, 2159.572381 
98.954091, 23.180980, 17.011608, 0.248662, 0.063382, 0.986895, 0.582135, 40547.115147, 2311.542061 
106.353861, 17.010897, 18.038448, 0.197851, 0.058406, 1.611436, 0.218486, 32625.832860, 2425.102904 
82.442994, 21.385906, 17.515057, 0.221958, 0.054038, 0.877759, 0.443478, 45906.304539, 2227.480843 
128.858837, 17.781431, 18.500526, 0.185072, 0.069505, 0.970213, 0.080266, 29628.484752, 2782.231442 
86.909142, 22.045202, 16.123192, 0.236421, 0.054256, 0.990379, 0.957210, 47939.619032, 2223.431647 
31.606976, 3.043709, 1.805785, 0.029727, 0.093526, 0.290174, 0.290174, 2000000000000000.000000, 1000000000000000.000000 
94.840434, 23.265149, 16.934830, 0.248047, 0.066980, 0.917746, 0.585831, 42900.216990, 2273.979304 
96.489705, 21.679749, 17.662684, 0.248581, 0.052228, 0.859999, 0.768568, 39502.343737, 2300.726293 
106.590117, 16.873576, 18.022842, 0.203914, 0.070114, 1.602644, 0.269742, 34210.332285, 2428.771741 
111.062355, 16.813458, 17.729699, 0.207568, 0.056777, 1.535426, 0.228821, 31131.470024, 2471.772611 
44.070378, 6.097243, 3.207917, 0.060574, 0.140264, 0.601759, 0.601759, 2000000000000000.000000, 1000000000000000.000000 
91.768409, 22.509476, 16.638768, 0.260877, 0.060602, 0.819433, 0.637883, 43719.323176, 2249.674479 
62.457681, 34.316110, 13.500205, 0.145069, 0.057626, 1.686823, 1.365166, 70847.438709, 2112.961222 
115.776812, 17.194271, 17.290117, 0.201877, 0.052280, 1.465564, 0.130471, 29767.751558, 2520.217128 
67.706509, 33.071499, 12.991471, 0.159383, 0.063501, 1.712247, 1.594009, 71493.283975, 2121.944261 
71.842451, 32.405420, 13.032189, 0.151548, 0.061771, 1.712506, 1.353164, 68462.650382, 2132.183392 
100.424606, 23.598414, 17.832798, 0.240289, 0.064601, 0.683047, 0.676899, 40943.911184, 2344.431443 
23.015690, 0.938844, 0.839265, 0.008464, 0.061309, 0.075392, 0.075392, 2000000000000000.000000, 1000000000000000.000000 
60.620632, 34.882303, 13.101899, 0.140056, 0.051141, 1.693431, 1.470185, 72203.768581, 2113.757950 
33.902171, 3.606032, 2.063994, 0.035408, 0.102133, 0.347554, 0.347554, 2000000000000000.000000, 1000000000000000.000000 
115.602504, 17.014367, 17.615422, 0.212678, 0.053707, 1.551597, 0.174964, 29115.823392, 2523.972118 
123.808633, 16.144755, 17.859363, 0.199170, 0.050080, 1.299359, 0.422769, 28087.065492, 2658.518405 
30.188344, 2.696144, 1.646189, 0.026216, 0.088206, 0.254709, 0.254709, 2000000000000000.000000, 1000000000000000.000000 
88.545390, 21.983729, 16.446775, 0.279735, 0.061589, 0.820537, 0.492649, 44291.296545, 2233.313357 
75.048904, 24.222359, 13.590296, 0.246509, 0.054651, 1.249891, 0.533587, 57563.953293, 2171.106916 
59.637831, 9.911269, 4.959256, 0.099104, 0.198642, 0.990946, 0.990946, 336220.308079, 4558.194945 
42.852757, 5.798925, 3.070935, 0.057561, 0.135698, 0.571319, 0.571319, 2000000000000000.000000, 1000000000000000.000000 
42.804941, 5.787211, 3.065556, 0.057442, 0.135519, 0.570124, 0.570124, 2000000000000000.000000, 1000000000000000.000000 
40.191784, 5.146987, 2.771576, 0.050975, 0.125719, 0.504795, 0.504795, 2000000000000000.000000, 1000000000000000.000000 
38.609809, 4.759403, 2.593604, 0.047059, 0.119787, 0.465245, 0.465245, 2000000000000000.000000, 1000000000000000.000000 
65.478015, 35.636762, 13.267001, 0.144748, 0.059701, 1.773055, 1.384743, 69977.459204, 2127.597442 
33.803131, 3.581767, 2.052852, 0.035163, 0.101762, 0.345078, 0.345078, 2000000000000000.000000, 1000000000000000.000000 
95.467524, 22.215813, 16.446734, 0.275035, 0.066626, 0.751006, 0.625814, 43249.630204, 2275.324678 
25.816420, 1.625023, 1.154347, 0.015396, 0.071812, 0.145410, 0.145410, 2000000000000000.000000, 1000000000000000.000000 
99.164737, 23.812460, 17.053034, 0.266374, 0.056716, 0.910871, 0.649786, 39395.471500, 2315.766324 
113.009995, 16.130646, 17.712170, 0.194414, 0.052925, 1.418322, 0.247920, 30604.724899, 2500.674924 
80.751953, 26.103001, 12.919424, 0.257169, 0.059866, 1.274729, 0.402731, 55915.343345, 2170.628513 
23.228552, 0.990995, 0.863212, 0.008991, 0.062107, 0.080714, 0.080714, 2000000000000000.000000, 1000000000000000.000000 
71.659761, 23.115328, 13.858943, 0.245501, 0.054082, 1.225653, 0.454373, 59330.336516, 2193.573211 
48.853683, 7.269152, 3.746039, 0.072413, 0.158201, 0.721342, 0.721342, 554544.812569, 7159.329695 
56.276615, 33.869853, 13.585512, 0.131368, 0.055399, 1.933003, 1.435343, 75540.250586, 2110.372362 
104.097128, 22.663486, 16.787185, 0.262328, 0.064140, 0.824555, 0.490831, 38879.928087, 2358.747433 
107.905298, 18.263433, 17.984045, 0.204945, 0.056947, 1.569041, 0.206772, 32128.701866, 2429.210350 
83.980224, 23.504251, 15.522290, 0.242515, 0.071828, 0.757796, 0.855566, 53797.842269, 2194.550147 
109.023023, 16.326983, 16.816955, 0.204198, 0.055527, 1.517439, 0.344688, 33886.192093, 2450.791969 
69.062660, 33.317978, 13.167864, 0.152119, 0.056505, 1.621332, 1.495759, 68776.180167, 2126.115673 
97.969971, 21.521483, 17.010073, 0.265809, 0.055455, 0.851470, 0.616118, 39386.962185, 2304.519043 
21.924702, 0.671552, 0.716529, 0.005764, 0.057218, 0.048118, 0.048118, 2000000000000000.000000, 1000000000000000.000000 
64.637651, 32.527144, 13.143943, 0.128558, 0.069705, 1.861190, 1.333730, 76166.466319, 2113.503932 
51.201305, 7.844320, 4.010147, 0.078223, 0.167005, 0.780033, 0.780033, 485947.609598, 6344.935738 
47.665156, 6.977963, 3.612330, 0.069471, 0.153744, 0.691629, 0.691629, 597031.674280, 7662.079777 
101.764726, 21.621818, 16.815644, 0.252380, 0.052154, 0.772612, 0.769183, 39394.190990, 2335.666048 
111.848117, 17.417816, 18.037167, 0.205330, 0.058954, 1.668645, 0.380005, 31601.062004, 2480.445955 
31.922122, 3.120920, 1.841239, 0.030507, 0.094708, 0.298053, 0.298053, 2000000000000000.000000, 1000000000000000.000000 
114.160559, 16.743720, 17.606548, 0.213259, 0.061895, 1.413024, 0.143249, 30572.641923, 2507.280664 
98.747239, 21.957049, 17.158760, 0.254285, 0.078036, 0.724464, 0.831087, 45034.269312, 2312.130922 
86.152454, 21.250818, 16.731083, 0.279937, 0.062050, 0.626749, 0.637793, 46345.838505, 2233.723368 
95.439616, 23.785004, 17.058295, 0.258425, 0.064677, 0.963352, 0.720193, 42340.570286, 2281.254557 
103.110520, 21.599756, 17.144897, 0.265773, 0.051318, 0.719194, 0.816822, 38096.789647, 2354.222720 
30.580696, 2.792270, 1.690328, 0.027187, 0.089678, 0.264517, 0.264517, 2000000000000000.000000, 1000000000000000.000000 
99.917027, 22.294659, 16.627869, 0.273364, 0.052026, 0.908273, 0.606975, 38645.153697, 2314.509852 
107.878870, 16.951611, 17.677592, 0.207556, 0.059348, 1.545489, 0.188987, 32399.369294, 2436.663260 
89.925439, 22.624346, 16.082026, 0.235808, 0.068832, 0.896003, 0.797505, 48814.253484, 2233.076671 
92.417047, 23.410458, 17.496542, 0.230263, 0.056542, 0.703099, 0.671766, 42972.183347, 2262.997801 
127.877513, 17.911489, 18.068435, 0.178379, 0.056137, 1.122079, 0.154479, 28577.236901, 2744.596627 
21.304820, 0.519681, 0.646792, 0.004229, 0.054893, 0.032620, 0.032620, 2000000000000000.000000, 1000000000000000.000000 
116.072259, 17.413445, 17.051403, 0.219579, 0.064601, 1.091897, 0.123536, 31955.928015, 2519.270819 
58.344830, 9.594483, 4.813793, 0.095903, 0.193793, 0.958621, 0.958621, 352812.127548, 4756.416858 
64.111200, 31.755336, 13.436701, 0.153861, 0.063339, 1.671438, 1.357735, 71713.261313, 2111.016341 
63.821681, 33.695922, 13.229863, 0.137264, 0.065941, 1.884411, 1.402084, 73916.061618, 2114.152517 
71.506235, 33.170919, 12.321661, 0.147864, 0.050098, 1.683515, 1.311264, 68001.832966, 2138.286586 
37.102446, 4.390099, 2.424025, 0.043329, 0.114134, 0.427561, 0.427561, 2000000000000000.000000, 1000000000000000.000000 
33.799524, 3.580883, 2.052446, 0.035154, 0.101748, 0.344988, 0.344988, 2000000000000000.000000, 1000000000000000.000000 
87.274708, 22.640347, 16.343940, 0.247019, 0.071585, 0.815465, 0.837217, 49886.468557, 2220.558827 
87.948565, 22.035994, 17.713621, 0.211451, 0.052168, 0.625858, 0.623496, 44490.935251, 2241.109738 
107.342080, 16.375716, 17.271024, 0.214835, 0.057584, 1.407811, 0.117563, 32485.587587, 2436.889036 
127.884841, 15.938391, 17.606580, 0.190102, 0.057281, 1.203594, 0.180864, 27779.132131, 2729.142474 
60.801837, 33.791635, 12.945030, 0.138585, 0.058117, 1.865722, 1.367675, 73997.888955, 2112.345870 
87.206537, 21.546981, 16.073010, 0.243303, 0.061420, 0.868300, 0.823589, 48703.090511, 2230.510094 
61.860457, 33.254357, 13.204111, 0.157325, 0.069817, 1.837998, 1.448307, 74382.255092, 2110.770876 
43.786490, 6.027690, 3.175980, 0.059872, 0.139199, 0.594662, 0.594662, 2000000000000000.000000, 1000000000000000.000000 
64.052955, 35.590821, 13.160953, 0.149266, 0.058665, 1.679010, 1.370581, 70509.206846, 2123.418011 
47.146759, 6.850956, 3.554010, 0.068188, 0.151800, 0.678669, 0.678669, 617614.217129, 7905.184864 
27.858722, 2.125387, 1.384106, 0.020450, 0.079470, 0.196468, 0.196468, 2000000000000000.000000, 1000000000000000.000000 
55.988597, 34.899476, 13.132241, 0.143947, 0.056134, 1.649912, 1.351198, 75749.835938, 2112.830432 
122.322324, 17.956997, 17.514757, 0.197553, 0.061106, 1.187117, 0.266263, 31073.119042, 2621.067410 
28.395805, 2.256972, 1.444528, 0.021780, 0.081484, 0.209895, 0.209895, 2000000000000000.000000, 1000000000000000.000000 
45.743464, 6.507149, 3.396140, 0.064715, 0.146538, 0.643587, 0.643587, 2000000000000000.000000, 1000000000000000.000000 
109.663343, 17.916843, 17.265494, 0.209650, 0.057669, 1.453253, 0.015835, 31738.254349, 2441.034450 
78.881945, 26.128634, 12.866198, 0.249613, 0.054005, 1.262833, 0.524103, 57013.542384, 2164.909658 
104.583098, 17.665232, 16.976968, 0.209029, 0.059387, 1.415286, 0.134737, 34926.398484, 2392.486706 
71.415272, 23.877469, 13.370265, 0.246931, 0.052816, 1.297491, 0.439159, 60101.609771, 2181.390582 
112.377470, 16.639518, 17.656290, 0.204712, 0.050106, 1.378044, 0.162004, 29893.766824, 2487.487066 
59.124699, 9.785551, 4.901529, 0.097834, 0.196718, 0.978117, 0.978117, 342608.602547, 4634.503613 
67.517397, 33.058583, 12.809175, 0.139311, 0.060439, 1.821207, 1.300270, 71298.984668, 2122.487467 
79.736460, 26.447565, 12.844390, 0.255308, 0.060063, 1.259650, 0.477414, 57024.359339, 2165.751789 
