26.026643, 1.676527, 1.177997, 0.015916, 0.072600, 0.150666, 0.150666, 2000000000000000.000000, 1000000000000000.000000 
64.114809, 12.751543, 6.740258, 0.026038, 0.056757, 1.237114, 1.027944, 248319.211383, 3444.376217 
63.076431, 12.873381, 5.288005, 0.108799, 0.063394, 1.085515, 0.807320, 177803.547899, 3702.100584 
64.048668, 13.568574, 5.842312, 0.014808, 0.052543, 1.308772, 1.171341, 336589.877089, 3457.078148 
23.786016, 1.127574, 0.925927, 0.010370, 0.064198, 0.094650, 0.094650, 2000000000000000.000000, 1000000000000000.000000 
61.871010, 12.394429, 5.475684, 0.024507, 0.060234, 0.847550, 1.130429, 324738.049965, 3760.753581 
78.150217, 12.392431, 4.890951, 0.112300, 0.052824, 0.708998, 1.064138, 170430.369885, 3769.092173 
66.792070, 9.231818, 6.240989, 0.089051, 0.066637, 1.165486, 0.801730, 187981.248115, 4349.406766 
68.225953, 14.154559, 6.685629, 0.017313, 0.051548, 1.353501, 1.090319, 267032.666757, 3176.823973 
24.189291, 1.226376, 0.971295, 0.011369, 0.065710, 0.104732, 0.104732, 2000000000000000.000000, 1000000000000000.000000 
30.186852, 2.695779, 1.646021, 0.026212, 0.088201, 0.254671, 0.254671, 2000000000000000.000000, 1000000000000000.000000 
35.079828, 3.894558, 2.196481, 0.038323, 0.106549, 0.376996, 0.376996, 2000000000000000.000000, 1000000000000000.000000 
50.695383, 7.720369, 3.953231, 0.076971, 0.165108, 0.767385, 0.767385, 499279.677741, 6503.472039 
63.461152, 10.263341, 5.701211, 0.093464, 0.055475, 1.016134, 0.793019, 186440.908924, 4179.633575 
72.812078, 11.983809, 5.432936, 0.107758, 0.052928, 0.974806, 0.923639, 160329.894422, 3684.233795 
22.361176, 0.778488, 0.765632, 0.006844, 0.058854, 0.059029, 0.059029, 2000000000000000.000000, 1000000000000000.000000 
64.071215, 10.690270, 6.124627, 0.098338, 0.050143, 0.992145, 0.731329, 167891.891187, 3980.269772 
75.958183, 9.958365, 6.151162, 0.127790, 0.060799, 0.823524, 0.868471, 149204.518900, 3880.734278 
62.610252, 13.138194, 5.327259, 0.095167, 0.058801, 1.029172, 0.881727, 181057.003128, 3658.924225 
48.050375, 7.072342, 3.655667, 0.070425, 0.155189, 0.701259, 0.701259, 582582.356629, 7491.241568 
68.711589, 10.622117, 5.564839, 0.076512, 0.052313, 1.092209, 0.756013, 178634.333054, 3969.226588 
68.743608, 9.730673, 6.443368, 0.091466, 0.052386, 1.088622, 0.815696, 163866.173650, 4077.183974 
61.050669, 14.228072, 6.681938, 0.007178, 0.058995, 1.195726, 1.119560, 492078.898685, 3282.254533 
68.871055, 11.539976, 5.273168, 0.018353, 0.082357, 0.830208, 0.881522, 410802.980696, 3846.393658 
59.475546, 13.342202, 6.554920, 0.035621, 0.071311, 1.114391, 0.641827, 230270.142903, 3477.500390 
67.165253, 11.953490, 5.202596, 0.108535, 0.053012, 0.978215, 0.908748, 173441.378346, 3815.192077 
54.679145, 13.604393, 6.063042, 0.004306, 0.063195, 1.463889, 0.925191, 652768.363434, 3634.334678 
55.805508, 13.515834, 5.471698, 0.087118, 0.056648, 1.072218, 1.030440, 194926.139149, 3709.172309 
64.008819, 14.171779, 4.847862, 0.105494, 0.058321, 0.696837, 0.918443, 187281.463720, 3648.679919 
63.116903, 9.106638, 5.887071, 0.132839, 0.056599, 1.147936, 1.072064, 186595.213762, 4605.298156 
68.253746, 12.378144, 5.271930, 0.002856, 0.065910, 0.832210, 1.022930, 861442.394715, 3712.537390 
63.001092, 12.327164, 5.324313, 0.117586, 0.053802, 0.790422, 0.851520, 175136.730674, 3785.272546 
42.208348, 5.641045, 2.998439, 0.055966, 0.133281, 0.555209, 0.555209, 2000000000000000.000000, 1000000000000000.000000 
67.524328, 13.127348, 5.588218, 0.023665, 0.055670, 0.809726, 1.127176, 295703.600705, 3529.054181 
64.139419, 13.851937, 5.475484, 0.013690, 0.051615, 1.453209, 1.126774, 344467.789191, 3500.899847 
28.475233, 2.276432, 1.453464, 0.021976, 0.081782, 0.211881, 0.211881, 2000000000000000.000000, 1000000000000000.000000 
62.768281, 12.853505, 5.044574, 0.024017, 0.065064, 0.866821, 1.141985, 346931.903699, 3776.959699 
71.158259, 11.938070, 5.219857, 0.044064, 0.064658, 0.841883, 1.223231, 253792.222172, 3766.431408 
65.191159, 10.890810, 6.225210, 0.128435, 0.052639, 0.861881, 0.800438, 157757.742328, 3878.915913 
61.274664, 13.601572, 6.392892, 0.026972, 0.057411, 1.098249, 0.794334, 241263.226998, 3409.165660 
69.805244, 11.708627, 5.651384, 0.026945, 0.065315, 0.769653, 0.944561, 295214.845373, 3709.263878 
70.432202, 11.356476, 5.996506, 0.103350, 0.054196, 0.488143, 0.970266, 165386.971601, 3693.866885 
56.849390, 11.514995, 5.962605, 0.106478, 0.051732, 0.937638, 0.739819, 183254.042852, 4045.613354 
61.080897, 13.363940, 7.097434, 0.040563, 0.064624, 1.278470, 1.025057, 212678.646622, 3377.674881 
64.131783, 15.512778, 6.874788, 0.021361, 0.057485, 1.321446, 1.087696, 249302.124954, 3048.923404 
65.723785, 12.463180, 6.511768, 0.003386, 0.075305, 1.233222, 1.118457, 790169.312524, 3489.415496 
45.927689, 6.552284, 3.416865, 0.065171, 0.147229, 0.648192, 0.648192, 2000000000000000.000000, 1000000000000000.000000 
25.099304, 1.449329, 1.073672, 0.013621, 0.069122, 0.127483, 0.127483, 2000000000000000.000000, 1000000000000000.000000 
60.785494, 13.552302, 5.978195, 0.106766, 0.073136, 0.952883, 0.797892, 173471.380077, 3491.578353 
29.409352, 2.505291, 1.558552, 0.024288, 0.085285, 0.235234, 0.235234, 2000000000000000.000000, 1000000000000000.000000 
63.001720, 13.499275, 5.676669, 0.017842, 0.064381, 1.431440, 1.246452, 348578.643352, 3517.844884 
63.163109, 12.856431, 5.312239, 0.104747, 0.070021, 1.032534, 0.765885, 182465.705506, 3697.151638 
70.534460, 10.821270, 5.905213, 0.122599, 0.064097, 0.847665, 0.813291, 160936.116429, 3820.593447 
59.406161, 13.618664, 6.031065, 0.101516, 0.052334, 0.909495, 0.845534, 165663.091050, 3502.421528 
73.904826, 12.358584, 4.702781, 0.112531, 0.059349, 0.662801, 0.942872, 183742.506783, 3859.682043 
31.655417, 3.055577, 1.811234, 0.029847, 0.093708, 0.291385, 0.291385, 2000000000000000.000000, 1000000000000000.000000 
54.467065, 13.110868, 5.858891, 0.102694, 0.052844, 1.154817, 0.873168, 181208.081873, 3764.543950 
55.605471, 12.899608, 5.464458, 0.017498, 0.052039, 1.301146, 0.945847, 332264.973961, 3829.020035 
73.334817, 10.199306, 6.114672, 0.118756, 0.056724, 0.806713, 0.913677, 154406.483297, 3874.649738 
66.609572, 8.625931, 6.141945, 0.141315, 0.050964, 1.017383, 0.932784, 169806.417961, 4627.339041 
71.346482, 14.049090, 7.069645, 0.025900, 0.058900, 1.288729, 1.114795, 225893.640400, 3099.913975 
62.420625, 12.497074, 5.856572, 0.027491, 0.071213, 1.293072, 1.043882, 293626.335045, 3655.351022 
47.480837, 6.932805, 3.591594, 0.069015, 0.153053, 0.687021, 0.687021, 604195.086507, 7746.721327 
68.378146, 16.131200, 7.409076, 0.018682, 0.059274, 1.256704, 1.061230, 250057.105660, 2875.324110 
59.115471, 12.988478, 5.720748, 0.017264, 0.060319, 1.262792, 1.133299, 357448.207601, 3668.256650 
32.428252, 3.244922, 1.898178, 0.031760, 0.096606, 0.310706, 0.310706, 2000000000000000.000000, 1000000000000000.000000 
61.921962, 13.994962, 6.192788, 0.006610, 0.055818, 1.201933, 0.893691, 474935.494920, 3368.438667 
64.812691, 14.254089, 6.341423, 0.019081, 0.070321, 1.297774, 0.974135, 304425.786194, 3263.432999 
62.904591, 13.024927, 4.963379, 0.026463, 0.050021, 1.303498, 1.000036, 269457.977249, 3773.443518 
63.702984, 12.702977, 6.563322, 0.019317, 0.054783, 1.109189, 0.781699, 273012.280041, 3483.711757 
39.037434, 4.864171, 2.641711, 0.048118, 0.121390, 0.475936, 0.475936, 2000000000000000.000000, 1000000000000000.000000 
77.191610, 11.530439, 5.011327, 0.107668, 0.060611, 0.731190, 0.996489, 176600.730058, 3854.670063 
62.563725, 13.289531, 5.985252, 0.036152, 0.060239, 1.271607, 0.637266, 212887.239428, 3495.922463 
57.756168, 12.577924, 5.683760, 0.094803, 0.068705, 1.135852, 0.937969, 194709.265240, 3789.724275 
49.867490, 7.517535, 3.860093, 0.074922, 0.162003, 0.746687, 0.746687, 522721.705663, 6781.931998 
74.965199, 12.267441, 4.566265, 0.136667, 0.058355, 0.865193, 1.005584, 177232.189723, 3923.174838 
59.852266, 13.183929, 6.621561, 0.008097, 0.061818, 1.196495, 1.049406, 491349.819671, 3488.700076 
68.523848, 14.228349, 5.906971, 0.023249, 0.052221, 1.377861, 0.978872, 240940.957799, 3308.465119 
63.236290, 12.893439, 6.657274, 0.022168, 0.063131, 1.123244, 0.715175, 265422.267009, 3449.176315 
75.429042, 11.765069, 5.006396, 0.113473, 0.052245, 0.695771, 1.040425, 170940.015438, 3828.682711 
62.582124, 13.391014, 5.884170, 0.098475, 0.065101, 0.983612, 0.959299, 174040.079751, 3498.677129 
62.460740, 12.169184, 5.858309, 0.106165, 0.065682, 1.066246, 0.787508, 173702.014220, 3716.387116 
64.738338, 9.502754, 5.826878, 0.133527, 0.056165, 1.037480, 1.054083, 178515.149764, 4370.873530 
68.237329, 13.990726, 5.460707, 0.018751, 0.057702, 1.474535, 1.047802, 296343.536929, 3445.572404 
53.385189, 8.379371, 4.255834, 0.083628, 0.175194, 0.834630, 0.834630, 435661.931613, 5745.927046 
63.691234, 13.452899, 6.534431, 0.035944, 0.050299, 1.192137, 0.651243, 189713.178862, 3362.886111 
70.383896, 14.802619, 7.163783, 0.014787, 0.056801, 1.264556, 1.071023, 287619.941173, 3013.786745 
71.597167, 11.962041, 5.565837, 0.017402, 0.069260, 0.792584, 1.014345, 382275.734585, 3664.946848 
66.896636, 14.518559, 6.424600, 0.005594, 0.057149, 1.162848, 0.877589, 486879.643476, 3191.818330 
62.340874, 12.814305, 5.826820, 0.027989, 0.066319, 0.852353, 1.073373, 299130.453987, 3606.436587 
66.251548, 12.539589, 6.338668, 0.090134, 0.060445, 0.992141, 0.946576, 164184.747251, 3490.889776 
49.184906, 7.350302, 3.783302, 0.073233, 0.159443, 0.729623, 0.729623, 543738.508808, 7031.255131 
58.984535, 12.345749, 6.218231, 0.089020, 0.063720, 1.154824, 1.061227, 186948.264404, 3727.976866 
65.830118, 12.062187, 5.760122, 0.014014, 0.066032, 1.429567, 1.068037, 391195.802417, 3684.829949 
48.945871, 7.291738, 3.756411, 0.072641, 0.158547, 0.723647, 0.723647, 551495.157669, 7123.193822 
63.152336, 13.381501, 6.282565, 0.013081, 0.069080, 1.246681, 0.978682, 386910.550328, 3421.071478 
61.739867, 12.916156, 6.639493, 0.017398, 0.062383, 1.341383, 0.984991, 316849.908953, 3484.411875 
45.957591, 6.559610, 3.420229, 0.065245, 0.147341, 0.648940, 0.648940, 2000000000000000.000000, 1000000000000000.000000 
64.180296, 13.228838, 6.523091, 0.014132, 0.058185, 1.278901, 1.056711, 340300.293048, 3389.846228 
62.946147, 11.376018, 5.825434, 0.012658, 0.050977, 1.450184, 1.086838, 380259.254539, 3879.762983 
59.818030, 9.955417, 4.979528, 0.099550, 0.199318, 0.995451, 0.995451, 334034.962651, 4532.095640 
40.586445, 5.243679, 2.815975, 0.051951, 0.127199, 0.514661, 0.514661, 2000000000000000.000000, 1000000000000000.000000 
59.674728, 12.868450, 5.729693, 0.036327, 0.062196, 1.235292, 0.776071, 237988.114029, 3674.365691 
66.561187, 14.522436, 5.939851, 0.016420, 0.068619, 1.462745, 1.198280, 342796.464500, 3287.172028 
61.302120, 13.012858, 6.872717, 0.016826, 0.054864, 1.186570, 1.106284, 315474.857253, 3455.206001 
63.783547, 7.660108, 5.699605, 0.139358, 0.054314, 1.087866, 0.907821, 201156.448853, 5388.492377 
58.576234, 13.992067, 6.820127, 0.015291, 0.074081, 1.340937, 0.988841, 362237.639110, 3363.875445 
44.481219, 6.197899, 3.254137, 0.061591, 0.141805, 0.612030, 0.612030, 2000000000000000.000000, 1000000000000000.000000 
61.935263, 13.571699, 4.515888, 0.033368, 0.067473, 1.152048, 0.960422, 294151.107532, 3867.852184 
63.874213, 11.558658, 6.238785, 0.016689, 0.054528, 1.449496, 1.052411, 323288.517752, 3752.898754 
60.536619, 13.976155, 6.504231, 0.005804, 0.061714, 1.233137, 1.068006, 557722.439164, 3352.889504 
61.080042, 13.977749, 5.603802, 0.115055, 0.060561, 1.084010, 0.837371, 167057.521683, 3498.538427 
57.136514, 13.350885, 5.748090, 0.013619, 0.063233, 1.502803, 1.047603, 391253.679137, 3650.791631 
60.059228, 12.541406, 6.441648, 0.094820, 0.056064, 0.994644, 0.985985, 171448.499495, 3627.461728 
59.581979, 11.927526, 5.926725, 0.112899, 0.058483, 1.137545, 0.794849, 173696.596028, 3837.771968 
53.177455, 14.126133, 6.231817, 0.006267, 0.059272, 1.462527, 0.980223, 539257.560190, 3572.139419 
55.762953, 13.357519, 6.009512, 0.016501, 0.055133, 1.462514, 0.948377, 324671.892806, 3651.448421 
69.117067, 9.376862, 5.650925, 0.113468, 0.052149, 0.817012, 0.792171, 172123.709864, 4287.342115 
68.705806, 11.111975, 4.635055, 0.135417, 0.059317, 0.792311, 1.014277, 189474.753652, 4131.653727 
59.617390, 11.629539, 5.351921, 0.120259, 0.058898, 1.038691, 0.706658, 182876.714103, 3999.125477 
62.460143, 12.643516, 5.339322, 0.109361, 0.055469, 0.805304, 0.840293, 177592.123729, 3737.054820 
65.352553, 10.002186, 6.015276, 0.128890, 0.058356, 1.202962, 0.954948, 168967.726457, 4154.435297 
57.353444, 14.469751, 6.144687, 0.007615, 0.062803, 1.401659, 0.999235, 485238.290446, 3403.672520 
43.891252, 6.053357, 3.187766, 0.060131, 0.139592, 0.597281, 0.597281, 2000000000000000.000000, 1000000000000000.000000 
55.632242, 13.055303, 5.805859, 0.019347, 0.062132, 1.251382, 1.092859, 349581.131210, 3742.181877 
60.490087, 12.155132, 5.456976, 0.116714, 0.057388, 1.058221, 0.782221, 176859.563475, 3841.950825 
63.113838, 13.029881, 6.330353, 0.099827, 0.059518, 0.997301, 0.934862, 162590.454250, 3471.150679 
55.290520, 13.256007, 5.930210, 0.105352, 0.052848, 1.167566, 0.958834, 177322.918635, 3697.069103 
