26.616504, 1.821043, 1.244357, 0.017376, 0.074812, 0.165413, 0.165413, 2000000000000000.000000, 1000000000000000.000000 
110.173339, 16.790924, 17.241111, 0.222301, 0.066959, 1.311030, 0.230644, 33549.806560, 2457.671095 
87.413324, 22.011382, 18.174969, 0.212158, 0.055002, 0.707012, 0.675957, 44492.755891, 2243.944589 
90.468371, 23.716873, 16.322302, 0.232835, 0.052886, 0.829095, 0.820025, 45601.051894, 2233.261707 
32.304445, 3.214589, 1.884250, 0.031454, 0.096142, 0.307611, 0.307611, 2000000000000000.000000, 1000000000000000.000000 
55.000251, 8.775061, 4.437528, 0.087626, 0.181251, 0.875006, 0.875006, 404675.205130, 5376.095343 
65.594210, 28.074620, 13.203142, 0.136414, 0.057963, 1.637359, 1.075746, 72109.145633, 2129.591471 
91.159966, 22.282936, 16.636004, 0.254459, 0.057940, 1.007579, 1.376257, 46826.528911, 2247.025965 
62.718599, 33.171927, 12.859834, 0.141567, 0.060500, 1.757134, 1.432164, 74572.711419, 2113.788006 
90.616742, 20.713009, 17.375092, 0.209849, 0.053293, 0.781592, 0.556109, 43316.041156, 2263.958632 
114.870466, 17.176459, 16.971104, 0.198561, 0.057892, 1.117666, 0.116777, 32157.511717, 2504.612654 
57.169015, 30.914388, 14.384079, 0.135353, 0.070185, 1.532883, 1.621221, 82537.132167, 2119.545694 
91.171948, 23.569554, 18.522159, 0.204170, 0.069958, 0.782300, 0.660018, 45409.787626, 2270.891917 
95.467509, 23.480004, 17.606570, 0.254767, 0.054483, 0.901862, 0.674301, 39727.480277, 2290.531583 
117.401792, 16.664446, 17.842358, 0.202289, 0.062074, 1.248462, 0.251118, 30872.331884, 2554.562252 
20.434174, 0.306373, 0.548845, 0.002075, 0.051628, 0.010854, 0.010854, 2000000000000000.000000, 1000000000000000.000000 
89.037306, 21.211312, 17.447091, 0.217787, 0.059635, 0.658087, 0.643314, 45701.229504, 2251.292709 
103.041557, 22.549041, 18.192496, 0.272744, 0.053907, 0.673278, 0.613353, 35853.902693, 2377.084307 
111.507435, 16.301794, 17.963779, 0.196998, 0.062562, 1.541773, 0.395697, 32747.378817, 2484.655088 
24.147178, 1.216058, 0.966557, 0.011264, 0.065552, 0.103679, 0.103679, 2000000000000000.000000, 1000000000000000.000000 
113.014880, 17.566857, 16.810871, 0.199310, 0.050648, 1.162106, 0.097855, 31857.282211, 2476.957716 
87.381632, 21.591896, 16.782297, 0.261066, 0.052317, 0.805208, 1.120556, 46347.240349, 2234.283512 
54.115240, 8.558234, 4.337965, 0.085435, 0.177932, 0.852881, 0.852881, 421086.049682, 5572.019363 
113.745649, 18.192300, 16.891563, 0.199242, 0.066767, 1.171758, 0.146459, 34360.097917, 2482.064495 
68.719422, 32.640183, 12.754179, 0.150777, 0.069951, 1.952092, 1.431846, 72588.304192, 2124.811559 
112.620080, 17.764867, 17.239823, 0.222663, 0.056506, 1.037307, 0.169407, 31968.546152, 2475.739417 
105.965642, 17.497022, 17.082604, 0.222129, 0.081708, 1.366490, 0.235490, 37289.403453, 2407.297030 
106.401386, 17.077954, 17.252857, 0.228885, 0.071921, 1.328515, 0.201792, 35032.581085, 2417.951116 
79.833025, 26.976095, 13.738859, 0.250730, 0.062683, 1.318093, 0.450958, 54156.947477, 2157.177324 
41.798238, 5.540568, 2.952302, 0.054951, 0.131743, 0.544956, 0.544956, 2000000000000000.000000, 1000000000000000.000000 
64.868362, 28.826301, 12.997973, 0.125310, 0.064172, 1.706317, 0.986579, 75003.855714, 2125.764639 
88.450466, 23.066200, 16.359203, 0.246056, 0.061097, 0.807041, 0.855005, 47582.355074, 2223.883453 
88.054471, 21.976316, 16.514114, 0.263756, 0.053751, 0.852900, 1.125910, 46577.102281, 2231.439962 
65.954573, 28.551285, 13.206260, 0.112315, 0.061928, 1.705035, 1.034071, 75550.125637, 2125.312006 
30.574321, 2.790709, 1.689611, 0.027171, 0.089654, 0.264358, 0.264358, 2000000000000000.000000, 1000000000000000.000000 
69.179049, 31.346443, 12.937381, 0.156800, 0.064127, 1.631019, 1.511648, 71759.733346, 2122.523756 
70.180487, 30.958274, 12.922167, 0.152434, 0.061264, 1.704158, 1.336108, 69656.586413, 2124.871368 
58.170760, 30.421595, 13.875139, 0.131659, 0.051501, 1.504916, 1.499452, 76574.409791, 2120.661608 
86.612034, 20.726652, 17.579847, 0.217733, 0.066878, 0.866601, 0.558778, 46677.891932, 2248.644999 
76.565866, 25.411761, 13.140166, 0.258998, 0.057955, 1.365204, 0.483817, 57326.508135, 2162.332585 
94.269783, 22.951051, 16.326223, 0.266675, 0.060526, 0.940243, 0.665260, 42994.345634, 2262.385877 
87.563326, 23.330864, 16.136082, 0.244359, 0.063744, 0.787771, 0.971520, 49754.067310, 2215.741779 
43.251690, 5.896664, 3.115815, 0.058548, 0.137194, 0.581292, 0.581292, 2000000000000000.000000, 1000000000000000.000000 
91.126742, 21.406595, 17.925270, 0.224219, 0.051565, 0.701928, 0.687564, 42098.667628, 2266.319162 
54.498639, 8.652167, 4.381097, 0.086384, 0.179370, 0.862466, 0.862466, 413815.469343, 5485.232816 
65.728912, 32.071911, 12.450649, 0.140999, 0.055215, 1.745963, 1.296872, 72428.318807, 2120.792777 
42.333553, 5.671721, 3.012525, 0.056276, 0.133751, 0.558339, 0.558339, 2000000000000000.000000, 1000000000000000.000000 
20.245671, 0.260189, 0.527638, 0.001608, 0.050921, 0.006142, 0.006142, 2000000000000000.000000, 1000000000000000.000000 
87.851913, 22.576059, 16.140415, 0.234767, 0.053601, 0.857338, 0.823389, 47118.439791, 2222.666812 
62.966756, 31.036774, 12.826236, 0.134239, 0.057542, 1.564260, 1.281960, 75386.565074, 2116.351097 
91.888373, 21.469921, 17.183113, 0.217139, 0.066197, 0.746666, 0.629135, 45782.614424, 2262.318378 
129.045721, 16.512497, 17.931565, 0.184838, 0.059085, 1.064962, 0.097522, 27717.014100, 2761.823784 
114.142147, 17.848797, 17.864725, 0.196410, 0.057118, 1.278455, 0.350195, 32251.070065, 2504.586381 
118.495837, 16.215879, 17.314271, 0.211252, 0.063293, 1.275505, 0.221973, 30710.973779, 2564.921807 
40.511181, 5.225239, 2.807508, 0.051765, 0.126917, 0.512780, 0.512780, 2000000000000000.000000, 1000000000000000.000000 
112.817871, 18.341495, 16.857579, 0.196244, 0.060499, 1.131934, 0.129230, 33941.500940, 2469.247850 
22.783065, 0.881851, 0.813095, 0.007888, 0.060436, 0.069577, 0.069577, 2000000000000000.000000, 1000000000000000.000000 
119.676183, 18.047968, 16.619729, 0.212474, 0.058857, 1.111935, 0.037863, 30847.191575, 2559.970813 
43.780052, 6.026113, 3.175256, 0.059856, 0.139175, 0.594501, 0.594501, 2000000000000000.000000, 1000000000000000.000000 
38.518993, 4.737153, 2.583387, 0.046835, 0.119446, 0.462975, 0.462975, 2000000000000000.000000, 1000000000000000.000000 
120.029414, 17.547337, 16.681194, 0.210967, 0.052008, 1.182008, 0.015025, 29288.124997, 2568.802518 
71.897256, 31.893339, 12.835706, 0.152308, 0.060190, 1.813995, 1.305804, 68017.351327, 2131.774749 
66.554144, 28.864346, 13.183479, 0.136531, 0.062938, 1.695726, 1.027850, 71812.608513, 2123.280525 
93.534608, 22.912542, 17.170593, 0.285774, 0.057883, 0.766274, 0.561337, 40553.030720, 2267.280030 
91.978371, 21.937159, 16.930062, 0.286292, 0.054385, 0.838427, 0.631681, 41224.717188, 2257.150788 
86.083926, 19.709104, 17.089833, 0.219041, 0.060588, 0.597365, 0.768005, 49368.009373, 2263.201907 
90.770102, 21.707990, 18.188812, 0.221269, 0.068807, 0.820926, 0.601818, 44194.776455, 2265.631745 
31.826738, 3.097551, 1.830508, 0.030271, 0.094350, 0.295668, 0.295668, 2000000000000000.000000, 1000000000000000.000000 
95.284407, 22.843142, 16.956280, 0.263145, 0.053374, 0.795004, 0.704469, 40932.161306, 2278.280465 
32.095522, 3.163403, 1.860746, 0.030936, 0.095358, 0.302388, 0.302388, 2000000000000000.000000, 1000000000000000.000000 
117.443680, 17.459563, 16.469350, 0.212422, 0.067869, 1.115364, 0.087849, 33057.194503, 2530.006347 
122.373422, 15.858580, 17.780971, 0.191747, 0.050194, 1.008473, 0.054091, 27156.097106, 2633.719853 
111.324173, 16.884390, 17.984415, 0.204840, 0.055675, 1.256516, 0.286823, 31555.849534, 2477.305822 
88.658591, 22.307370, 16.640427, 0.259471, 0.071064, 0.996108, 1.293353, 49924.299730, 2232.456707 
65.451212, 31.590311, 12.978931, 0.140823, 0.050321, 1.785856, 1.479094, 70455.547818, 2115.432753 
27.656149, 2.075756, 1.361317, 0.019949, 0.078711, 0.191404, 0.191404, 2000000000000000.000000, 1000000000000000.000000 
75.881066, 27.174274, 13.287855, 0.245136, 0.054704, 1.326760, 0.428163, 56502.438566, 2145.723693 
39.374662, 4.946792, 2.679650, 0.048952, 0.122655, 0.484367, 0.484367, 2000000000000000.000000, 1000000000000000.000000 
52.389309, 8.135381, 4.143797, 0.081164, 0.171460, 0.809733, 0.809733, 457247.980282, 6003.255977 
121.438143, 17.035289, 17.828602, 0.196298, 0.057278, 1.210978, 0.233444, 29528.448337, 2614.946307 
99.128393, 23.020303, 17.036482, 0.264969, 0.054930, 0.893765, 0.619911, 38996.214747, 2313.425863 
21.602911, 0.592713, 0.680327, 0.004967, 0.056011, 0.040073, 0.040073, 2000000000000000.000000, 1000000000000000.000000 
89.961571, 22.354490, 18.306864, 0.199531, 0.050935, 0.746136, 0.625100, 42498.444543, 2259.141398 
61.799852, 30.787409, 13.437224, 0.133067, 0.050049, 1.670970, 1.586090, 73676.751618, 2112.907705 
117.018116, 16.449028, 17.764842, 0.207917, 0.084539, 1.296793, 0.224820, 33745.035018, 2549.231551 
58.371486, 29.491863, 13.799460, 0.150628, 0.065335, 1.540309, 1.435123, 78687.072682, 2129.564282 
59.641927, 30.715747, 13.849782, 0.129021, 0.051753, 1.470332, 1.549080, 76077.179447, 2114.434115 
88.830961, 22.383299, 17.850825, 0.208331, 0.063314, 0.713789, 0.676020, 46265.775264, 2245.540610 
35.588106, 4.019086, 2.253662, 0.039581, 0.108455, 0.389703, 0.389703, 2000000000000000.000000, 1000000000000000.000000 
41.138432, 5.378916, 2.878074, 0.053318, 0.129269, 0.528461, 0.528461, 2000000000000000.000000, 1000000000000000.000000 
53.129221, 8.316659, 4.227037, 0.082995, 0.174235, 0.828231, 0.828231, 441013.952027, 5809.754273 
66.209676, 31.579794, 12.895529, 0.135744, 0.053737, 1.695377, 1.347748, 71477.274610, 2117.149090 
42.122176, 5.619933, 2.988745, 0.055752, 0.132958, 0.553054, 0.553054, 2000000000000000.000000, 1000000000000000.000000 
108.198568, 17.141360, 17.448628, 0.216071, 0.066416, 1.382391, 0.198441, 33747.370559, 2435.425823 
72.032843, 28.894666, 13.742629, 0.123044, 0.056726, 1.543438, 1.132624, 68352.482186, 2127.003827 
87.936787, 20.760714, 17.256729, 0.218904, 0.050499, 0.775519, 0.543564, 43852.966848, 2250.403975 
65.492933, 29.248528, 12.973840, 0.138304, 0.053746, 1.710214, 1.128665, 70966.803506, 2122.856378 
57.129272, 9.296672, 4.677043, 0.092895, 0.189235, 0.928232, 0.928232, 370022.245525, 4962.084945 
69.305231, 28.961471, 13.826341, 0.127006, 0.061836, 1.578579, 1.130897, 70401.108611, 2121.180001 
28.420187, 2.262946, 1.447271, 0.021840, 0.081576, 0.210505, 0.210505, 2000000000000000.000000, 1000000000000000.000000 
49.779337, 7.495938, 3.850175, 0.074704, 0.161673, 0.744483, 0.744483, 525345.805801, 6813.078888 
91.624010, 20.198939, 17.471421, 0.220261, 0.059366, 0.670815, 0.488694, 43271.360519, 2276.019509 
98.316434, 23.898845, 16.072324, 0.273351, 0.053436, 0.864256, 0.660006, 41122.589109, 2291.671750 
91.602122, 22.781437, 17.575288, 0.213825, 0.051059, 0.549697, 0.483044, 42255.634820, 2258.759094 
25.122182, 1.454935, 1.076245, 0.013677, 0.069208, 0.128055, 0.128055, 2000000000000000.000000, 1000000000000000.000000 
56.850728, 30.875244, 13.921213, 0.135688, 0.064878, 1.572331, 1.541856, 81245.342087, 2121.614240 
96.965917, 22.886373, 17.279423, 0.239840, 0.073627, 0.841228, 0.673874, 43841.243896, 2297.514752 
96.262254, 22.622505, 17.381136, 0.246696, 0.060580, 0.788838, 0.660090, 41383.089916, 2293.012139 
32.863435, 3.351542, 1.947136, 0.032837, 0.098238, 0.321586, 0.321586, 2000000000000000.000000, 1000000000000000.000000 
75.809895, 26.564160, 13.156401, 0.247090, 0.056723, 1.385089, 0.481448, 57454.774714, 2150.482195 
100.654449, 21.846114, 17.243496, 0.264698, 0.052055, 0.823829, 0.723656, 38152.779121, 2331.302736 
124.830335, 11.703450, 17.043390, 0.204634, 0.054851, 1.049926, 0.290461, 27002.570349, 2719.274860 
42.076050, 5.608632, 2.983556, 0.055638, 0.132785, 0.551901, 0.551901, 2000000000000000.000000, 1000000000000000.000000 
66.565845, 32.439759, 13.596601, 0.150139, 0.065986, 1.825762, 1.439351, 70596.874808, 2115.206787 
65.476108, 33.104336, 13.037611, 0.137691, 0.055643, 1.883566, 1.342943, 70425.814641, 2116.620574 
95.516660, 22.853337, 17.107418, 0.253920, 0.053165, 0.978785, 0.592412, 39807.720308, 2282.346952 
123.695761, 11.935179, 17.118679, 0.211731, 0.061617, 1.135773, 0.247326, 27604.674139, 2698.659797 
95.959769, 21.073965, 17.511727, 0.226924, 0.065632, 0.664655, 0.666780, 43524.025161, 2296.767550 
59.036455, 9.763931, 4.891601, 0.097615, 0.196387, 0.975911, 0.975911, 343732.572033, 4647.931470 
48.949136, 7.292538, 3.756778, 0.072649, 0.158559, 0.723728, 0.723728, 551387.762522, 7121.921217 
113.218457, 16.895431, 17.597088, 0.197096, 0.054510, 1.369365, 0.216994, 31084.027149, 2494.359692 
44.733972, 6.259823, 3.282572, 0.062217, 0.142752, 0.618349, 0.618349, 2000000000000000.000000, 1000000000000000.000000 
99.200048, 22.200564, 17.299839, 0.246486, 0.055056, 0.798856, 0.665277, 39535.346967, 2318.242401 
59.432314, 9.860917, 4.936135, 0.098595, 0.197871, 0.985808, 0.985808, 338749.129202, 4588.399673 
113.205906, 18.041454, 16.433493, 0.203990, 0.056957, 1.219443, 0.053754, 32997.538683, 2471.346062 
91.337536, 20.503424, 17.124894, 0.205163, 0.051662, 0.722804, 0.541396, 43496.606860, 2268.096539 
103.550232, 21.490149, 17.812630, 0.269863, 0.066796, 0.648324, 0.570698, 38158.236737, 2371.315415 
60.157236, 30.514698, 14.145838, 0.132190, 0.057821, 1.480306, 1.543708, 76621.670263, 2113.900625 
