85.730401, 22.148818, 16.022957, 0.240350, 0.057040, 0.719785, 1.042217, 50514.073395, 2217.110415 
86.151207, 22.564445, 16.225369, 0.241461, 0.052543, 0.822581, 1.104215, 48726.462330, 2215.312072 
113.658674, 17.881728, 17.485495, 0.199257, 0.062566, 1.076974, 0.102855, 32553.254898, 2491.529482 
80.553002, 30.086855, 14.179587, 0.115666, 0.067894, 1.933828, 0.959528, 64430.940520, 2162.780947 
118.632688, 17.167816, 17.633480, 0.193740, 0.057627, 1.166961, 0.097782, 29924.724177, 2566.239143 
96.850029, 18.525775, 16.890511, 0.253581, 0.059436, 0.536153, 0.610742, 41842.578872, 2324.857732 
70.160414, 30.425621, 13.008559, 0.133197, 0.066255, 1.747220, 1.408817, 73798.864901, 2124.266725 
101.621467, 20.369879, 15.402240, 0.270212, 0.050933, 0.572602, 0.532792, 40899.231785, 2329.183995 
105.550947, 19.820259, 15.493477, 0.269659, 0.053079, 0.435714, 0.562543, 40180.598778, 2368.795880 
82.405479, 24.268224, 13.213113, 0.241182, 0.055722, 1.404509, 0.429793, 54301.349505, 2188.840626 
84.434665, 20.508854, 17.213949, 0.233297, 0.072394, 0.656021, 0.719493, 50785.890106, 2244.589792 
100.778917, 22.112471, 17.142982, 0.262734, 0.055895, 0.846695, 0.776260, 39252.978959, 2330.694849 
71.863457, 25.600250, 13.263495, 0.257401, 0.050300, 1.352160, 0.449506, 58630.631517, 2153.811475 
127.733405, 13.535600, 16.340935, 0.178756, 0.052374, 1.005853, 0.116979, 28210.626640, 2729.094934 
29.350133, 2.490782, 1.551890, 0.024142, 0.085063, 0.233753, 0.233753, 2000000000000000.000000, 1000000000000000.000000 
103.813592, 20.523495, 15.695481, 0.278072, 0.057329, 0.575604, 0.599780, 40608.300212, 2348.046960 
64.715597, 29.911346, 12.726823, 0.144255, 0.055181, 1.808627, 1.184903, 71733.280339, 2121.926146 
115.471446, 14.553746, 17.510870, 0.197038, 0.070083, 1.193459, 0.337311, 33432.866131, 2548.561030 
103.369047, 20.374905, 15.330200, 0.279538, 0.060584, 0.407725, 0.574095, 42533.288708, 2343.560686 
42.303804, 5.664432, 3.009178, 0.056202, 0.133639, 0.557595, 0.557595, 2000000000000000.000000, 1000000000000000.000000 
108.077696, 17.996753, 17.558267, 0.241290, 0.066065, 0.583924, 0.802055, 39480.954513, 2426.998048 
29.054815, 2.418430, 1.518667, 0.023411, 0.083956, 0.226370, 0.226370, 2000000000000000.000000, 1000000000000000.000000 
111.628157, 17.154038, 17.185874, 0.210451, 0.054392, 1.450160, 0.176060, 31457.696062, 2468.765126 
39.442336, 4.963372, 2.687263, 0.049120, 0.122909, 0.486058, 0.486058, 2000000000000000.000000, 1000000000000000.000000 
104.842203, 18.884793, 15.935034, 0.274161, 0.061464, 0.551795, 0.637420, 40495.080036, 2374.060758 
85.078678, 28.987786, 13.562355, 0.110817, 0.059805, 1.889277, 0.991720, 63670.494195, 2182.561059 
35.586643, 4.018728, 2.253497, 0.039577, 0.108450, 0.389666, 0.389666, 2000000000000000.000000, 1000000000000000.000000 
125.833961, 14.063028, 17.062809, 0.205851, 0.074232, 1.167677, 0.195197, 30213.750196, 2695.150543 
85.730956, 20.785882, 16.422216, 0.234452, 0.068289, 0.855940, 1.036117, 51957.432967, 2238.544675 
118.195192, 15.688546, 16.417152, 0.192196, 0.071390, 1.056089, 0.072042, 33715.493110, 2558.745916 
38.531469, 4.740210, 2.584790, 0.046865, 0.119493, 0.463287, 0.463287, 2000000000000000.000000, 1000000000000000.000000 
90.531274, 24.660100, 12.007437, 0.244006, 0.065315, 1.390849, 0.481605, 56626.390812, 2238.859622 
123.079410, 17.232947, 17.525050, 0.191260, 0.059287, 1.245164, 0.142555, 29502.884682, 2635.273925 
36.675133, 4.285408, 2.375952, 0.042271, 0.112532, 0.416878, 0.416878, 2000000000000000.000000, 1000000000000000.000000 
100.156847, 21.519318, 16.154907, 0.265131, 0.055310, 0.936842, 0.784891, 40934.790462, 2313.446098 
102.096226, 19.802664, 16.061918, 0.274433, 0.061076, 0.521579, 0.626342, 41336.575135, 2341.444416 
22.299029, 0.763262, 0.758641, 0.006690, 0.058621, 0.057476, 0.057476, 2000000000000000.000000, 1000000000000000.000000 
52.577731, 8.181544, 4.164995, 0.081630, 0.172166, 0.814443, 0.814443, 453002.183442, 5952.663412 
97.186390, 21.244043, 16.272659, 0.263066, 0.056597, 0.674702, 0.853685, 43192.367242, 2292.142955 
104.105639, 20.611932, 15.616491, 0.271106, 0.053973, 0.518304, 0.601581, 40587.670300, 2349.566406 
94.086753, 20.788463, 16.470603, 0.264675, 0.062510, 0.672515, 0.889909, 45177.908847, 2276.082223 
96.094988, 21.427554, 16.095118, 0.260131, 0.062807, 0.668280, 0.800415, 44990.582442, 2281.506062 
59.241979, 9.814285, 4.914723, 0.098124, 0.197157, 0.981049, 0.981049, 341126.486346, 4616.798023 
102.255372, 19.654761, 14.901859, 0.219183, 0.059097, 0.793902, 0.137978, 41870.860955, 2342.258077 
33.750130, 3.568782, 2.046890, 0.035032, 0.101563, 0.343753, 0.343753, 2000000000000000.000000, 1000000000000000.000000 
24.446547, 1.289404, 1.000236, 0.012005, 0.066675, 0.111164, 0.111164, 2000000000000000.000000, 1000000000000000.000000 
39.237466, 4.913179, 2.664215, 0.048613, 0.122140, 0.480937, 0.480937, 2000000000000000.000000, 1000000000000000.000000 
31.021337, 2.900228, 1.739900, 0.028278, 0.091330, 0.275533, 0.275533, 2000000000000000.000000, 1000000000000000.000000 
109.802789, 17.746916, 17.408307, 0.212044, 0.053162, 1.459396, 0.060474, 31018.820000, 2445.652990 
110.489897, 17.240493, 16.656866, 0.201561, 0.057097, 1.101653, 0.171362, 34272.545945, 2451.211592 
103.307473, 20.348242, 15.631985, 0.269141, 0.062550, 0.491146, 0.591362, 42350.033140, 2344.543676 
123.294390, 10.795507, 17.147866, 0.201387, 0.056463, 0.571196, 0.154395, 27685.629612, 2722.164556 
71.854915, 30.018504, 13.630052, 0.140575, 0.050435, 1.621177, 1.040944, 63593.146454, 2125.644685 
42.402365, 5.688579, 3.020266, 0.056446, 0.134009, 0.560059, 0.560059, 2000000000000000.000000, 1000000000000000.000000 
91.571289, 20.797606, 16.207190, 0.237889, 0.053704, 0.851739, 1.039897, 46411.572157, 2260.352716 
82.709959, 20.596876, 17.658254, 0.214567, 0.064822, 0.680339, 0.643234, 49951.490027, 2243.702369 
90.631055, 21.688989, 16.610266, 0.239602, 0.059882, 0.951237, 1.139382, 47282.331190, 2248.139751 
77.141993, 25.195489, 13.056440, 0.267536, 0.060425, 1.457914, 0.189326, 56031.518456, 2166.699030 
66.430827, 30.599029, 12.704307, 0.148228, 0.061032, 1.859766, 1.250665, 71775.030171, 2120.522472 
83.329584, 20.256323, 17.012949, 0.234587, 0.051708, 0.694504, 0.831326, 48349.148173, 2247.656442 
107.589711, 14.109815, 19.034209, 0.168204, 0.059738, 0.924761, 0.143956, 32708.355870, 2491.145366 
38.495867, 4.731488, 2.580785, 0.046777, 0.119359, 0.462397, 0.462397, 2000000000000000.000000, 1000000000000000.000000 
127.777898, 13.247894, 16.866776, 0.169842, 0.055649, 0.900673, 0.133360, 28837.534439, 2736.610495 
95.368459, 20.964962, 15.920712, 0.259499, 0.052581, 0.710345, 0.755681, 43425.848481, 2279.495485 
105.784630, 19.230536, 17.173004, 0.248270, 0.058964, 0.563235, 0.823022, 39545.230596, 2389.833776 
99.788049, 19.937563, 15.653013, 0.278573, 0.061203, 0.483348, 0.641141, 43211.316689, 2320.287697 
87.033865, 22.988034, 15.973601, 0.241155, 0.053805, 0.785082, 1.052788, 48984.777924, 2214.335649 
35.426218, 3.979423, 2.235450, 0.039180, 0.107848, 0.385655, 0.385655, 2000000000000000.000000, 1000000000000000.000000 
101.885907, 23.122966, 16.211591, 0.268208, 0.054390, 0.981085, 0.834953, 40366.111833, 2326.747597 
121.440322, 13.698913, 16.820650, 0.221815, 0.056873, 0.881395, 0.307750, 29661.221460, 2633.678367 
120.203716, 17.301960, 17.385536, 0.194819, 0.054245, 1.174077, 0.108483, 29458.907570, 2584.866441 
74.265610, 24.241962, 12.825691, 0.257491, 0.066066, 1.476459, 0.326674, 60209.346539, 2179.534646 
39.707846, 5.028422, 2.717133, 0.049777, 0.123904, 0.492696, 0.492696, 2000000000000000.000000, 1000000000000000.000000 
34.367406, 3.720014, 2.116333, 0.036559, 0.103878, 0.359185, 0.359185, 2000000000000000.000000, 1000000000000000.000000 
117.546294, 16.171537, 17.343554, 0.190564, 0.061415, 1.097352, 0.137073, 31462.024738, 2552.643656 
102.091599, 20.524543, 15.114225, 0.227875, 0.059818, 0.807988, 0.169390, 41502.134631, 2330.845513 
98.981648, 18.461743, 16.766549, 0.256743, 0.066105, 0.601363, 0.644931, 42219.109699, 2338.333560 
121.459128, 12.945130, 17.150072, 0.207202, 0.058109, 1.151741, 0.283969, 28621.924633, 2648.409105 
105.499233, 19.980722, 15.948191, 0.279130, 0.051242, 0.608548, 0.584490, 38159.595922, 2369.533734 
119.555884, 17.859271, 16.911917, 0.202142, 0.056481, 1.014586, 0.030857, 30532.025672, 2563.934254 
48.589919, 7.204530, 3.716366, 0.071760, 0.157212, 0.714748, 0.714748, 563455.437259, 7264.874472 
115.902644, 13.846282, 18.735714, 0.171431, 0.061052, 0.991235, 0.464215, 33064.572975, 2574.170363 
118.382568, 16.775902, 16.791723, 0.194467, 0.056340, 1.099037, 0.237389, 32133.527372, 2552.096143 
75.247883, 24.162063, 12.863864, 0.260547, 0.066024, 1.464190, 0.306957, 59352.188590, 2180.632197 
29.289780, 2.475996, 1.545100, 0.023992, 0.084837, 0.232244, 0.232244, 2000000000000000.000000, 1000000000000000.000000 
62.809106, 32.599427, 13.010897, 0.137080, 0.053410, 1.688678, 1.338340, 72374.424431, 2112.342369 
107.779506, 16.843228, 17.326145, 0.215043, 0.055529, 1.376926, 0.177315, 32511.676333, 2434.180965 
53.863288, 8.496506, 4.309620, 0.084812, 0.176987, 0.846582, 0.846582, 426004.925266, 5630.719822 
97.340397, 20.628675, 14.800075, 0.221550, 0.050425, 0.692001, 0.192322, 43425.028254, 2294.715073 
65.938274, 30.097692, 13.218754, 0.144264, 0.061094, 1.793314, 1.210267, 71009.075611, 2116.884795 
53.178748, 8.328793, 4.232609, 0.083117, 0.174420, 0.829469, 0.829469, 439968.186251, 5797.284038 
56.626376, 9.173462, 4.620467, 0.091650, 0.187349, 0.915659, 0.915659, 377654.186122, 5053.288380 
104.278276, 19.903600, 15.987281, 0.281982, 0.056059, 0.513478, 0.743054, 40307.147302, 2359.052441 
110.460290, 16.960666, 17.306322, 0.210637, 0.055967, 1.115612, 0.163157, 32376.031488, 2459.256237 
119.213757, 15.742616, 16.769596, 0.194196, 0.059888, 1.252317, 0.196363, 31364.852764, 2573.637005 
116.074873, 17.293641, 17.360474, 0.204760, 0.052861, 0.962540, 0.167500, 30886.411620, 2524.592577 
87.261327, 21.388139, 17.450085, 0.221309, 0.050303, 0.739249, 0.711223, 44625.547773, 2241.294180 
118.562945, 17.411402, 17.100393, 0.202428, 0.053945, 1.135863, 0.095392, 30063.204123, 2554.584223 
112.553703, 17.521109, 17.078287, 0.207353, 0.061789, 1.140633, 0.210885, 33565.185835, 2474.834476 
69.336894, 30.486447, 14.172300, 0.125367, 0.072336, 1.471537, 1.253973, 74096.055498, 2118.412386 
99.253258, 20.575390, 15.013640, 0.230721, 0.056148, 0.734960, 0.024736, 41524.745487, 2308.310357 
31.186364, 2.940659, 1.758466, 0.028686, 0.091949, 0.279659, 0.279659, 2000000000000000.000000, 1000000000000000.000000 
85.657373, 25.319811, 12.836785, 0.241350, 0.065007, 1.401648, 0.408344, 55026.747377, 2196.730858 
75.202326, 25.162020, 13.283149, 0.250242, 0.052645, 1.309003, 0.485246, 57397.269034, 2161.417234 
44.193092, 6.127308, 3.221723, 0.060878, 0.140724, 0.604827, 0.604827, 2000000000000000.000000, 1000000000000000.000000 
118.567107, 15.724980, 17.275005, 0.191644, 0.060235, 1.329905, 0.277103, 31237.850587, 2569.950024 
65.587227, 29.964248, 13.215188, 0.147169, 0.060630, 1.763827, 1.330455, 71767.670481, 2117.201030 
116.545161, 13.975819, 18.837232, 0.179105, 0.063733, 1.149790, 0.421206, 31806.416815, 2581.523736 
47.973073, 7.053403, 3.646971, 0.070233, 0.154899, 0.699327, 0.699327, 585426.938126, 7524.885583 
54.218055, 8.583423, 4.349531, 0.085690, 0.178318, 0.855451, 0.855451, 419111.305104, 5548.450004 
73.554460, 25.934585, 12.907627, 0.259666, 0.053487, 1.481055, 0.433463, 58690.353731, 2155.002574 
124.561861, 15.122584, 17.325365, 0.205808, 0.062174, 1.123171, 0.215039, 29050.102081, 2666.921793 
73.058416, 31.853072, 13.910571, 0.140305, 0.065018, 1.310060, 0.860081, 65560.949813, 2133.953837 
88.841876, 22.063081, 16.593180, 0.247314, 0.054182, 0.885254, 1.162727, 46887.837866, 2235.088961 
32.295086, 3.212296, 1.883197, 0.031430, 0.096107, 0.307377, 0.307377, 2000000000000000.000000, 1000000000000000.000000 
103.205519, 20.330925, 15.226778, 0.255391, 0.057792, 0.723561, 0.146194, 39722.220966, 2342.269382 
59.923169, 9.981176, 4.991357, 0.099810, 0.199712, 0.998079, 0.998079, 332773.434584, 4517.030658 
45.645197, 6.483073, 3.385085, 0.064472, 0.146169, 0.641130, 0.641130, 2000000000000000.000000, 1000000000000000.000000 
124.817516, 13.766994, 16.811861, 0.183198, 0.055651, 0.991917, 0.065621, 28323.271201, 2680.898335 
98.991494, 20.009018, 15.839374, 0.270918, 0.063150, 0.537703, 0.577390, 43116.995055, 2314.208360 
103.240918, 21.597350, 15.627302, 0.267252, 0.055108, 1.046354, 0.811534, 40805.586427, 2335.871164 
51.009388, 7.797300, 3.988556, 0.077748, 0.166285, 0.775235, 0.775235, 490921.453904, 6404.095735 
105.206752, 20.543233, 15.433624, 0.256880, 0.056032, 0.685752, 0.059273, 37926.947216, 2359.214803 
122.660126, 15.610897, 16.898111, 0.191631, 0.060870, 1.239839, 0.287474, 31162.792056, 2626.260706 
116.040161, 17.047615, 17.081182, 0.210543, 0.054056, 1.060168, 0.117273, 30673.987791, 2521.941977 
104.765257, 21.526139, 15.118355, 0.215508, 0.058334, 0.785307, 0.086099, 40553.174052, 2346.878953 
103.424228, 20.929982, 15.649686, 0.223450, 0.074217, 0.632646, 0.072861, 41814.770854, 2341.399271 
116.278737, 17.739091, 17.017062, 0.202850, 0.052067, 1.212297, 0.104158, 30589.101007, 2519.480989 
