66.667744, 11.907060, 5.530599, 0.009319, 0.057139, 1.163213, 0.832551, 439217.597122, 3748.005912 
65.642495, 11.508841, 4.789475, 0.104531, 0.054589, 1.056538, 0.837246, 188638.844713, 4043.112987 
20.270403, 0.266249, 0.530420, 0.001669, 0.051014, 0.006760, 0.006760, 2000000000000000.000000, 1000000000000000.000000 
59.537648, 14.334369, 5.784764, 0.015535, 0.068603, 1.313208, 1.049508, 368657.928145, 3439.612059 
68.477705, 11.909957, 4.494260, 0.101272, 0.057764, 1.098214, 0.858884, 194543.606940, 4047.896146 
59.770770, 12.160312, 5.542527, 0.102467, 0.063829, 0.990167, 1.037719, 192243.017982, 3842.684272 
63.057340, 12.999237, 5.328947, 0.024828, 0.061150, 0.811094, 1.119226, 320458.816782, 3672.443389 
72.817656, 12.053103, 4.857760, 0.117403, 0.055758, 0.745650, 0.986880, 176883.478567, 3852.108585 
68.388561, 9.929009, 5.899100, 0.122667, 0.064128, 0.674391, 0.995434, 177144.366273, 4096.468225 
66.243819, 10.099584, 5.647288, 0.082695, 0.066742, 1.179783, 0.847830, 195900.648160, 4148.608866 
24.148257, 1.216323, 0.966679, 0.011267, 0.065556, 0.103706, 0.103706, 2000000000000000.000000, 1000000000000000.000000 
42.298286, 5.663080, 3.008557, 0.056188, 0.133619, 0.557457, 0.557457, 2000000000000000.000000, 1000000000000000.000000 
69.616885, 11.040904, 5.982011, 0.107599, 0.058999, 0.543326, 0.914737, 168585.437386, 3775.354752 
61.398948, 13.872476, 6.205101, 0.108101, 0.066119, 0.943438, 1.013919, 166937.459832, 3393.668789 
62.121485, 12.475718, 5.161844, 0.111035, 0.050085, 1.091250, 0.935840, 177366.324896, 3816.837579 
58.405509, 9.609350, 4.820620, 0.096054, 0.194021, 0.960138, 0.960138, 351995.833248, 4746.662772 
66.834328, 12.098328, 4.425941, 0.115234, 0.066652, 1.073522, 0.819182, 198486.323690, 4062.222423 
59.414767, 11.911285, 6.391267, 0.025852, 0.068020, 1.310325, 0.920972, 293955.635551, 3798.222181 
58.102136, 11.810216, 6.221187, 0.016247, 0.052816, 1.175176, 1.023197, 352229.032278, 3889.729752 
60.791019, 9.298759, 5.748950, 0.140768, 0.064238, 1.150003, 1.118541, 198323.065622, 4656.382668 
47.338565, 6.897948, 3.575589, 0.068663, 0.152520, 0.683464, 0.683464, 609839.825206, 7813.393809 
58.920027, 10.947784, 6.047813, 0.111506, 0.051453, 1.029868, 0.840144, 179693.697971, 4114.280336 
68.819546, 11.270897, 5.282518, 0.110616, 0.064392, 0.996708, 0.762726, 175513.363877, 3895.745291 
60.696135, 12.252495, 5.952046, 0.027403, 0.055458, 1.277324, 1.038256, 267702.066354, 3729.912012 
42.035371, 5.598666, 2.978979, 0.055538, 0.132633, 0.550884, 0.550884, 2000000000000000.000000, 1000000000000000.000000 
61.668110, 14.683107, 6.328182, 0.022202, 0.059695, 1.293825, 1.130231, 274802.184468, 3260.445863 
46.947582, 6.802158, 3.531603, 0.067695, 0.151053, 0.673690, 0.673690, 625893.902517, 8002.896642 
67.045248, 11.588243, 4.910369, 0.112420, 0.067389, 0.709591, 0.940945, 195653.530038, 3968.717710 
55.728764, 11.839115, 5.807441, 0.102669, 0.054751, 1.081413, 0.872061, 190410.282551, 4019.530395 
58.714971, 9.685168, 4.855434, 0.096820, 0.195181, 0.967874, 0.967874, 347892.442366, 4697.631882 
42.117094, 5.618688, 2.988173, 0.055740, 0.132939, 0.552927, 0.552927, 2000000000000000.000000, 1000000000000000.000000 
60.919889, 12.668088, 6.202583, 0.013359, 0.064141, 1.344523, 1.059232, 393297.892587, 3605.776273 
69.299558, 9.597998, 4.656081, 0.119521, 0.054245, 0.940704, 1.012200, 195264.491671, 4466.222957 
60.400570, 13.012880, 6.666944, 0.023915, 0.063251, 1.153668, 0.756372, 265414.818841, 3500.448307 
70.644139, 10.798324, 4.749085, 0.094813, 0.074705, 0.900387, 0.833148, 206872.180314, 4129.432234 
70.177401, 11.753013, 5.788084, 0.021857, 0.050243, 0.738333, 0.787432, 272187.918023, 3665.984544 
61.678172, 12.408859, 5.486294, 0.108758, 0.055020, 0.790871, 0.917806, 178870.147528, 3759.920232 
61.948682, 12.981366, 6.005666, 0.019664, 0.056469, 1.279565, 0.907848, 290778.932364, 3554.716278 
61.072231, 12.208112, 4.549810, 0.033180, 0.050984, 0.924745, 0.950026, 280818.744908, 4073.312167 
59.536761, 12.276944, 6.338025, 0.004061, 0.069405, 1.119272, 1.002937, 745877.201265, 3712.253830 
74.133498, 9.681220, 5.996555, 0.117835, 0.052831, 0.776040, 0.945072, 156139.596761, 4013.541303 
68.295009, 8.829465, 5.939192, 0.109033, 0.062548, 0.690970, 0.707235, 183386.804561, 4474.325188 
53.271465, 8.351509, 4.243040, 0.083347, 0.174768, 0.831787, 0.831787, 438023.680971, 5774.095064 
67.663171, 12.359735, 5.299166, 0.004418, 0.056238, 0.864753, 1.089028, 706865.560599, 3714.993416 
60.987501, 13.277011, 6.006161, 0.010073, 0.066228, 1.297816, 1.002819, 450740.160316, 3526.223088 
63.257886, 12.617820, 5.741808, 0.007081, 0.069196, 1.066700, 0.939007, 567701.797970, 3638.092192 
22.582288, 0.832661, 0.790507, 0.007391, 0.059684, 0.064557, 0.064557, 2000000000000000.000000, 1000000000000000.000000 
28.866655, 2.372331, 1.497499, 0.022945, 0.083250, 0.221666, 0.221666, 2000000000000000.000000, 1000000000000000.000000 
59.784588, 11.709366, 5.964882, 0.106459, 0.074104, 0.928399, 0.901044, 191651.417253, 3877.880579 
63.635606, 13.238360, 4.833901, 0.030956, 0.063701, 1.189634, 0.943533, 280947.309629, 3775.148584 
66.580707, 8.354372, 5.998356, 0.124696, 0.055978, 1.124014, 1.001746, 182925.071611, 4770.116674 
64.871125, 12.576253, 5.787769, 0.119457, 0.059731, 0.771935, 0.928730, 166243.303189, 3606.400074 
69.289716, 10.991718, 5.002608, 0.040595, 0.061791, 0.751907, 0.993827, 266507.405661, 4024.099573 
63.182955, 14.075708, 6.152501, 0.104134, 0.078304, 0.875717, 0.975676, 173149.722628, 3342.976489 
66.042120, 13.414657, 4.549157, 0.047653, 0.060905, 0.944503, 1.012282, 248006.139819, 3832.783214 
55.594508, 13.917677, 5.398432, 0.101273, 0.056334, 0.953229, 0.882716, 186334.386097, 3664.424579 
56.030838, 13.124806, 6.443318, 0.030666, 0.054505, 1.032307, 0.811908, 245842.695568, 3643.648689 
64.942427, 12.125116, 5.669161, 0.110940, 0.068224, 0.647988, 0.929320, 181176.745774, 3708.118077 
40.067409, 5.116515, 2.757584, 0.050667, 0.125253, 0.501685, 0.501685, 2000000000000000.000000, 1000000000000000.000000 
67.264329, 11.945609, 5.893709, 0.004397, 0.057965, 1.216821, 1.088680, 668374.436235, 3654.636687 
69.186110, 8.569493, 6.108985, 0.105474, 0.056373, 0.782973, 0.791161, 178209.361808, 4529.704093 
31.572302, 3.035214, 1.801884, 0.029641, 0.093396, 0.289308, 0.289308, 2000000000000000.000000, 1000000000000000.000000 
62.356369, 12.942919, 6.341999, 0.099246, 0.059539, 0.984843, 0.977531, 165640.166309, 3501.044580 
57.647353, 11.560427, 5.939415, 0.011501, 0.062215, 1.234560, 0.956041, 458683.327595, 3999.993607 
65.406188, 12.828943, 4.401737, 0.043317, 0.050338, 0.973902, 0.929528, 245108.753240, 3977.719028 
69.002278, 8.219004, 6.136194, 0.133990, 0.057452, 1.202966, 0.966545, 171109.188479, 4700.432109 
61.697330, 13.852454, 6.994937, 0.029881, 0.059215, 1.271279, 1.037006, 229731.191314, 3289.032615 
60.639891, 13.070518, 6.129112, 0.103791, 0.052756, 0.881090, 0.857129, 164424.319471, 3549.651365 
21.109049, 0.471717, 0.624768, 0.003745, 0.054159, 0.027726, 0.027726, 2000000000000000.000000, 1000000000000000.000000 
44.145674, 6.115690, 3.216388, 0.060761, 0.140546, 0.603642, 0.603642, 2000000000000000.000000, 1000000000000000.000000 
35.091939, 3.897525, 2.197843, 0.038353, 0.106595, 0.377298, 0.377298, 2000000000000000.000000, 1000000000000000.000000 
63.303519, 13.799159, 5.767888, 0.014200, 0.053056, 1.382763, 1.166307, 343061.527175, 3452.107772 
55.754124, 12.309817, 5.744480, 0.107649, 0.063362, 1.098630, 0.915382, 191860.041237, 3907.379864 
50.068568, 7.566799, 3.882714, 0.075420, 0.162757, 0.751714, 0.751714, 516831.341979, 6711.998614 
56.394135, 11.642685, 5.843908, 0.012613, 0.050944, 1.273130, 1.173039, 425228.930506, 4040.269831 
47.395587, 6.911919, 3.582004, 0.068804, 0.152733, 0.684890, 0.684890, 607565.157479, 7786.529475 
29.812363, 2.604029, 1.603891, 0.025286, 0.086796, 0.245309, 0.245309, 2000000000000000.000000, 1000000000000000.000000 
65.961271, 11.762022, 5.743791, 0.109719, 0.068812, 0.596237, 0.932505, 181763.595123, 3742.219103 
63.265759, 12.258205, 6.109960, 0.011147, 0.068327, 1.200922, 1.084542, 460924.879748, 3639.454104 
65.469071, 14.314574, 6.369328, 0.017840, 0.063310, 1.287258, 1.026998, 300999.099248, 3242.427098 
61.164053, 12.680458, 5.762629, 0.109497, 0.053318, 0.985959, 1.028585, 171566.239243, 3667.125345 
37.296883, 4.437736, 2.445899, 0.043810, 0.114863, 0.432422, 0.432422, 2000000000000000.000000, 1000000000000000.000000 
64.102109, 11.759725, 6.146573, 0.016650, 0.053269, 1.360890, 1.045028, 321107.951158, 3715.050213 
69.117967, 11.894029, 5.454655, 0.021454, 0.066619, 0.767647, 0.952228, 340588.961849, 3732.960726 
61.164978, 13.097455, 6.337468, 0.026212, 0.057690, 1.329095, 1.117775, 263069.978004, 3502.844168 
25.298968, 1.498247, 1.096134, 0.014115, 0.069871, 0.132474, 0.132474, 2000000000000000.000000, 1000000000000000.000000 
72.469968, 11.964978, 5.024419, 0.041038, 0.057191, 0.813208, 1.165384, 250191.403036, 3811.225017 
67.103730, 13.779476, 6.943284, 0.022287, 0.054684, 1.326068, 1.109280, 244832.056591, 3203.027059 
60.913556, 13.989729, 5.969364, 0.017919, 0.074609, 1.233658, 1.007897, 352636.737185, 3426.299610 
59.049547, 12.206888, 5.867537, 0.105502, 0.059305, 0.945255, 0.961656, 182521.485155, 3800.181385 
66.481794, 12.127914, 5.189109, 0.009483, 0.061578, 0.864526, 0.906708, 496239.697011, 3798.593247 
35.803178, 4.071779, 2.277858, 0.040113, 0.109262, 0.395079, 0.395079, 2000000000000000.000000, 1000000000000000.000000 
73.968404, 10.766322, 4.852586, 0.128191, 0.058269, 0.904481, 1.045092, 177287.125688, 4065.490616 
59.282959, 9.824325, 4.919333, 0.098225, 0.197311, 0.982074, 0.982074, 340611.735380, 4610.648788 
63.289063, 13.057007, 6.192656, 0.022069, 0.062058, 1.202075, 0.855398, 278484.565763, 3483.988044 
56.229816, 11.797792, 5.706070, 0.092499, 0.065465, 0.991907, 0.869529, 204596.935238, 4020.025756 
62.044644, 14.276737, 6.882484, 0.012808, 0.066004, 1.218291, 0.951609, 358073.425808, 3230.860163 
57.450629, 9.375404, 4.713196, 0.093690, 0.190440, 0.936266, 0.936266, 365307.637616, 4905.742213 
68.635552, 11.818850, 5.273539, 0.109116, 0.052436, 0.962066, 0.857138, 168735.890069, 3799.491323 
56.307385, 9.095309, 4.584581, 0.090861, 0.186153, 0.907685, 0.907685, 382663.232139, 5113.143293 
60.346356, 12.465694, 5.926058, 0.015549, 0.063925, 1.279638, 0.900283, 360830.557747, 3700.318736 
64.819131, 10.756314, 5.341793, 0.032701, 0.056870, 1.111000, 0.812046, 261112.056138, 4070.361639 
61.377926, 12.407268, 5.358319, 0.113969, 0.056414, 1.038390, 0.761905, 175628.182211, 3795.031993 
58.454286, 13.536757, 5.899383, 0.014430, 0.054371, 1.431264, 0.979339, 338310.309822, 3559.816246 
66.478780, 11.320662, 5.260368, 0.007821, 0.053213, 0.788969, 1.079975, 560376.271024, 3929.325185 
44.606877, 6.228685, 3.268274, 0.061902, 0.142276, 0.615172, 0.615172, 2000000000000000.000000, 1000000000000000.000000 
64.486094, 12.669684, 4.771484, 0.014336, 0.063250, 0.795162, 0.877025, 425184.801921, 3868.145873 
71.220603, 8.067706, 5.582658, 0.099417, 0.066283, 0.708220, 0.676981, 195634.950641, 4733.057465 
40.651667, 5.259658, 2.823312, 0.052113, 0.127444, 0.516292, 0.516292, 2000000000000000.000000, 1000000000000000.000000 
60.196532, 11.700730, 6.021185, 0.016551, 0.063294, 1.170986, 1.046744, 381270.657704, 3859.168405 
60.283188, 12.643835, 5.856814, 0.019030, 0.065846, 1.250813, 1.074391, 348337.589975, 3678.632457 
61.161762, 13.677093, 6.351521, 0.027622, 0.053861, 0.991179, 0.875936, 240622.477852, 3405.661212 
49.339741, 7.388237, 3.800721, 0.073616, 0.160024, 0.733494, 0.733494, 538827.138708, 6973.019365 
68.762294, 12.676771, 5.130214, 0.014966, 0.060211, 0.772796, 0.840309, 378205.920596, 3703.604594 
56.150981, 13.084921, 5.660786, 0.087177, 0.055560, 1.100564, 1.040671, 192371.777815, 3742.304539 
34.300777, 3.703690, 2.108837, 0.036394, 0.103628, 0.357519, 0.357519, 2000000000000000.000000, 1000000000000000.000000 
67.042678, 12.920282, 4.736027, 0.013478, 0.053734, 0.793682, 0.851265, 394760.544911, 3816.850443 
57.964510, 11.207361, 5.978025, 0.111785, 0.061989, 1.162966, 0.901646, 187873.079448, 4083.752251 
67.166967, 12.477379, 5.154640, 0.013034, 0.055844, 0.866831, 1.048874, 415432.951177, 3743.157350 
63.011513, 12.429830, 5.291112, 0.025214, 0.068432, 1.150832, 1.065504, 322516.586134, 3775.326642 
71.261823, 8.239085, 5.691251, 0.103340, 0.052820, 0.632233, 0.799531, 182761.089273, 4638.943945 
62.074937, 13.296205, 5.305191, 0.106222, 0.066451, 1.086289, 0.827712, 180452.612017, 3649.649757 
62.788020, 10.669922, 6.140998, 0.025041, 0.058781, 1.223095, 0.813740, 284182.427386, 4029.842615 
56.396371, 9.117111, 4.594592, 0.091081, 0.186486, 0.909909, 0.909909, 381252.393148, 5096.285115 
60.919926, 12.275861, 5.731170, 0.028897, 0.050045, 1.294999, 0.893432, 245691.144128, 3755.096977 
61.991995, 11.945466, 6.470390, 0.001815, 0.072521, 1.038787, 1.142803, 1019029.653480, 3693.922356 
59.226030, 9.810377, 4.912928, 0.098084, 0.197098, 0.980651, 0.980651, 341327.274196, 4619.196516 
65.198533, 13.461156, 5.186481, 0.003562, 0.069948, 0.756066, 1.082092, 827715.320036, 3616.463675 
