45.026884, 5.133827, 4.867002, 0.011908, 0.199644, 0.958308, 0.065711, 2000000000000000.000000, 1000000000000000.000000 
55.750430, 8.871441, 3.807570, 0.069087, 0.065538, 0.566771, 0.044488, 280798.503782, 5443.238202 
53.989997, 1.973851, 1.080243, 0.082008, 0.116431, 0.706242, 0.077808, 1302639.537728, 23944.784305 
55.249580, 7.810570, 4.496422, 0.064511, 0.069577, 0.773905, 0.208051, 301270.816431, 5976.095665 
45.664507, 7.453011, 1.335245, 0.004636, 0.063055, 0.312185, 0.622329, 1974289.821349, 10464.371174 
54.431690, 9.843743, 4.216697, 0.046478, 0.058382, 0.518557, 0.312532, 295093.212467, 4982.638066 
59.783339, 9.202174, 3.796887, 0.075679, 0.055931, 0.472954, 0.564320, 274141.784837, 5164.442580 
59.386605, 8.401215, 4.453326, 0.063562, 0.059559, 0.638888, 0.357739, 267717.578535, 5300.941624 
52.048856, 8.621854, 3.779063, 0.057425, 0.069109, 0.592937, 0.345064, 341058.453493, 5784.351862 
56.845655, 9.183705, 4.586630, 0.077793, 0.062806, 0.702145, 0.480005, 255987.073974, 5042.126308 
54.370754, 8.993069, 3.862446, 0.075163, 0.057014, 0.528988, 0.049698, 270984.150575, 5438.661929 
58.619952, 8.542034, 4.402990, 0.053202, 0.054443, 0.793360, 0.167393, 262348.273330, 5281.380122 
53.674355, 9.267924, 2.858904, 0.080690, 0.075773, 0.700361, 0.181137, 338623.988788, 5976.988816 
58.373575, 2.305768, 4.008794, 0.035799, 0.163253, 0.342083, 0.176029, 2000000000000000.000000, 1000000000000000.000000 
32.037112, 5.041378, 3.559090, 0.051334, 0.099534, 0.129294, 0.886589, 2000000000000000.000000, 1000000000000000.000000 
53.435743, 9.959637, 4.444735, 0.024210, 0.063873, 0.454787, 0.367180, 388343.560512, 4933.094570 
50.662803, 9.628751, 3.753162, 0.067711, 0.055847, 0.532620, 0.323962, 298539.354389, 5409.134661 
55.987167, 9.227230, 4.607774, 0.080386, 0.062788, 0.572284, 0.228977, 248565.692242, 5067.484077 
53.533071, 6.883134, 4.305068, 0.066947, 0.053547, 0.591751, 0.269870, 336329.208234, 7076.919552 
25.398653, 3.674119, 1.967823, 0.053772, 0.143799, 0.763865, 0.916246, 2000000000000000.000000, 1000000000000000.000000 
47.475805, 9.399848, 4.191876, 0.005884, 0.111814, 0.889321, 0.357368, 941276.290181, 5666.133187 
55.464850, 2.288992, 1.734883, 0.070569, 0.111452, 0.193052, 0.941323, 2000000000000000.000000, 1000000000000000.000000 
42.685936, 3.075153, 2.699124, 0.090873, 0.090854, 0.700911, 0.405475, 2000000000000000.000000, 1000000000000000.000000 
58.439457, 9.327843, 4.247837, 0.052710, 0.067355, 0.362605, 0.440231, 302486.249977, 4990.512685 
58.841390, 8.251380, 4.182776, 0.054307, 0.058613, 0.906703, 0.273030, 279737.352680, 5466.290905 
56.545734, 8.189651, 4.328501, 0.037818, 0.062092, 0.705521, 0.078029, 315748.600212, 5614.421721 
54.152033, 7.581188, 4.173852, 0.045631, 0.056102, 0.747346, 0.218833, 334560.663365, 6255.807044 
30.957471, 1.715556, 1.980497, 0.035066, 0.179679, 0.656983, 0.631610, 2000000000000000.000000, 1000000000000000.000000 
54.905973, 2.027112, 3.166734, 0.004037, 0.134408, 0.128142, 0.221768, 2000000000000000.000000, 1000000000000000.000000 
58.019574, 8.475335, 4.532448, 0.066171, 0.073738, 0.646972, 0.372262, 284787.183338, 5328.111075 
56.268770, 9.414484, 4.109378, 0.069350, 0.074881, 0.689813, 0.306722, 280419.451921, 5092.456004 
58.128131, 9.479655, 4.349655, 0.077090, 0.065128, 0.030214, 0.114151, 255143.278400, 4916.285958 
55.463418, 8.962218, 4.523940, 0.064986, 0.052351, 0.683000, 0.441505, 266016.685818, 5237.792036 
59.017485, 9.571001, 4.467323, 0.060249, 0.066057, 0.703362, 0.291604, 257146.287005, 4814.888607 
52.253446, 8.469968, 4.599054, 0.056140, 0.058389, 0.610622, 0.330460, 310607.717851, 5794.533712 
32.041472, 2.496555, 2.928291, 0.031680, 0.148514, 0.686029, 0.959093, 2000000000000000.000000, 1000000000000000.000000 
56.553817, 3.638047, 1.478419, 0.062313, 0.111027, 0.139572, 0.494928, 988175.883840, 13295.941067 
24.380892, 4.870042, 2.400727, 0.056039, 0.136199, 0.621212, 0.120061, 2000000000000000.000000, 1000000000000000.000000 
54.446763, 9.237203, 4.154156, 0.039901, 0.065996, 0.729051, 0.116374, 311476.192891, 5240.927651 
33.013702, 9.828493, 3.750790, 0.004296, 0.111060, 0.745866, 0.647197, 2000000000000000.000000, 1000000000000000.000000 
56.470931, 2.166405, 3.908087, 0.049794, 0.168366, 0.253148, 0.108704, 2000000000000000.000000, 1000000000000000.000000 
28.830826, 5.100334, 3.560091, 0.057141, 0.098479, 0.211839, 0.614892, 2000000000000000.000000, 1000000000000000.000000 
57.660251, 8.009644, 4.070137, 0.054618, 0.056393, 0.622115, 0.013375, 281075.351762, 5692.996510 
55.561423, 8.690069, 4.850407, 0.076190, 0.052597, 0.793096, 0.409558, 251889.614952, 5356.229452 
54.621184, 9.426725, 4.480560, 0.041680, 0.052946, 0.724478, 0.286636, 287172.487904, 5078.600107 
20.976144, 7.817930, 1.337171, 0.041276, 0.153895, 0.821414, 0.507359, 1517409.122046, 14368.775323 
59.376434, 8.619726, 4.238348, 0.051178, 0.051042, 0.653411, 0.211597, 266511.898818, 5245.834594 
56.848141, 0.827343, 1.360493, 0.083183, 0.111367, 0.638986, 0.591446, 2000000000000000.000000, 1000000000000000.000000 
48.037329, 9.420626, 3.973692, 0.007509, 0.096071, 0.736624, 0.994902, 1087656.593027, 5625.013448 
57.043565, 8.824291, 3.675278, 0.049871, 0.068183, 0.733219, 0.159965, 312138.725751, 5462.046482 
59.597840, 0.434706, 1.596180, 0.076796, 0.186961, 0.361771, 0.301981, 2000000000000000.000000, 1000000000000000.000000 
20.711759, 4.763394, 2.626741, 0.071353, 0.130720, 0.431943, 0.019461, 2000000000000000.000000, 1000000000000000.000000 
55.894601, 9.147546, 3.703056, 0.071150, 0.064181, 0.535350, 0.089948, 280518.425480, 5367.539838 
30.884623, 2.389237, 4.193295, 0.044740, 0.111618, 0.309746, 0.980284, 2000000000000000.000000, 1000000000000000.000000 
24.872216, 8.616785, 0.564228, 0.079217, 0.078468, 0.695997, 0.669696, 1586546.768565, 21242.763280 
23.833796, 8.655718, 1.519358, 0.070214, 0.050765, 0.093375, 0.249771, 786673.180688, 11746.311550 
38.032413, 9.973223, 2.639820, 0.029728, 0.186167, 0.506692, 0.689084, 940469.472187, 6805.143763 
55.980710, 9.398045, 3.407070, 0.076986, 0.063094, 0.239975, 0.827568, 331903.359536, 5431.902897 
55.753488, 8.830003, 4.396481, 0.065181, 0.058169, 0.630906, 0.144265, 263688.142096, 5304.646603 
55.915039, 8.734845, 3.142869, 0.074861, 0.060146, 0.092253, 0.032612, 314905.650559, 5853.704136 
56.243551, 9.143285, 4.088563, 0.058149, 0.052577, 0.680440, 0.372186, 276128.884910, 5208.130315 
45.492093, 8.657370, 3.878170, 0.015691, 0.120435, 0.939564, 0.609378, 834447.736708, 6375.419127 
32.267032, 6.152102, 2.532556, 0.095762, 0.088381, 0.877972, 0.510443, 2000000000000000.000000, 1000000000000000.000000 
56.600248, 9.531334, 3.989070, 0.090241, 0.067508, 0.061864, 0.516222, 283570.575898, 5077.852843 
44.414476, 9.198261, 0.712303, 0.043142, 0.050139, 0.615334, 0.713726, 1246453.859356, 16219.706902 
48.424018, 5.866145, 4.967988, 0.055759, 0.101525, 0.677498, 0.282636, 2000000000000000.000000, 1000000000000000.000000 
52.194756, 8.695798, 3.860643, 0.053068, 0.052468, 0.773568, 0.307755, 311062.854732, 5713.757198 
49.026052, 7.267584, 3.593179, 0.061296, 0.113369, 0.922881, 0.836490, 517546.474957, 7106.348284 
56.869673, 8.998821, 4.150919, 0.073800, 0.054085, 0.429538, 0.537525, 273164.883292, 5220.759178 
52.075952, 2.095457, 4.851713, 0.013272, 0.162408, 0.412155, 0.504462, 2000000000000000.000000, 1000000000000000.000000 
55.295546, 9.559767, 4.127891, 0.063676, 0.051323, 0.450938, 0.432907, 272934.364167, 5074.860397 
59.993237, 9.098767, 0.973784, 0.050649, 0.171857, 0.184381, 0.499608, 1331625.563135, 12314.865714 
58.232074, 8.475902, 4.611651, 0.060253, 0.071989, 0.614371, 0.461668, 294881.032527, 5304.119266 
58.362035, 8.675729, 4.085626, 0.077355, 0.057287, 0.215437, 0.147450, 262500.373019, 5311.941265 
53.887206, 9.772137, 3.116307, 0.079111, 0.053036, 0.668218, 0.168847, 294418.773912, 5584.259806 
56.022699, 8.617908, 4.810305, 0.054606, 0.056543, 0.618496, 0.417934, 283877.374123, 5363.163586 
57.571213, 1.298482, 2.790465, 0.051536, 0.078009, 0.322977, 0.262319, 2000000000000000.000000, 1000000000000000.000000 
56.276222, 9.423555, 4.114897, 0.069839, 0.065584, 0.890299, 0.291849, 265309.702956, 5086.883046 
58.676034, 9.487483, 4.713759, 0.045084, 0.053906, 0.822858, 0.181884, 250269.211834, 4801.668528 
55.994745, 8.865719, 4.874063, 0.048442, 0.059899, 0.098212, 0.431846, 315047.290469, 5222.051627 
49.735292, 6.552447, 2.603461, 0.082382, 0.108577, 0.682565, 0.546506, 513309.665935, 7944.364528 
50.903858, 9.616107, 4.066905, 0.063751, 0.064943, 0.543006, 0.348962, 303780.998851, 5305.843050 
54.722434, 9.506341, 3.972729, 0.063721, 0.068669, 0.543960, 0.466954, 303066.073824, 5172.635053 
33.305378, 0.224011, 2.668523, 0.099979, 0.146488, 0.410557, 0.122352, 2000000000000000.000000, 1000000000000000.000000 
21.509517, 5.148243, 1.158487, 0.068611, 0.109151, 0.883777, 0.453428, 2000000000000000.000000, 1000000000000000.000000 
57.015016, 9.394906, 3.692244, 0.080922, 0.059818, 0.468218, 0.118425, 265748.171893, 5239.567839 
57.571536, 9.106568, 4.712166, 0.070401, 0.060268, 0.685055, 0.522828, 257457.679589, 5016.714874 
55.835316, 4.083337, 0.620277, 0.070577, 0.055002, 0.117750, 0.258479, 1333552.748082, 20873.123474 
52.568291, 8.885307, 3.731360, 0.067533, 0.082783, 0.483454, 0.435061, 346460.964910, 5632.847290 
58.901983, 8.972257, 4.394968, 0.060986, 0.059751, 0.567461, 0.392233, 268706.705877, 5071.615874 
34.096530, 3.207474, 4.075547, 0.057856, 0.066163, 0.811097, 0.302703, 2000000000000000.000000, 1000000000000000.000000 
58.401656, 9.632618, 4.257815, 0.070455, 0.076440, 0.691343, 0.461031, 273491.917049, 4879.292282 
55.017460, 9.715378, 3.884298, 0.090586, 0.070585, 0.064858, 0.878008, 312900.856799, 5117.312862 
52.984884, 9.883812, 4.626675, 0.070661, 0.071989, 0.554966, 0.143415, 263161.236629, 4958.133350 
58.523202, 8.444574, 3.968202, 0.039276, 0.065200, 0.634239, 0.244896, 330201.697315, 5448.586703 
59.804908, 8.973352, 4.538124, 0.051261, 0.057537, 0.595393, 0.483515, 276523.977205, 4996.175802 
37.769016, 4.971823, 1.107598, 0.032124, 0.079478, 0.120184, 0.993023, 1593960.832825, 14611.219042 
31.530139, 4.050856, 4.543534, 0.099208, 0.180042, 0.950028, 0.343181, 2000000000000000.000000, 1000000000000000.000000 
55.299731, 9.862095, 4.484767, 0.047777, 0.071375, 0.663477, 0.217835, 287524.272974, 4865.952806 
28.535474, 7.200360, 3.317100, 0.015140, 0.061917, 0.593025, 0.007285, 2000000000000000.000000, 1000000000000000.000000 
52.959486, 8.728575, 3.563736, 0.088476, 0.062039, 0.602019, 0.097485, 289068.164236, 5748.407244 
48.763766, 9.011887, 2.992308, 0.040700, 0.161895, 0.652505, 0.471657, 612186.298805, 6170.928249 
59.150409, 1.075912, 0.920851, 0.026120, 0.069722, 0.136921, 0.651651, 2000000000000000.000000, 1000000000000000.000000 
54.043544, 7.966423, 4.700171, 0.071812, 0.058602, 0.599164, 0.281829, 290297.911652, 6000.546810 
47.157442, 6.357516, 4.734644, 0.051556, 0.100492, 0.835995, 0.485160, 2000000000000000.000000, 1000000000000000.000000 
54.304410, 9.392320, 4.437205, 0.063619, 0.058056, 0.751558, 0.189900, 260877.757913, 5119.983490 
37.294310, 7.205881, 2.778790, 0.060889, 0.095392, 0.137439, 0.592461, 2000000000000000.000000, 1000000000000000.000000 
59.700058, 7.287552, 4.357647, 0.051244, 0.057226, 0.595925, 0.209244, 299282.092266, 5989.429844 
29.212465, 5.698964, 1.481368, 0.095551, 0.128623, 0.413792, 0.946867, 1171857.247072, 14332.601058 
58.263458, 8.747434, 3.991938, 0.065212, 0.055385, 0.611103, 0.077242, 260937.901459, 5315.621665 
58.062855, 8.797441, 4.746629, 0.066203, 0.052408, 0.797754, 0.243038, 240731.144728, 5131.017152 
22.401978, 0.361682, 4.275185, 0.058217, 0.060656, 0.560431, 0.004668, 2000000000000000.000000, 1000000000000000.000000 
54.728938, 9.846768, 4.525509, 0.074301, 0.061672, 0.639145, 0.253613, 249654.235008, 4891.607277 
57.285739, 8.697642, 4.515386, 0.040126, 0.061714, 0.745928, 0.106414, 290871.505517, 5259.326029 
58.076035, 7.842836, 3.630626, 0.058074, 0.056300, 0.279938, 0.314453, 322911.143191, 5900.803710 
56.383709, 9.127651, 4.514562, 0.089897, 0.071977, 0.438229, 0.307176, 258399.925242, 5105.398557 
56.082439, 8.719761, 3.845683, 0.043944, 0.059275, 0.727509, 0.162764, 309868.529641, 5480.431472 
59.194256, 7.774197, 4.328501, 0.062602, 0.069870, 0.659837, 0.086938, 280743.969994, 5690.831703 
56.138587, 9.672058, 3.246217, 0.085220, 0.066265, 0.645306, 0.164845, 289100.109795, 5447.750878 
56.761356, 8.975847, 3.283873, 0.087789, 0.056094, 0.231772, 0.050236, 285290.980504, 5633.856887 
52.641027, 9.240740, 4.413115, 0.031454, 0.058702, 0.750124, 0.126810, 326119.985205, 5302.942604 
34.121406, 1.472389, 3.156350, 0.064271, 0.159261, 0.274722, 0.189917, 2000000000000000.000000, 1000000000000000.000000 
25.500335, 7.911275, 4.729631, 0.005513, 0.174461, 0.538746, 0.822950, 2000000000000000.000000, 1000000000000000.000000 
34.934461, 7.631508, 0.627069, 0.035096, 0.180112, 0.920714, 0.837317, 2499062.263278, 19016.300961 
27.068569, 2.010891, 2.125756, 0.075515, 0.119088, 0.685959, 0.078876, 2000000000000000.000000, 1000000000000000.000000 
37.256357, 6.751519, 3.205285, 0.016434, 0.085066, 0.741228, 0.890276, 2000000000000000.000000, 1000000000000000.000000 
30.240790, 8.389754, 4.912546, 0.089614, 0.098393, 0.119734, 0.972583, 2000000000000000.000000, 1000000000000000.000000 
50.130346, 3.944497, 4.948296, 0.091890, 0.075305, 0.556796, 0.941672, 2000000000000000.000000, 1000000000000000.000000 
