71.180910, 9.813725, 4.949772, 0.108826, 0.058934, 0.898434, 0.841167, 186915.956186, 4281.365934 
54.588326, 8.674140, 4.391187, 0.086606, 0.179706, 0.864708, 0.864708, 412150.870524, 5465.359847 
28.478874, 2.277324, 1.453873, 0.021985, 0.081796, 0.211972, 0.211972, 2000000000000000.000000, 1000000000000000.000000 
62.063115, 10.054439, 5.431133, 0.013576, 0.050158, 1.151394, 0.918479, 402774.860075, 4335.446724 
67.833426, 11.088866, 5.072640, 0.118293, 0.072363, 0.958918, 0.905100, 188913.229407, 4004.992414 
61.619585, 8.922432, 4.433655, 0.111132, 0.050533, 0.826783, 0.761906, 222547.434251, 4968.365662 
26.788745, 1.863243, 1.263734, 0.017802, 0.075458, 0.169719, 0.169719, 2000000000000000.000000, 1000000000000000.000000 
59.873520, 12.193812, 6.283295, 0.004005, 0.059144, 1.233557, 1.010953, 698851.700895, 3725.294344 
59.308900, 10.902346, 5.063006, 0.107370, 0.053928, 1.060159, 0.946622, 200149.236710, 4248.534876 
65.098210, 11.950936, 5.434120, 0.008560, 0.078571, 1.192640, 1.138554, 603881.857495, 3789.023078 
71.216615, 9.634949, 4.671636, 0.116569, 0.051627, 0.908548, 0.740780, 185223.078044, 4418.562261 
29.587565, 2.548953, 1.578601, 0.024729, 0.085953, 0.239689, 0.239689, 2000000000000000.000000, 1000000000000000.000000 
59.444185, 11.885952, 5.282076, 0.107761, 0.064731, 0.799538, 0.880840, 197669.904420, 3961.447023 
59.394355, 12.049462, 5.374257, 0.016505, 0.052504, 0.846403, 1.004762, 373482.034286, 3908.826746 
70.304092, 10.710580, 5.591617, 0.113820, 0.065180, 0.804933, 0.965125, 175430.027009, 3913.943113 
60.252842, 11.947756, 6.050782, 0.019678, 0.056718, 1.270680, 1.037649, 320241.472759, 3795.589557 
66.096287, 8.929569, 4.586251, 0.116070, 0.053118, 0.881838, 0.768024, 205416.894106, 4772.988493 
22.102960, 0.715225, 0.736583, 0.006205, 0.057886, 0.052574, 0.052574, 2000000000000000.000000, 1000000000000000.000000 
63.220904, 10.965171, 6.379057, 0.022938, 0.081328, 1.160399, 1.086542, 366470.942208, 3907.136939 
61.951080, 8.674679, 5.960145, 0.113531, 0.071335, 1.050683, 0.992403, 215038.489607, 4895.459519 
59.428433, 11.128432, 5.809102, 0.018718, 0.057862, 1.252412, 1.019158, 353891.508484, 4061.353532 
60.852553, 12.169342, 5.619298, 0.015760, 0.053008, 0.826426, 0.977773, 368005.658646, 3798.331513 
66.658220, 10.454417, 5.495287, 0.117032, 0.054869, 0.936134, 0.912026, 174927.339136, 4069.580200 
66.631795, 10.744875, 5.835908, 0.016999, 0.056654, 1.115582, 1.049891, 356136.459478, 3933.511157 
64.819824, 8.995980, 4.467218, 0.118747, 0.063915, 1.008640, 0.900382, 220020.198856, 4823.236337 
66.399130, 9.354391, 4.817941, 0.119429, 0.070743, 0.919677, 0.750882, 205323.387463, 4553.421682 
67.078431, 11.522896, 5.203888, 0.112764, 0.065464, 0.853651, 0.911365, 184097.511307, 3894.367767 
62.011676, 11.907585, 5.369349, 0.016576, 0.067510, 1.061951, 1.198596, 425001.806412, 3874.204961 
72.238215, 10.192863, 4.607427, 0.126142, 0.050607, 0.970099, 0.861402, 180836.349712, 4292.471761 
67.184586, 11.132996, 5.670514, 0.004689, 0.058200, 1.188344, 1.226906, 723618.802003, 3862.234235 
32.036206, 3.148871, 1.854073, 0.030790, 0.095136, 0.300905, 0.300905, 2000000000000000.000000, 1000000000000000.000000 
41.128006, 5.376361, 2.876901, 0.053292, 0.129230, 0.528200, 0.528200, 2000000000000000.000000, 1000000000000000.000000 
62.053909, 11.606227, 5.016908, 0.016859, 0.054486, 1.169801, 0.917392, 359401.469101, 4021.025569 
61.752765, 11.071595, 5.464907, 0.019193, 0.062401, 1.086196, 1.220131, 391754.915776, 4049.077458 
39.755919, 5.040200, 2.722541, 0.049896, 0.124085, 0.493898, 0.493898, 2000000000000000.000000, 1000000000000000.000000 
58.663640, 11.143776, 5.984287, 0.015299, 0.063192, 1.270807, 0.963136, 402356.136955, 4071.037095 
56.380921, 10.929777, 6.250881, 0.024147, 0.051947, 1.094346, 0.832342, 302519.788575, 4248.551657 
61.722234, 12.444400, 5.800161, 0.020567, 0.056732, 1.307119, 0.973883, 300657.991412, 3690.933374 
61.614479, 11.967660, 5.934397, 0.005560, 0.053195, 1.163253, 0.886197, 561266.008101, 3767.130523 
61.767931, 8.497558, 5.879931, 0.112313, 0.054662, 0.975379, 1.035189, 208235.016769, 5008.747610 
62.691842, 12.845691, 4.790569, 0.111418, 0.062887, 0.789956, 0.870654, 194646.116874, 3859.099527 
61.820690, 11.034596, 5.404534, 0.019286, 0.061596, 1.165431, 1.266178, 390230.581378, 4067.712790 
60.006293, 12.434766, 5.581437, 0.013328, 0.054036, 1.283483, 0.967378, 376063.256562, 3774.477505 
61.900289, 12.363327, 5.381709, 0.102042, 0.069649, 1.090510, 0.976086, 190965.721196, 3786.773966 
63.956226, 9.669396, 4.938654, 0.118596, 0.080392, 1.044170, 1.029838, 218358.381421, 4490.889623 
61.613424, 11.970810, 6.051330, 0.015889, 0.063595, 1.214457, 0.956950, 366170.109986, 3749.569430 
60.885238, 12.668344, 5.966231, 0.014551, 0.060774, 1.226506, 0.925499, 363057.297480, 3641.247169 
61.881471, 10.646775, 5.307340, 0.014364, 0.057518, 1.188228, 0.880884, 402808.485617, 4186.188507 
59.808788, 11.507569, 4.654757, 0.016322, 0.059043, 0.934666, 1.068997, 435087.760017, 4198.648263 
64.086875, 8.449297, 4.882360, 0.122756, 0.057410, 0.946605, 0.699713, 207071.707211, 4966.931143 
63.880683, 11.649273, 6.694388, 0.017981, 0.057943, 1.125431, 1.058663, 326951.065640, 3682.031258 
59.851816, 10.451694, 4.849817, 0.016373, 0.051625, 1.123765, 1.039397, 404119.413720, 4404.595386 
22.340776, 0.773490, 0.763337, 0.006793, 0.058778, 0.058519, 0.058519, 2000000000000000.000000, 1000000000000000.000000 
58.204794, 11.122079, 5.905946, 0.012822, 0.051516, 1.039080, 0.913842, 408830.099822, 4104.381615 
57.858305, 11.307077, 4.738424, 0.100824, 0.069874, 1.050864, 0.898363, 222573.872702, 4270.655220 
63.207265, 10.000544, 6.095993, 0.020884, 0.053228, 1.097402, 0.913797, 320758.197980, 4232.052866 
32.964806, 3.376378, 1.958541, 0.033088, 0.098618, 0.324120, 0.324120, 2000000000000000.000000, 1000000000000000.000000 
48.006874, 7.061684, 3.650773, 0.070317, 0.155026, 0.700172, 0.700172, 584179.806886, 7510.135617 
58.244571, 11.508287, 6.215347, 0.011131, 0.063299, 1.171669, 1.124254, 493254.607198, 3966.376363 
35.032693, 3.883010, 2.191178, 0.038206, 0.106373, 0.375817, 0.375817, 2000000000000000.000000, 1000000000000000.000000 
63.956479, 12.873393, 4.775088, 0.009412, 0.069148, 0.866106, 1.002802, 560996.848403, 3843.216084 
64.674267, 10.590312, 4.905784, 0.082376, 0.130740, 0.853887, 1.034019, 287606.076354, 4223.155726 
63.536606, 8.383646, 4.367376, 0.121651, 0.052698, 0.984511, 0.821244, 221668.902049, 5140.090923 
63.464965, 12.670554, 5.130415, 0.107988, 0.058175, 1.040308, 0.945088, 181791.860113, 3770.351398 
62.243930, 11.471959, 5.313545, 0.027272, 0.069450, 0.946442, 1.067808, 336244.052680, 3972.628097 
66.741321, 11.044318, 5.240440, 0.011451, 0.073072, 1.182158, 1.137352, 526128.126716, 3987.553675 
61.092830, 12.065257, 6.301897, 0.008606, 0.062564, 1.130767, 1.022475, 508091.278898, 3712.955232 
60.798057, 9.809046, 5.255629, 0.110263, 0.059725, 1.100747, 1.018988, 206389.406258, 4495.888922 
36.627208, 4.273666, 2.370561, 0.042152, 0.112352, 0.415680, 0.415680, 2000000000000000.000000, 1000000000000000.000000 
49.006976, 7.306709, 3.763285, 0.072792, 0.158776, 0.725174, 0.725174, 549491.759565, 7099.452113 
66.504287, 9.808376, 4.833449, 0.114910, 0.098780, 0.839961, 0.821101, 225983.619822, 4408.959612 
65.936308, 8.641685, 5.675007, 0.112007, 0.057432, 1.043778, 0.905657, 191203.990183, 4686.629848 
61.064256, 10.450898, 5.783713, 0.012475, 0.072155, 1.231914, 1.066700, 509108.205253, 4201.353080 
60.671970, 10.407177, 5.598171, 0.023202, 0.052662, 1.163934, 0.950570, 315192.982481, 4252.901913 
61.003132, 12.634884, 5.277939, 0.009356, 0.054619, 1.130921, 1.102641, 485794.517881, 3781.378075 
62.851993, 11.300341, 5.508020, 0.009541, 0.061672, 1.157153, 0.970010, 501627.962164, 3955.686156 
61.670000, 11.343042, 5.638954, 0.097522, 0.056099, 1.116280, 0.888903, 183195.730455, 3954.243223 
49.880424, 7.520704, 3.861548, 0.074954, 0.162052, 0.747011, 0.747011, 522338.857203, 6777.387346 
60.923001, 11.347906, 5.460820, 0.004584, 0.050994, 1.222348, 1.053455, 678406.592458, 4006.322539 
62.955520, 9.577143, 5.431922, 0.108600, 0.060184, 0.908124, 0.862963, 199096.402407, 4464.866634 
62.020012, 10.610747, 5.327571, 0.021861, 0.057110, 1.041668, 1.039497, 347630.654440, 4187.906400 
61.859345, 10.230458, 5.541214, 0.011967, 0.061776, 1.308921, 0.838995, 448424.346767, 4270.389211 
58.071492, 11.313619, 5.695091, 0.005055, 0.055633, 1.134206, 1.216728, 736055.838521, 4076.702900 
59.467449, 9.869525, 4.940088, 0.098682, 0.198003, 0.986686, 0.986686, 338314.004468, 4583.202314 
58.179803, 12.512134, 5.543877, 0.003408, 0.069095, 1.082557, 1.166285, 880847.853533, 3814.900425 
65.894176, 10.879659, 5.705204, 0.014582, 0.051483, 1.258453, 0.897802, 347075.375369, 3941.776491 
60.593748, 9.497851, 5.441499, 0.115365, 0.064062, 0.932378, 1.126235, 213837.060681, 4601.216670 
62.491224, 10.479271, 6.097030, 0.011903, 0.073828, 1.345927, 0.916453, 478162.880651, 4103.445664 
63.312643, 12.030812, 5.086110, 0.027414, 0.056832, 0.908916, 0.995493, 298825.199133, 3894.642434 
47.037792, 6.824259, 3.541752, 0.067919, 0.151392, 0.675945, 0.675945, 622117.339945, 7958.333688 
60.152298, 9.383112, 4.945025, 0.014813, 0.060696, 1.155453, 1.098022, 493678.080161, 4733.113488 
55.091879, 11.815484, 6.090500, 0.022967, 0.054361, 1.129329, 0.771876, 300361.945429, 4035.310698 
52.315826, 8.117377, 4.135530, 0.080982, 0.171184, 0.807896, 0.807896, 458925.308978, 6023.239769 
59.302153, 10.475476, 4.702708, 0.099013, 0.133140, 0.965999, 0.828481, 276687.422505, 4453.186323 
63.169930, 10.681529, 6.438033, 0.007617, 0.075954, 1.181650, 1.114054, 643935.028142, 3986.160107 
64.604423, 10.586894, 5.805376, 0.020256, 0.062393, 1.197050, 1.147185, 357506.465104, 4034.418006 
47.002015, 6.815494, 3.537727, 0.067830, 0.151258, 0.675050, 0.675050, 623609.812657, 7975.945639 
62.999913, 10.614049, 5.181233, 0.005945, 0.055097, 1.141295, 0.967316, 635778.011849, 4188.635227 
65.054303, 11.241347, 5.217954, 0.002996, 0.060096, 1.057591, 1.106450, 889811.583551, 3983.245037 
59.585696, 12.717786, 4.830492, 0.016768, 0.061146, 1.107411, 1.146546, 408064.920855, 3918.424515 
57.945895, 11.980250, 4.954392, 0.001776, 0.076227, 1.055336, 1.186369, 1175573.404179, 4059.058774 
61.498210, 11.978376, 5.440436, 0.019754, 0.064926, 1.059520, 0.946217, 353491.081368, 3856.473152 
65.356883, 9.826006, 5.860771, 0.025632, 0.052915, 1.136328, 1.046464, 296778.897382, 4230.111551 
58.718117, 11.264897, 5.079241, 0.025598, 0.061000, 0.903202, 0.883305, 334023.642124, 4170.313368 
65.757830, 12.489818, 5.611586, 0.009991, 0.063479, 1.108894, 1.043317, 472894.082507, 3643.449830 
57.501755, 12.587074, 5.174718, 0.099786, 0.055626, 0.886337, 1.020030, 198250.135509, 3895.348198 
49.443003, 7.413536, 3.812338, 0.073871, 0.160411, 0.736075, 0.736075, 535599.775067, 6934.742012 
60.096198, 10.335681, 4.829071, 0.103832, 0.068559, 1.004330, 0.932623, 221871.559497, 4435.348873 
67.769869, 11.061147, 5.248040, 0.001085, 0.058442, 1.148359, 1.120187, 1148887.818575, 3963.885815 
31.008856, 2.897170, 1.738496, 0.028247, 0.091283, 0.275221, 0.275221, 2000000000000000.000000, 1000000000000000.000000 
59.898193, 9.975057, 4.988547, 0.099748, 0.199618, 0.997455, 0.997455, 333072.207178, 4520.598572 
65.424074, 10.204118, 5.760364, 0.012676, 0.068806, 1.094588, 1.104262, 493270.549958, 4124.342470 
54.969037, 10.736556, 5.020136, 0.024758, 0.050991, 0.980226, 0.953666, 341208.065100, 4477.314918 
66.109054, 11.661045, 5.302877, 0.098812, 0.080855, 0.791560, 0.940922, 202796.139434, 3857.863725 
67.613326, 11.321673, 5.272285, 0.110632, 0.072288, 0.807629, 0.902262, 188707.343489, 3906.978553 
59.492982, 9.955319, 5.419049, 0.012672, 0.056239, 1.220296, 0.997474, 466660.575139, 4480.078484 
59.393316, 12.219311, 5.566275, 0.104959, 0.056708, 1.044389, 0.978831, 184137.410617, 3836.391085 
70.641776, 8.424207, 4.897784, 0.124192, 0.056687, 0.871722, 0.818480, 191360.329156, 4745.617471 
61.909617, 9.087954, 5.787845, 0.117686, 0.069808, 1.091889, 1.018188, 207533.479656, 4686.635364 
61.161212, 12.255179, 6.401079, 0.024619, 0.058796, 1.205211, 0.943211, 275063.384726, 3658.448422 
63.625601, 10.239745, 5.297548, 0.019420, 0.055248, 1.089364, 0.915860, 349946.082686, 4249.326541 
20.720860, 0.376611, 0.581097, 0.002784, 0.052703, 0.018022, 0.018022, 2000000000000000.000000, 1000000000000000.000000 
60.698479, 10.345297, 5.817678, 0.017561, 0.053167, 1.261157, 0.839437, 343052.434133, 4247.795170 
52.875625, 8.254528, 4.198508, 0.082367, 0.173284, 0.821891, 0.821891, 446447.197904, 5874.533313 
62.350786, 11.574576, 6.119708, 0.017536, 0.052463, 1.244783, 0.994372, 320439.500861, 3808.470359 
59.106818, 8.980501, 5.480528, 0.111831, 0.074591, 1.082200, 1.038850, 233038.826911, 4925.592757 
62.346950, 11.584473, 5.787402, 0.020673, 0.051692, 0.871059, 1.116262, 326845.395074, 3854.395175 
41.752422, 5.529343, 2.947147, 0.054837, 0.131572, 0.543811, 0.543811, 2000000000000000.000000, 1000000000000000.000000 
