55.071142, 8.792430, 4.445503, 0.087801, 0.181517, 0.876779, 0.876779, 403416.070492, 5361.058345 
58.685647, 32.555521, 13.829834, 0.040119, 0.068574, 1.401803, 0.987939, 118136.080261, 2108.532063 
94.458133, 26.187728, 12.474570, 0.140772, 0.058354, 1.350533, 1.419052, 65534.210068, 2246.566543 
81.060847, 27.365516, 13.221865, 0.120518, 0.062768, 1.127618, 1.302330, 72789.094814, 2163.449596 
67.720034, 27.606097, 13.134465, 0.090597, 0.063216, 1.107371, 1.252526, 87471.080659, 2133.325967 
29.359116, 2.492983, 1.552901, 0.024164, 0.085097, 0.233978, 0.233978, 2000000000000000.000000, 1000000000000000.000000 
120.876962, 13.131681, 15.544371, 0.153545, 0.060372, 0.831146, 0.174093, 35883.608545, 2646.227225 
87.492576, 27.599615, 13.131260, 0.127973, 0.054935, 1.318105, 1.243621, 64837.424008, 2195.847316 
108.717029, 17.348591, 12.844249, 0.182450, 0.052560, 1.188828, 0.117965, 44418.702519, 2465.246302 
59.747771, 9.938204, 4.971624, 0.099376, 0.199054, 0.993694, 0.993694, 334883.512353, 4542.229451 
75.129190, 29.959970, 12.045179, 0.098792, 0.061952, 1.116158, 1.088087, 81519.309235, 2148.919780 
57.750448, 9.448860, 4.746925, 0.094432, 0.191564, 0.943761, 0.943761, 361018.231717, 4854.480919 
23.073285, 0.952955, 0.845745, 0.008606, 0.061525, 0.076832, 0.076832, 2000000000000000.000000, 1000000000000000.000000 
129.935342, 18.562211, 15.681111, 0.164922, 0.051659, 0.746200, 0.263901, 34336.278324, 2718.837740 
32.351900, 3.226215, 1.889589, 0.031571, 0.096320, 0.308798, 0.308798, 2000000000000000.000000, 1000000000000000.000000 
81.615388, 27.749386, 12.942740, 0.133306, 0.053535, 1.151758, 1.203319, 66910.909122, 2166.826441 
70.853586, 28.999412, 12.525278, 0.089940, 0.051466, 0.972217, 1.152613, 81390.877255, 2133.899844 
101.251144, 20.145650, 12.925983, 0.176667, 0.055642, 0.842670, 0.733813, 53955.510298, 2346.133357 
51.428419, 7.899963, 4.035697, 0.078785, 0.167857, 0.785710, 0.785710, 480188.679944, 6276.416979 
65.944071, 28.630469, 13.212134, 0.082188, 0.060098, 1.215845, 1.195787, 87498.059041, 2124.676318 
69.173699, 30.533141, 12.896991, 0.110808, 0.051121, 0.984800, 1.149599, 75213.106339, 2122.946090 
118.206580, 15.215177, 17.272501, 0.179621, 0.055896, 0.483776, 0.533073, 36364.490960, 2570.806919 
72.587093, 28.342377, 11.949830, 0.102427, 0.052973, 1.168973, 1.216293, 79778.335599, 2149.357904 
113.009287, 17.814504, 12.709147, 0.177819, 0.052988, 1.184581, 0.186366, 44209.860761, 2495.901272 
80.824640, 27.591143, 13.706376, 0.135172, 0.058201, 1.287928, 1.260054, 65760.002473, 2159.920890 
52.832440, 8.243948, 4.193650, 0.082260, 0.173122, 0.820811, 0.820811, 447385.722826, 5885.721505 
86.455266, 27.154748, 13.568164, 0.127554, 0.067567, 1.332270, 1.336889, 69055.987210, 2189.051873 
49.211628, 7.356849, 3.786308, 0.073299, 0.159544, 0.730291, 0.730291, 542884.621303, 7021.131748 
40.325133, 5.179658, 2.786577, 0.051305, 0.126219, 0.508128, 0.508128, 2000000000000000.000000, 1000000000000000.000000 
75.362090, 28.524885, 12.443841, 0.101120, 0.054879, 1.101138, 1.065639, 76471.665837, 2147.150480 
90.975574, 25.144490, 12.085210, 0.138642, 0.062772, 1.358401, 1.419554, 70018.315046, 2235.962220 
123.399654, 15.845432, 16.613860, 0.159876, 0.051146, 0.583190, 0.279909, 34011.399938, 2632.336698 
29.985813, 2.646524, 1.623404, 0.025715, 0.087447, 0.249645, 0.249645, 2000000000000000.000000, 1000000000000000.000000 
74.182027, 29.891365, 12.581375, 0.108171, 0.057633, 1.142908, 1.048995, 75256.857836, 2139.248979 
67.042237, 30.122018, 13.040795, 0.089860, 0.062926, 1.282264, 1.273632, 85710.162494, 2119.184100 
63.445803, 32.084961, 13.552942, 0.078561, 0.053035, 1.553471, 1.166257, 81050.172131, 2109.828764 
77.995959, 20.263152, 12.305407, 0.210626, 0.057516, 1.106942, 0.494526, 63806.626047, 2285.152924 
114.142984, 15.959768, 17.314733, 0.169947, 0.052630, 0.513513, 0.559518, 37677.016468, 2511.904375 
86.400581, 28.208152, 13.602016, 0.132930, 0.056053, 1.222376, 1.178398, 63290.686886, 2188.925563 
61.201462, 31.893114, 13.679694, 0.039552, 0.050303, 1.462230, 0.914124, 100157.129752, 2108.689821 
83.628555, 21.667761, 12.302739, 0.205311, 0.054165, 1.158121, 0.716208, 60617.869044, 2248.785910 
74.968352, 28.672044, 12.548310, 0.102649, 0.058887, 1.129002, 1.038003, 77023.410773, 2144.236104 
117.900282, 13.893591, 15.354469, 0.155680, 0.070853, 0.896984, 0.228890, 40023.557170, 2595.572182 
69.957376, 30.340210, 13.116652, 0.082121, 0.053035, 1.312820, 1.200783, 80386.716565, 2123.104382 
57.803947, 9.461967, 4.752944, 0.094565, 0.191765, 0.945099, 0.945099, 360263.640486, 4845.463160 
116.511748, 12.989181, 15.691169, 0.155988, 0.059885, 1.007052, 0.163324, 35759.638923, 2603.888021 
129.349878, 14.438155, 15.936601, 0.186587, 0.057206, 0.563564, 0.258676, 32359.661775, 2742.585018 
41.754112, 5.529757, 2.947338, 0.054841, 0.131578, 0.543853, 0.543853, 2000000000000000.000000, 1000000000000000.000000 
130.751299, 15.234782, 15.855089, 0.185044, 0.053022, 0.508876, 0.236551, 31807.790954, 2758.856733 
113.026052, 17.803971, 16.470271, 0.164805, 0.052710, 0.559380, 0.240958, 37585.039792, 2471.684483 
135.167111, 15.528913, 15.999861, 0.182112, 0.058055, 0.521522, 0.302942, 32790.672324, 2852.053212 
95.974400, 25.488526, 11.966934, 0.140844, 0.056693, 1.401593, 1.404320, 66112.059276, 2266.787351 
63.688323, 31.959172, 13.796459, 0.040597, 0.058452, 1.387488, 1.008845, 106797.675782, 2109.309650 
114.907250, 18.093485, 16.368745, 0.155404, 0.059555, 0.441412, 0.190332, 39806.699693, 2491.008781 
70.439045, 28.892088, 13.508293, 0.082999, 0.058116, 1.094799, 1.199115, 83496.718867, 2124.682296 
134.437989, 16.012072, 15.565898, 0.174450, 0.060039, 0.518936, 0.248483, 34487.197576, 2825.236175 
81.056774, 26.431724, 13.155542, 0.128553, 0.063580, 1.247054, 1.247728, 70660.436597, 2167.587238 
68.742496, 28.352871, 13.525432, 0.086351, 0.059893, 1.179057, 1.351473, 85577.796176, 2124.874728 
61.481143, 32.014142, 14.069411, 0.054813, 0.058401, 1.457620, 1.233687, 97721.468884, 2107.548662 
108.136635, 18.531885, 12.954683, 0.182194, 0.054141, 1.218023, 0.183829, 45248.077427, 2429.891153 
59.519204, 9.882205, 4.945910, 0.098810, 0.198197, 0.987980, 0.987980, 337675.181673, 4575.571895 
122.777709, 13.563999, 16.010522, 0.150818, 0.057473, 0.979525, 0.207667, 33975.371308, 2655.162418 
39.535920, 4.986300, 2.697791, 0.049351, 0.123260, 0.488398, 0.488398, 2000000000000000.000000, 1000000000000000.000000 
42.239219, 5.648609, 3.001912, 0.056042, 0.133397, 0.555980, 0.555980, 2000000000000000.000000, 1000000000000000.000000 
116.091188, 18.895866, 16.035358, 0.149073, 0.070400, 0.488263, 0.317203, 45176.990616, 2497.088875 
82.484463, 27.144402, 14.413398, 0.141843, 0.050021, 1.269940, 1.217530, 59387.242410, 2168.374613 
51.622822, 7.947591, 4.057567, 0.079266, 0.168586, 0.790571, 0.790571, 475365.384833, 6219.012988 
118.037521, 15.409991, 17.103557, 0.178820, 0.068404, 0.533454, 0.482590, 39320.830822, 2564.755600 
35.484350, 3.993666, 2.241989, 0.039324, 0.108066, 0.387109, 0.387109, 2000000000000000.000000, 1000000000000000.000000 
84.578783, 29.185455, 12.948671, 0.115723, 0.055849, 1.417205, 1.157143, 67405.608926, 2180.944552 
76.477568, 28.277976, 12.962007, 0.106408, 0.053396, 1.206691, 1.038360, 71494.792317, 2145.723357 
69.042687, 30.280052, 13.179255, 0.093326, 0.051058, 1.445692, 1.109709, 74872.208067, 2120.845106 
85.140727, 21.767712, 12.416231, 0.199389, 0.057016, 1.263829, 0.708151, 59850.773025, 2247.785345 
47.344125, 6.899311, 3.576214, 0.068677, 0.152540, 0.683603, 0.683603, 609617.303439, 7810.765881 
27.025291, 1.921196, 1.290345, 0.018388, 0.076345, 0.175632, 0.175632, 2000000000000000.000000, 1000000000000000.000000 
82.214756, 21.737402, 12.690037, 0.202333, 0.051567, 1.119351, 0.505828, 58554.466014, 2236.511686 
56.033028, 9.028092, 4.553716, 0.090182, 0.185124, 0.900826, 0.900826, 387080.457383, 5165.921781 
119.838875, 12.720767, 15.829092, 0.154336, 0.061334, 0.969297, 0.183819, 35064.149199, 2642.651473 
59.100104, 9.779526, 4.898762, 0.097773, 0.196625, 0.977503, 0.977503, 342921.104482, 4638.236967 
119.824565, 15.473361, 15.711443, 0.182433, 0.060588, 0.861320, 0.388152, 36692.672148, 2581.608796 
33.825487, 3.587244, 2.055367, 0.035218, 0.101846, 0.345637, 0.345637, 2000000000000000.000000, 1000000000000000.000000 
29.762840, 2.591896, 1.598320, 0.025163, 0.086611, 0.244071, 0.244071, 2000000000000000.000000, 1000000000000000.000000 
54.290881, 8.601266, 4.357724, 0.085870, 0.178591, 0.857272, 0.857272, 417723.746342, 5531.887793 
44.042166, 6.090331, 3.204744, 0.060504, 0.140158, 0.601054, 0.601054, 2000000000000000.000000, 1000000000000000.000000 
69.855614, 30.557332, 13.216845, 0.082800, 0.051108, 1.457296, 1.116335, 76962.733160, 2122.136433 
83.469597, 28.225104, 13.153878, 0.120316, 0.059858, 1.442111, 1.135301, 67442.642326, 2173.725017 
72.573326, 30.147635, 13.503627, 0.095240, 0.060897, 1.408626, 1.223287, 77229.033769, 2128.188783 
70.022583, 30.617534, 12.855872, 0.086989, 0.055353, 1.304911, 1.174439, 80519.033419, 2125.049020 
114.637972, 17.958476, 16.216266, 0.155700, 0.056556, 0.520700, 0.406836, 41200.390396, 2487.319863 
52.897910, 8.259988, 4.201015, 0.082422, 0.173367, 0.822448, 0.822448, 445964.400679, 5868.778010 
28.712258, 2.334503, 1.480129, 0.022563, 0.082671, 0.217806, 0.217806, 2000000000000000.000000, 1000000000000000.000000 
118.423129, 18.335578, 15.507097, 0.175784, 0.059507, 0.814001, 0.404381, 39321.329934, 2527.144838 
74.062357, 21.507292, 12.915273, 0.218926, 0.056790, 1.024209, 0.557480, 63804.406817, 2241.553888 
82.468329, 28.138619, 12.952279, 0.115440, 0.053650, 1.370642, 1.107732, 67308.959754, 2170.003204 
53.709334, 8.458787, 4.292300, 0.084431, 0.176410, 0.842733, 0.842733, 429067.574064, 5667.262286 
37.044988, 4.376022, 2.417561, 0.043186, 0.113919, 0.426125, 0.426125, 2000000000000000.000000, 1000000000000000.000000 
89.543934, 21.209748, 11.816067, 0.193836, 0.066830, 1.195192, 0.485912, 61137.940296, 2288.737362 
67.828564, 31.815261, 13.440520, 0.056268, 0.071548, 1.424614, 1.154721, 102528.529421, 2117.278360 
119.695103, 15.375650, 17.804392, 0.185064, 0.068426, 0.468661, 0.484127, 37684.541772, 2595.959659 
71.042435, 29.929368, 11.820132, 0.106737, 0.060604, 1.148313, 1.160922, 82340.943252, 2142.245540 
86.130730, 28.637592, 13.596512, 0.108383, 0.058362, 1.372118, 1.190394, 67709.121755, 2188.019351 
85.247057, 22.661775, 12.073651, 0.199865, 0.051545, 1.180991, 0.563360, 59412.913525, 2239.476358 
66.822655, 28.321578, 13.383511, 0.087672, 0.055330, 1.292641, 1.218926, 81986.489276, 2125.396044 
45.473833, 6.441089, 3.365806, 0.064048, 0.145527, 0.636846, 0.636846, 2000000000000000.000000, 1000000000000000.000000 
84.336913, 26.618799, 13.035333, 0.144612, 0.052609, 1.275006, 1.252025, 63694.013570, 2181.831703 
114.405526, 17.163358, 16.302134, 0.158000, 0.058550, 0.428919, 0.382120, 41399.850600, 2493.158878 
23.762955, 1.121924, 0.923332, 0.010313, 0.064111, 0.094074, 0.094074, 2000000000000000.000000, 1000000000000000.000000 
44.486501, 6.199193, 3.254731, 0.061604, 0.141824, 0.612163, 0.612163, 2000000000000000.000000, 1000000000000000.000000 
28.549855, 2.294714, 1.461859, 0.022161, 0.082062, 0.213746, 0.213746, 2000000000000000.000000, 1000000000000000.000000 
67.581502, 29.406573, 12.705194, 0.095494, 0.059098, 1.052598, 1.149938, 83756.197860, 2125.708108 
61.081057, 31.654184, 13.977085, 0.061788, 0.061058, 1.488564, 1.200325, 94618.640401, 2108.363440 
24.399359, 1.277843, 0.994928, 0.011888, 0.066498, 0.109984, 0.109984, 2000000000000000.000000, 1000000000000000.000000 
85.354465, 27.434091, 13.382214, 0.122366, 0.082950, 1.316487, 1.291221, 76266.782170, 2183.183432 
111.148771, 17.632968, 12.306347, 0.182140, 0.057741, 1.219756, 0.145110, 46472.306676, 2494.113865 
112.553575, 16.349630, 17.224927, 0.172319, 0.052088, 0.425917, 0.694170, 39734.330471, 2488.354584 
100.391187, 20.058487, 13.738496, 0.212773, 0.050705, 0.718607, 0.819731, 49146.923796, 2330.067618 
38.298675, 4.683175, 2.558601, 0.046289, 0.118620, 0.457467, 0.457467, 2000000000000000.000000, 1000000000000000.000000 
132.641787, 15.455411, 15.927910, 0.177732, 0.050076, 0.455458, 0.219066, 31244.861236, 2795.715265 
30.742704, 2.831963, 1.708554, 0.027588, 0.090285, 0.268568, 0.268568, 2000000000000000.000000, 1000000000000000.000000 
66.398048, 31.121321, 13.639033, 0.062464, 0.050165, 1.342215, 1.184200, 86312.378981, 2113.322721 
130.651812, 19.071510, 16.375728, 0.151683, 0.068782, 0.709450, 0.048354, 36137.166839, 2750.599739 
64.852666, 32.826649, 13.157711, 0.029903, 0.052146, 1.416987, 0.959964, 116146.312651, 2114.213329 
61.719766, 32.736141, 13.744412, 0.056162, 0.064135, 1.436227, 1.116723, 99042.514675, 2108.064127 
60.225854, 31.393003, 13.509694, 0.049734, 0.053990, 1.461144, 1.224762, 101176.340824, 2111.538416 
54.069488, 8.547025, 4.332817, 0.085322, 0.177761, 0.851737, 0.851737, 421970.806684, 5582.578580 
100.091855, 19.149719, 12.824480, 0.183224, 0.052740, 1.014186, 0.763230, 52976.816633, 2360.355466 
48.748374, 7.243352, 3.734192, 0.072152, 0.157806, 0.718709, 0.718709, 558069.141475, 7201.081546 
25.373656, 1.516546, 1.104536, 0.014300, 0.070151, 0.134341, 0.134341, 2000000000000000.000000, 1000000000000000.000000 
