87.710333, 24.439753, 12.593822, 0.244020, 0.065356, 1.370903, 0.470887, 55472.281881, 2216.454470 
73.009814, 30.677116, 13.991328, 0.129834, 0.062329, 1.470408, 1.142197, 67825.647479, 2129.888775 
127.933768, 11.932932, 16.856822, 0.191460, 0.068064, 0.775176, 0.018587, 28295.525014, 2760.769628 
127.101936, 11.826660, 16.703034, 0.194546, 0.058910, 0.791760, 0.048672, 27149.660233, 2750.224194 
69.218331, 30.598579, 12.962356, 0.136506, 0.069842, 1.682496, 1.053845, 72351.348991, 2122.444679 
24.213741, 1.232366, 0.974046, 0.011429, 0.065802, 0.105344, 0.105344, 2000000000000000.000000, 1000000000000000.000000 
47.203085, 6.864756, 3.560347, 0.068328, 0.152012, 0.680077, 0.680077, 615311.301084, 7877.998562 
47.659102, 6.976480, 3.611649, 0.069456, 0.153722, 0.691478, 0.691478, 597264.324532, 7664.829608 
46.412215, 6.670993, 3.471374, 0.066370, 0.149046, 0.660305, 0.660305, 649255.703537, 8278.350271 
61.548802, 31.246400, 13.372799, 0.147294, 0.051688, 1.868168, 1.312594, 70417.090299, 2111.714045 
103.578474, 18.845008, 17.419632, 0.252196, 0.054812, 0.544481, 0.715482, 38127.659062, 2374.503173 
112.376985, 17.717238, 17.408293, 0.200163, 0.055927, 1.226429, 0.238252, 32503.024912, 2475.440373 
95.644963, 20.924650, 16.405726, 0.261384, 0.057731, 0.682363, 0.859146, 43744.015899, 2284.546975 
47.375209, 6.906926, 3.579711, 0.068754, 0.152657, 0.684380, 0.684380, 608376.176596, 7796.108080 
126.479947, 13.441161, 16.643541, 0.177924, 0.055636, 0.948876, 0.129418, 28913.679615, 2711.129821 
118.563787, 14.785609, 16.177528, 0.214552, 0.065620, 1.080932, 0.422217, 34244.334593, 2577.433127 
60.131062, 31.247087, 13.021575, 0.128593, 0.060262, 1.477275, 1.252987, 78483.655848, 2115.681219 
58.433778, 9.616276, 4.823800, 0.096124, 0.194127, 0.960844, 0.960844, 351616.880381, 4742.134433 
116.750123, 16.791553, 16.699538, 0.203697, 0.057063, 1.103995, 0.159859, 31919.968592, 2529.175086 
86.118683, 24.623845, 12.907277, 0.234461, 0.056959, 1.420585, 0.418667, 53883.688864, 2203.342832 
121.482605, 16.056926, 17.010122, 0.197344, 0.057068, 1.289360, 0.226069, 29999.383110, 2605.712633 
117.479136, 15.988900, 16.466125, 0.189907, 0.059091, 1.189210, 0.255128, 33202.048438, 2545.873373 
74.905588, 31.286959, 13.526864, 0.119773, 0.057672, 1.529781, 1.094803, 67650.818794, 2138.894229 
73.495587, 31.435178, 13.679927, 0.137006, 0.058216, 1.361000, 1.142286, 66667.181134, 2133.750679 
72.103339, 24.749096, 13.018548, 0.263994, 0.061702, 1.363493, 0.332073, 60296.319778, 2168.857896 
20.520647, 0.327558, 0.558573, 0.002289, 0.051952, 0.013016, 0.013016, 2000000000000000.000000, 1000000000000000.000000 
118.681858, 16.209038, 16.807918, 0.191689, 0.058878, 1.116234, 0.057308, 30965.522857, 2561.670282 
69.273493, 30.582169, 13.656295, 0.126290, 0.058750, 1.422849, 1.121109, 70137.017578, 2118.916459 
32.986271, 3.381636, 1.960956, 0.033141, 0.098699, 0.324657, 0.324657, 2000000000000000.000000, 1000000000000000.000000 
126.351273, 12.429879, 17.092511, 0.189839, 0.059225, 0.895676, 0.041935, 27051.348246, 2727.197111 
114.770523, 16.168710, 16.842959, 0.183378, 0.057091, 1.191176, 0.116073, 32390.730157, 2512.975289 
30.596259, 2.796084, 1.692079, 0.027226, 0.089736, 0.264906, 0.264906, 2000000000000000.000000, 1000000000000000.000000 
75.275877, 25.458053, 12.944360, 0.254851, 0.060273, 1.341023, 0.452188, 58980.799046, 2161.957809 
71.982959, 31.496453, 13.480877, 0.132741, 0.063681, 1.434434, 1.071184, 69202.649297, 2128.531698 
34.681150, 3.796882, 2.151629, 0.037336, 0.105054, 0.367029, 0.367029, 2000000000000000.000000, 1000000000000000.000000 
126.514668, 13.848474, 17.535459, 0.198487, 0.055009, 0.993232, 0.272805, 27535.828006, 2714.657856 
103.448351, 20.576375, 15.134725, 0.258279, 0.050902, 0.715557, 0.113512, 38836.177495, 2341.851892 
46.473601, 6.686032, 3.478280, 0.066522, 0.149276, 0.661840, 0.661840, 646491.486600, 8245.776980 
121.329132, 14.909004, 17.182944, 0.212941, 0.051392, 0.982464, 0.408355, 29503.893659, 2616.681136 
57.294163, 9.337070, 4.695593, 0.093303, 0.189853, 0.932354, 0.932354, 367587.751098, 4932.991076 
60.869588, 31.218130, 13.209344, 0.135581, 0.057960, 1.441653, 1.222830, 75603.146046, 2113.435841 
24.909061, 1.402720, 1.052269, 0.013150, 0.068409, 0.122727, 0.122727, 2000000000000000.000000, 1000000000000000.000000 
102.383407, 20.196104, 14.613048, 0.242572, 0.064141, 0.780806, 0.105807, 42350.095220, 2337.044104 
47.130289, 6.846921, 3.552157, 0.068147, 0.151739, 0.678257, 0.678257, 618290.813396, 7913.171020 
93.902366, 25.161117, 16.389269, 0.259337, 0.064672, 0.699759, 0.969229, 46653.591384, 2260.333307 
61.879511, 30.841923, 13.107377, 0.124655, 0.063971, 1.472283, 1.315271, 79588.857107, 2114.943964 
26.274998, 1.737375, 1.205937, 0.016531, 0.073531, 0.156875, 0.156875, 2000000000000000.000000, 1000000000000000.000000 
99.684713, 20.412893, 14.676773, 0.240100, 0.070191, 0.768476, 0.089806, 43969.871477, 2313.836341 
123.409856, 14.076003, 16.797960, 0.210146, 0.062637, 0.943769, 0.352882, 31098.059366, 2655.081952 
51.583976, 7.938074, 4.053197, 0.079170, 0.168440, 0.789599, 0.789599, 476321.506629, 6230.393448 
52.302290, 8.114061, 4.134008, 0.080948, 0.171134, 0.807557, 0.807557, 459235.600110, 6026.936441 
23.675007, 1.100377, 0.913438, 0.010096, 0.063781, 0.091875, 0.091875, 2000000000000000.000000, 1000000000000000.000000 
63.000780, 29.721264, 13.074617, 0.151574, 0.051833, 1.783429, 1.288792, 70976.156934, 2120.285297 
36.913726, 4.343863, 2.402794, 0.042861, 0.113426, 0.422843, 0.422843, 2000000000000000.000000, 1000000000000000.000000 
98.274028, 20.954246, 14.697150, 0.237462, 0.064326, 0.712652, 0.113005, 44193.109009, 2297.368074 
128.127998, 11.826665, 16.729453, 0.190842, 0.075690, 0.692658, 0.004153, 29896.328855, 2766.014497 
95.312557, 20.055113, 14.943698, 0.249528, 0.050123, 0.778958, 0.057854, 42124.229943, 2290.121347 
112.775595, 16.614597, 17.355970, 0.207308, 0.050420, 1.122438, 0.131640, 30553.283878, 2489.028193 
127.711971, 12.296086, 16.597739, 0.185086, 0.058802, 0.719654, 0.082097, 28520.521824, 2750.410497 
119.182624, 15.792132, 16.886888, 0.184622, 0.054728, 1.167023, 0.168109, 30847.088718, 2573.673315 
42.897860, 5.809976, 3.076009, 0.057672, 0.135867, 0.572446, 0.572446, 2000000000000000.000000, 1000000000000000.000000 
119.599610, 15.814521, 16.981554, 0.206622, 0.055744, 1.187069, 0.140261, 29526.929881, 2580.132247 
52.816734, 8.240100, 4.191883, 0.082221, 0.173063, 0.820418, 0.820418, 447728.036405, 5889.802154 
27.159207, 1.954006, 1.305411, 0.018719, 0.076847, 0.178980, 0.178980, 2000000000000000.000000, 1000000000000000.000000 
72.730501, 31.335101, 13.367913, 0.130728, 0.064972, 1.386830, 1.111481, 70540.423663, 2130.932443 
122.907494, 15.328308, 16.974966, 0.198562, 0.060027, 1.266562, 0.239153, 29896.714276, 2633.700527 
75.732211, 31.838588, 13.147911, 0.145099, 0.050946, 1.273429, 1.036322, 63966.579040, 2144.850237 
89.246857, 24.605085, 12.115425, 0.242978, 0.051486, 1.382861, 0.460352, 54867.611172, 2230.566090 
29.131620, 2.437247, 1.527307, 0.023601, 0.084244, 0.228291, 0.228291, 2000000000000000.000000, 1000000000000000.000000 
59.742577, 30.840935, 13.400378, 0.134888, 0.058556, 1.468773, 1.361587, 77320.381878, 2115.600473 
107.889208, 14.868267, 19.043283, 0.175173, 0.056885, 1.016016, 0.362629, 33329.427726, 2479.154673 
121.464089, 14.257460, 17.281619, 0.210846, 0.060713, 1.147710, 0.250925, 29172.634755, 2627.592752 
86.622585, 24.738476, 12.734334, 0.239148, 0.067703, 1.449725, 0.448724, 55559.525104, 2206.828513 
116.406637, 17.503921, 16.946056, 0.201167, 0.051089, 1.062253, 0.135193, 31013.190307, 2521.664326 
98.732917, 20.907390, 14.931770, 0.243254, 0.051197, 0.743577, 0.058582, 41207.439038, 2300.927270 
98.828177, 19.652462, 17.070708, 0.249676, 0.066232, 0.827378, 0.728408, 41822.164793, 2324.376138 
73.070215, 30.921246, 13.106321, 0.132733, 0.060739, 1.411034, 1.113229, 69648.395968, 2132.179031 
63.742731, 30.694432, 13.098505, 0.125970, 0.055429, 1.408663, 1.354418, 75935.022089, 2114.989968 
32.878968, 3.355347, 1.948884, 0.032875, 0.098296, 0.321974, 0.321974, 2000000000000000.000000, 1000000000000000.000000 
30.405353, 2.749312, 1.670602, 0.026753, 0.089020, 0.260134, 0.260134, 2000000000000000.000000, 1000000000000000.000000 
72.396305, 30.479070, 13.528988, 0.137372, 0.056407, 1.592410, 1.065198, 65717.199702, 2127.816968 
122.599244, 14.619806, 16.965849, 0.214101, 0.058693, 0.943274, 0.318407, 30154.729069, 2636.825031 
54.001652, 8.530405, 4.325186, 0.085154, 0.177506, 0.850041, 0.850041, 423289.490671, 5598.316157 
57.658004, 9.426211, 4.736525, 0.094204, 0.191218, 0.941450, 0.941450, 362329.783228, 4870.154682 
28.032013, 2.167843, 1.403601, 0.020879, 0.080120, 0.200800, 0.200800, 2000000000000000.000000, 1000000000000000.000000 
112.716674, 17.469717, 16.872683, 0.202458, 0.058778, 1.078671, 0.196997, 33699.203152, 2474.980332 
116.986488, 14.510799, 17.560194, 0.202509, 0.059563, 1.184515, 0.292518, 30502.258389, 2567.246690 
98.539322, 19.194873, 16.503539, 0.264198, 0.060095, 0.512250, 0.548246, 41412.086002, 2323.726970 
128.990964, 12.652094, 16.761678, 0.190009, 0.066281, 0.784516, 0.033344, 28532.253833, 2765.691985 
101.567803, 20.235751, 15.781840, 0.270366, 0.053047, 0.493621, 0.603325, 40966.385479, 2331.506302 
127.173914, 12.704803, 17.002623, 0.205313, 0.060331, 0.776720, 0.052767, 27018.257516, 2735.404292 
52.053513, 8.053111, 4.106020, 0.080332, 0.170201, 0.801338, 0.801338, 465013.808124, 6095.763590 
26.296318, 1.742598, 1.208336, 0.016583, 0.073611, 0.157408, 0.157408, 2000000000000000.000000, 1000000000000000.000000 
124.803413, 12.907692, 16.327462, 0.185491, 0.054199, 0.853728, 0.127539, 29153.381340, 2695.261711 
86.706413, 24.047226, 12.152472, 0.239688, 0.057449, 1.293277, 0.417649, 56661.962311, 2223.724997 
73.536563, 31.557793, 13.898036, 0.146846, 0.052131, 1.274548, 0.923949, 61998.710194, 2134.620028 
73.120960, 31.035270, 14.088196, 0.127219, 0.063769, 1.403721, 1.136865, 68573.612200, 2131.460255 
70.265838, 30.663524, 13.095662, 0.140477, 0.060633, 1.742396, 1.325562, 70097.784235, 2123.840974 
128.686434, 12.994231, 16.663560, 0.187280, 0.066873, 0.788215, 0.018828, 29070.356281, 2754.733835 
125.897798, 14.562046, 16.295940, 0.199726, 0.052686, 1.031401, 0.493288, 30904.222192, 2684.020994 
89.264770, 21.919835, 16.621168, 0.248525, 0.065977, 0.871054, 1.057269, 48471.718407, 2238.763723 
95.115780, 18.979900, 16.902607, 0.252408, 0.060253, 0.828363, 0.656820, 42015.029650, 2307.925140 
61.355858, 30.617014, 13.237383, 0.118542, 0.065507, 1.394814, 1.306483, 81769.164274, 2115.481089 
43.877637, 6.050021, 3.186234, 0.060097, 0.139541, 0.596941, 0.596941, 2000000000000000.000000, 1000000000000000.000000 
57.598706, 9.411683, 4.729854, 0.094057, 0.190995, 0.939968, 0.939968, 363176.216303, 4880.270206 
97.171382, 20.936240, 15.992850, 0.255410, 0.050391, 0.719197, 0.754219, 42282.053513, 2292.519420 
72.001824, 24.660214, 13.422734, 0.254462, 0.071485, 1.334844, 0.441480, 61072.052205, 2165.848920 
27.717958, 2.090900, 1.368270, 0.020102, 0.078942, 0.192949, 0.192949, 2000000000000000.000000, 1000000000000000.000000 
78.067792, 31.905052, 13.327894, 0.143898, 0.058302, 1.192784, 1.070241, 65345.567395, 2155.777251 
82.003268, 30.505884, 13.773367, 0.119771, 0.061090, 1.753653, 1.052938, 64040.296461, 2170.791025 
102.321154, 19.725248, 17.469385, 0.247183, 0.061985, 0.582257, 0.624534, 39522.510779, 2357.319050 
87.328870, 24.717664, 12.903535, 0.236501, 0.057118, 1.438563, 0.371923, 53089.273187, 2208.228746 
29.110019, 2.431955, 1.524877, 0.023547, 0.084163, 0.227750, 0.227750, 2000000000000000.000000, 1000000000000000.000000 
71.454528, 30.474309, 13.249751, 0.143299, 0.052102, 1.628927, 0.988924, 64688.949272, 2126.060209 
42.030190, 5.597396, 2.978396, 0.055525, 0.132613, 0.550755, 0.550755, 2000000000000000.000000, 1000000000000000.000000 
47.196097, 6.863044, 3.559561, 0.068310, 0.151985, 0.679902, 0.679902, 615596.078362, 7881.360891 
100.440396, 21.955541, 15.083571, 0.235606, 0.061567, 0.672520, 0.104357, 42304.336011, 2305.835808 
23.579316, 1.076933, 0.902673, 0.009859, 0.063422, 0.089483, 0.089483, 2000000000000000.000000, 1000000000000000.000000 
94.077907, 24.945353, 16.374131, 0.257107, 0.075860, 0.643535, 0.911879, 48785.699473, 2261.022021 
100.005402, 19.092695, 15.834096, 0.258014, 0.054589, 0.549438, 0.775069, 42703.634258, 2333.184901 
36.580119, 4.262129, 2.365263, 0.042036, 0.112175, 0.414503, 0.414503, 2000000000000000.000000, 1000000000000000.000000 
75.590375, 30.845732, 13.624702, 0.126039, 0.056377, 1.441230, 1.114200, 66379.138822, 2140.286649 
99.307167, 19.172655, 16.350236, 0.256339, 0.061184, 0.604466, 0.715263, 42604.960471, 2328.635065 
52.611268, 8.189761, 4.168768, 0.081713, 0.172292, 0.815282, 0.815282, 452254.659793, 5943.755073 
128.868472, 12.567951, 17.562352, 0.205294, 0.056087, 0.622477, 0.019770, 25260.955392, 2770.896919 
119.854326, 14.899271, 16.883342, 0.203231, 0.054202, 0.965041, 0.251740, 30380.556376, 2593.829636 
73.659485, 31.692344, 13.054412, 0.141217, 0.059847, 1.632425, 1.126508, 67185.445214, 2136.288272 
116.206564, 17.017958, 17.263001, 0.192634, 0.053369, 1.091641, 0.134338, 30952.833104, 2526.770770 
