41.166360, 5.385758, 2.881216, 0.053387, 0.129374, 0.529159, 0.529159, 2000000000000000.000000, 1000000000000000.000000 
84.096601, 17.368150, 11.438953, 0.195590, 0.068825, 1.396567, 0.943486, 69820.349680, 2422.880733 
90.118110, 21.810514, 11.743981, 0.098711, 0.062654, 1.561064, 1.408288, 79335.159625, 2281.271425 
22.196047, 0.738032, 0.747055, 0.006435, 0.058235, 0.054901, 0.054901, 2000000000000000.000000, 1000000000000000.000000 
39.889654, 5.072965, 2.737586, 0.050227, 0.124586, 0.497241, 0.497241, 2000000000000000.000000, 1000000000000000.000000 
42.860328, 5.800780, 3.071787, 0.057579, 0.135726, 0.571508, 0.571508, 2000000000000000.000000, 1000000000000000.000000 
39.001071, 4.855262, 2.637620, 0.048028, 0.121254, 0.475027, 0.475027, 2000000000000000.000000, 1000000000000000.000000 
38.948615, 4.842411, 2.631719, 0.047898, 0.121057, 0.473715, 0.473715, 2000000000000000.000000, 1000000000000000.000000 
110.281134, 13.351609, 13.802836, 0.182775, 0.057478, 0.053462, 1.015043, 54592.760215, 2589.658494 
82.876377, 19.309154, 9.892997, 0.158858, 0.059486, 1.768718, 1.282560, 79836.927146, 2414.498367 
99.442823, 16.993815, 10.852730, 0.190608, 0.050525, 0.885302, 0.604880, 60019.521596, 2496.447287 
82.080687, 16.819299, 11.195650, 0.193355, 0.056051, 1.311469, 0.880733, 69973.713212, 2466.861814 
85.490281, 23.133214, 10.794469, 0.100153, 0.054956, 1.450370, 1.100634, 79368.356474, 2272.423717 
82.710165, 20.792991, 9.470816, 0.152358, 0.051732, 1.690161, 1.403776, 81550.181079, 2391.149008 
82.098914, 24.741649, 10.219986, 0.099902, 0.057031, 1.534275, 0.760209, 80554.614732, 2261.429384 
56.724294, 9.197452, 4.631483, 0.091893, 0.187716, 0.918107, 0.918107, 376143.174594, 5035.232057 
45.532824, 6.455542, 3.372443, 0.064194, 0.145748, 0.638321, 0.638321, 2000000000000000.000000, 1000000000000000.000000 
106.966633, 12.177011, 14.342792, 0.195264, 0.052825, 0.151597, 0.719320, 47187.905655, 2619.587570 
83.564332, 22.454309, 11.739645, 0.091771, 0.072811, 1.524519, 1.315931, 88175.842540, 2247.071060 
98.749187, 15.972809, 12.823230, 0.187682, 0.058404, 0.178484, 0.577161, 57341.936508, 2453.405937 
81.110314, 23.730031, 10.429604, 0.100619, 0.056100, 1.555127, 1.306759, 85021.075438, 2265.025902 
88.933732, 19.839086, 9.962479, 0.151740, 0.059730, 1.685154, 1.285289, 77133.578915, 2403.692822 
49.550630, 7.439904, 3.824446, 0.074138, 0.160815, 0.738766, 0.738766, 532276.021638, 6895.313943 
82.026001, 17.017933, 11.082735, 0.200115, 0.063917, 1.175357, 0.990663, 73034.951977, 2460.357633 
96.238629, 18.147208, 10.728492, 0.200332, 0.050968, 0.934100, 0.441188, 60625.309756, 2444.591851 
108.655716, 15.641862, 13.113558, 0.165054, 0.056168, 0.405824, 0.960376, 55736.228332, 2508.969279 
86.124256, 21.261355, 11.413179, 0.109208, 0.067647, 1.540182, 1.433166, 82571.576923, 2289.195056 
84.153145, 17.574026, 11.014590, 0.196681, 0.062920, 1.126860, 0.979245, 71684.752490, 2430.368358 
65.386587, 26.646856, 11.806996, 0.077506, 0.073418, 1.510253, 1.329046, 102752.542074, 2168.589243 
45.654153, 6.485267, 3.386092, 0.064494, 0.146203, 0.641354, 0.641354, 2000000000000000.000000, 1000000000000000.000000 
83.007092, 20.405054, 10.544158, 0.149990, 0.056371, 1.637233, 1.280763, 75996.955069, 2341.567678 
84.775752, 24.212091, 10.734466, 0.106555, 0.059593, 1.539333, 0.752656, 76111.983518, 2255.480363 
84.492230, 18.955211, 10.005880, 0.162246, 0.064317, 1.763010, 1.190548, 78681.876396, 2422.694289 
39.553091, 4.990507, 2.699723, 0.049394, 0.123324, 0.488827, 0.488827, 2000000000000000.000000, 1000000000000000.000000 
83.586503, 20.716347, 10.237078, 0.155938, 0.061990, 1.840003, 1.211929, 76946.157744, 2348.618198 
110.807143, 13.572747, 13.955558, 0.158693, 0.060629, 0.560941, 0.611853, 49200.068513, 2578.199826 
112.207248, 13.464356, 13.977268, 0.194152, 0.065823, 0.137203, 0.975661, 53749.293447, 2591.161405 
100.586104, 15.699907, 13.057219, 0.182166, 0.061946, 0.199222, 0.650960, 57786.298955, 2464.221185 
92.161837, 18.729038, 10.785418, 0.134091, 0.056759, 1.590394, 1.178392, 71975.956705, 2405.572882 
86.722240, 22.233979, 12.013340, 0.089945, 0.064798, 1.579886, 1.375440, 82736.764767, 2253.274444 
58.005616, 9.511376, 4.775632, 0.095064, 0.192521, 0.950140, 0.950140, 357447.913204, 4811.814086 
20.165785, 0.240617, 0.518651, 0.001410, 0.050622, 0.004145, 0.004145, 2000000000000000.000000, 1000000000000000.000000 
98.379248, 15.881824, 12.930993, 0.190486, 0.066436, 0.344405, 0.728295, 59462.514365, 2452.724202 
68.472878, 26.171974, 12.384061, 0.088494, 0.053283, 1.606429, 1.245660, 82630.018025, 2159.418065 
81.701299, 24.311520, 10.286869, 0.086620, 0.059191, 1.533960, 1.318223, 91178.405337, 2263.524028 
83.777934, 18.161640, 11.414051, 0.195210, 0.065691, 1.248858, 1.004642, 70105.039555, 2387.087676 
78.982456, 21.949098, 11.808518, 0.087662, 0.073509, 1.512805, 1.373636, 93466.507061, 2248.761553 
85.891979, 20.366017, 9.789323, 0.153833, 0.056327, 1.800155, 1.204555, 77384.398421, 2389.730616 
109.264894, 11.145157, 14.433791, 0.185131, 0.057074, 0.225749, 0.717955, 47321.549966, 2684.679888 
68.296640, 28.879045, 11.320809, 0.086967, 0.050837, 1.511390, 1.164253, 84757.384833, 2155.058503 
116.938864, 13.823278, 13.407240, 0.178871, 0.050327, 0.372033, 0.609314, 44644.352043, 2632.592474 
75.612733, 24.343388, 11.701730, 0.074135, 0.067630, 1.475758, 1.525864, 100263.397893, 2201.322286 
43.932626, 6.063493, 3.192420, 0.060233, 0.139747, 0.598316, 0.598316, 2000000000000000.000000, 1000000000000000.000000 
82.228766, 20.410244, 9.596575, 0.147120, 0.061569, 1.683950, 1.406702, 84939.982690, 2393.984076 
87.365709, 18.334022, 10.651889, 0.183543, 0.064788, 1.283403, 0.653834, 69676.662993, 2415.174198 
89.746068, 19.225952, 10.791470, 0.119915, 0.053856, 1.654885, 1.143718, 73561.325415, 2381.132276 
100.541662, 16.802618, 11.389225, 0.206248, 0.053128, 0.847451, 0.717182, 57399.824224, 2482.497495 
56.613197, 9.170233, 4.618985, 0.091618, 0.187299, 0.915330, 0.915330, 377858.490811, 5055.729704 
111.396047, 13.585655, 13.328934, 0.183700, 0.060896, 0.258139, 0.844497, 52976.685916, 2602.035235 
23.067629, 0.951569, 0.845108, 0.008592, 0.061504, 0.076691, 0.076691, 2000000000000000.000000, 1000000000000000.000000 
106.781977, 12.520012, 13.714098, 0.175096, 0.056589, 0.239894, 0.615650, 50670.726777, 2621.274670 
110.830415, 12.471645, 13.465149, 0.176155, 0.054485, 0.101941, 0.928680, 53386.179748, 2648.928151 
99.598182, 17.131589, 11.498460, 0.180756, 0.061455, 0.885022, 0.497409, 59136.630629, 2460.340516 
72.652625, 23.436981, 11.470288, 0.075793, 0.054910, 1.618250, 1.380011, 92122.663892, 2225.302568 
83.202788, 23.945637, 11.152126, 0.102755, 0.056565, 1.451196, 0.781496, 75146.039705, 2239.003673 
91.187244, 17.699875, 12.344424, 0.196773, 0.056466, 1.089733, 0.463218, 56756.146178, 2379.021250 
91.989812, 17.240274, 11.282288, 0.179090, 0.052707, 0.973130, 0.607106, 62619.621584, 2438.882871 
105.088263, 14.194431, 13.353538, 0.165468, 0.055758, 0.247380, 1.060792, 58431.545139, 2539.682661 
88.735771, 20.094402, 10.338673, 0.181942, 0.057269, 1.118751, 0.668104, 69470.101640, 2373.892743 
110.394444, 13.959420, 13.723717, 0.158387, 0.058189, 0.348108, 0.644759, 51336.347776, 2566.296145 
113.266045, 14.297486, 12.635845, 0.176310, 0.069871, 0.426566, 0.656875, 55078.871749, 2611.328900 
68.430633, 27.447807, 11.544259, 0.093679, 0.077820, 1.483543, 1.301727, 96284.361950, 2161.624582 
85.250377, 25.029300, 10.610575, 0.099653, 0.061120, 1.595278, 0.783998, 78315.452272, 2251.580288 
102.440231, 16.646220, 10.830776, 0.197025, 0.056426, 0.958269, 0.518035, 58724.923563, 2527.452544 
20.700656, 0.371661, 0.578824, 0.002734, 0.052627, 0.017516, 0.017516, 2000000000000000.000000, 1000000000000000.000000 
52.453988, 8.151227, 4.151074, 0.081324, 0.171702, 0.811350, 0.811350, 455781.650376, 5985.784672 
24.880537, 1.395732, 1.049060, 0.013079, 0.068302, 0.122013, 0.122013, 2000000000000000.000000, 1000000000000000.000000 
80.830473, 23.687994, 10.812665, 0.098247, 0.054898, 1.477850, 1.271665, 83229.201021, 2249.060038 
31.500309, 3.017576, 1.793785, 0.029463, 0.093126, 0.287508, 0.287508, 2000000000000000.000000, 1000000000000000.000000 
72.806249, 24.827825, 11.354775, 0.088564, 0.055090, 1.575532, 1.535140, 89140.979886, 2201.781739 
59.387123, 9.849845, 4.931051, 0.098483, 0.197702, 0.984678, 0.984678, 339310.478472, 4595.104937 
42.894883, 5.809246, 3.075674, 0.057665, 0.135856, 0.572372, 0.572372, 2000000000000000.000000, 1000000000000000.000000 
82.978350, 17.428287, 11.186815, 0.228413, 0.050381, 1.026773, 0.595391, 65363.184392, 2431.766418 
20.455872, 0.311689, 0.551286, 0.002128, 0.051710, 0.011397, 0.011397, 2000000000000000.000000, 1000000000000000.000000 
35.611018, 4.024699, 2.256240, 0.039637, 0.108541, 0.390275, 0.390275, 2000000000000000.000000, 1000000000000000.000000 
68.953259, 26.019053, 11.965109, 0.078183, 0.076090, 1.596203, 1.309731, 99909.716344, 2169.226100 
97.218155, 17.118747, 11.407646, 0.184588, 0.065551, 0.974329, 0.561118, 61439.060703, 2454.350690 
87.491065, 21.635138, 11.753043, 0.099615, 0.053624, 1.542656, 1.395875, 76050.135482, 2274.420453 
94.310522, 16.145846, 10.979901, 0.191876, 0.054120, 1.007019, 0.573972, 62093.727638, 2509.549216 
111.138441, 13.766038, 13.296335, 0.165956, 0.053601, 0.465027, 0.515360, 47904.308412, 2593.495581 
20.393314, 0.296362, 0.544248, 0.001973, 0.051475, 0.009833, 0.009833, 2000000000000000.000000, 1000000000000000.000000 
93.354306, 17.660806, 11.957094, 0.195562, 0.055082, 1.051139, 0.563251, 57746.513833, 2398.444865 
85.019912, 20.382381, 10.217259, 0.160540, 0.069991, 1.798702, 1.274825, 78693.744129, 2362.289097 
102.705592, 15.281039, 13.105179, 0.164677, 0.051674, 0.392388, 0.968715, 56755.716700, 2488.936463 
93.335471, 17.896911, 11.644449, 0.197727, 0.057352, 1.027968, 0.612736, 59824.040723, 2401.268203 
81.246964, 20.669438, 9.422270, 0.150691, 0.050225, 1.744485, 1.398000, 82212.285147, 2396.284700 
107.826574, 14.418256, 13.085787, 0.163604, 0.056030, 0.263177, 0.943099, 57150.717144, 2552.216355 
117.048125, 13.145446, 13.930095, 0.192125, 0.060913, 0.180889, 0.959959, 49919.191356, 2642.812787 
86.230361, 24.614389, 10.426820, 0.103368, 0.054497, 1.503110, 0.674088, 75427.864596, 2268.176365 
27.001960, 1.915480, 1.287720, 0.018330, 0.076257, 0.175049, 0.175049, 2000000000000000.000000, 1000000000000000.000000 
31.402190, 2.993536, 1.782746, 0.029220, 0.092758, 0.285055, 0.285055, 2000000000000000.000000, 1000000000000000.000000 
104.949407, 14.750028, 13.299826, 0.158643, 0.055043, 0.482579, 1.034948, 56995.171790, 2515.700190 
82.873090, 25.827037, 10.825106, 0.112396, 0.065560, 1.541688, 0.834154, 77732.958083, 2226.118786 
27.662185, 2.077235, 1.361996, 0.019964, 0.078733, 0.191555, 0.191555, 2000000000000000.000000, 1000000000000000.000000 
83.293674, 24.068263, 10.474154, 0.109501, 0.053991, 1.513552, 0.710514, 75669.961023, 2263.449278 
68.787273, 26.930720, 11.607653, 0.090603, 0.059870, 1.538941, 1.386296, 89530.926777, 2165.702827 
106.538534, 13.398621, 14.032103, 0.183002, 0.051490, 0.142875, 0.617288, 48340.606838, 2562.403028 
87.777482, 20.879315, 10.158298, 0.152110, 0.065762, 1.683524, 1.338327, 78371.716920, 2358.714106 
36.025726, 4.126303, 2.302894, 0.040664, 0.110096, 0.400643, 0.400643, 2000000000000000.000000, 1000000000000000.000000 
95.425899, 18.112855, 11.976407, 0.192354, 0.057325, 0.991005, 0.510395, 57091.368914, 2389.032347 
83.301841, 18.347145, 11.042113, 0.188003, 0.071454, 1.060903, 0.989684, 74933.189615, 2394.346637 
51.789940, 7.988535, 4.076368, 0.079680, 0.169212, 0.794748, 0.794748, 471295.000001, 6170.558038 
86.744978, 18.548391, 10.433322, 0.174390, 0.060703, 1.257173, 0.506028, 69979.176985, 2417.148087 
92.652950, 18.911555, 10.604665, 0.175288, 0.051594, 1.319730, 0.615839, 64426.346876, 2410.263299 
50.995097, 7.793799, 3.986948, 0.077713, 0.166232, 0.774877, 0.774877, 491295.875642, 6408.548337 
114.971792, 14.725708, 13.237162, 0.186612, 0.058357, 0.478000, 0.608346, 47285.614267, 2587.545683 
89.572644, 18.821763, 10.697135, 0.179413, 0.073555, 1.290520, 0.537100, 69206.219776, 2398.973930 
92.716003, 18.908850, 10.566110, 0.160072, 0.067891, 1.255908, 0.614218, 69653.640371, 2412.591236 
109.539101, 13.961898, 12.976383, 0.162204, 0.068724, 0.252946, 1.052707, 63664.928548, 2586.633613 
108.222270, 11.581881, 14.072284, 0.197797, 0.056515, 0.189580, 0.670671, 47393.561447, 2668.579644 
24.806257, 1.377533, 1.040704, 0.012895, 0.068023, 0.120156, 0.120156, 2000000000000000.000000, 1000000000000000.000000 
114.617143, 14.586337, 13.452657, 0.179685, 0.062782, 0.436215, 0.634137, 49095.721908, 2582.657011 
111.444975, 14.052866, 13.232759, 0.176127, 0.053259, 0.430847, 0.513068, 47258.020354, 2585.423489 
81.257681, 24.231444, 10.401286, 0.106664, 0.070209, 1.598340, 0.784863, 82951.799125, 2258.369223 
87.917703, 19.705176, 10.923965, 0.130515, 0.051957, 1.716300, 1.158703, 71337.488420, 2354.952076 
114.221688, 15.060440, 12.980255, 0.181620, 0.053855, 0.466777, 0.554085, 47292.532667, 2577.543323 
41.976491, 5.584240, 2.972355, 0.055392, 0.132412, 0.549412, 0.549412, 2000000000000000.000000, 1000000000000000.000000 
107.901930, 14.729602, 13.734674, 0.168969, 0.053886, 0.559033, 0.570196, 47924.187615, 2519.700825 
