109.799721, 13.854253, 13.519309, 0.163810, 0.054559, 0.451736, 0.440501, 47589.772527, 2573.603903 
87.747603, 20.263524, 10.758131, 0.177935, 0.062664, 1.037701, 0.637417, 69192.903656, 2345.420586 
93.090434, 18.465704, 11.620060, 0.184536, 0.053626, 0.885989, 0.558322, 60174.831989, 2381.609423 
111.079192, 14.485223, 13.880992, 0.163467, 0.052097, 0.469420, 0.541629, 46377.587612, 2546.002797 
39.641537, 5.012176, 2.709673, 0.049613, 0.123656, 0.491038, 0.491038, 2000000000000000.000000, 1000000000000000.000000 
57.816347, 9.465005, 4.754339, 0.094595, 0.191811, 0.945409, 0.945409, 360089.195731, 4843.378447 
66.430316, 25.723147, 11.628086, 0.098680, 0.064561, 1.550768, 1.185555, 89305.734555, 2185.634932 
71.901612, 27.973268, 11.478186, 0.074805, 0.054404, 1.501637, 1.200530, 88659.796398, 2161.014357 
109.019008, 15.505456, 13.115591, 0.159674, 0.055018, 0.286298, 0.983764, 57114.368795, 2516.237420 
104.499583, 15.034612, 12.882089, 0.167143, 0.069724, 0.450549, 0.924846, 61967.453244, 2515.057527 
91.687224, 17.264654, 11.975031, 0.189108, 0.074399, 0.908656, 0.602855, 63956.634605, 2409.462658 
64.242629, 28.880781, 10.959084, 0.096048, 0.060065, 1.465144, 1.246414, 91794.667765, 2166.317113 
109.431506, 13.638359, 14.208375, 0.195628, 0.063676, 0.082032, 1.011406, 54209.070640, 2560.066345 
106.332363, 14.377926, 13.877264, 0.189917, 0.051558, 0.094178, 1.147719, 53848.534721, 2521.328223 
32.651905, 3.299717, 1.923339, 0.032313, 0.097445, 0.316298, 0.316298, 2000000000000000.000000, 1000000000000000.000000 
95.149795, 16.756029, 12.033502, 0.178286, 0.052813, 0.999024, 0.482550, 56732.298182, 2436.483984 
59.231626, 9.811748, 4.913558, 0.098098, 0.197119, 0.980791, 0.980791, 341256.783056, 4618.354566 
25.635980, 1.580815, 1.134048, 0.014949, 0.071135, 0.140899, 0.140899, 2000000000000000.000000, 1000000000000000.000000 
104.373990, 14.071507, 13.423596, 0.170002, 0.053283, 0.239642, 0.606306, 52386.235883, 2540.446109 
106.853703, 17.331098, 11.757653, 0.198266, 0.065258, 0.830303, 0.450119, 54311.950593, 2487.032076 
102.694739, 17.429117, 11.328401, 0.198178, 0.053349, 0.883787, 0.550606, 56087.201993, 2474.214302 
57.109437, 9.291812, 4.674812, 0.092846, 0.189160, 0.927736, 0.927736, 370317.312419, 4965.611187 
34.545807, 3.763723, 2.136403, 0.037001, 0.104547, 0.363645, 0.363645, 2000000000000000.000000, 1000000000000000.000000 
96.005177, 16.695918, 11.533404, 0.211160, 0.067639, 0.777372, 0.462006, 60104.756019, 2461.800387 
103.950180, 13.017756, 14.071202, 0.178923, 0.052768, 0.342562, 0.688320, 49441.832805, 2573.785586 
40.636959, 5.256055, 2.821658, 0.052076, 0.127389, 0.515924, 0.515924, 2000000000000000.000000, 1000000000000000.000000 
108.140656, 13.628009, 13.227745, 0.165981, 0.061059, 0.571428, 0.553152, 51252.384655, 2585.291621 
66.353253, 25.012083, 12.777469, 0.102669, 0.059589, 1.412363, 1.412328, 85789.691334, 2177.754825 
105.188167, 13.891708, 14.201888, 0.170794, 0.069938, 0.109004, 0.719368, 57600.445780, 2528.915142 
106.757602, 14.490579, 13.405185, 0.168456, 0.071188, 0.350348, 0.381442, 53471.131798, 2532.602066 
107.593482, 14.324908, 14.244771, 0.171972, 0.051737, 0.600384, 0.555234, 45241.733506, 2520.653786 
95.138375, 17.132036, 12.896497, 0.194974, 0.050665, 1.011508, 0.345350, 51168.206383, 2394.165382 
110.332856, 14.772695, 13.925420, 0.163502, 0.065212, 0.461366, 0.572056, 50877.644599, 2529.203683 
95.044625, 17.539191, 11.794904, 0.175997, 0.063906, 0.957108, 0.469034, 60340.857626, 2414.230716 
87.802319, 21.122412, 10.973644, 0.132181, 0.064667, 1.826943, 1.156324, 73992.678943, 2313.908166 
51.877452, 8.009976, 4.086213, 0.079897, 0.169540, 0.796936, 0.796936, 469190.945021, 6145.506428 
72.396872, 27.858615, 10.990116, 0.081483, 0.061710, 1.430159, 1.193700, 92540.105880, 2176.359046 
91.543735, 17.898152, 11.693327, 0.180375, 0.063932, 0.963168, 0.634183, 63559.367890, 2394.431454 
83.827628, 24.410977, 10.928671, 0.103921, 0.051780, 1.408639, 1.265772, 78710.976858, 2242.203733 
79.849436, 19.606715, 11.034392, 0.126956, 0.052934, 1.681516, 1.064877, 75772.523676, 2346.202685 
71.471167, 28.344184, 11.616503, 0.084118, 0.055520, 1.543136, 1.159252, 84650.866223, 2154.523829 
107.912446, 14.395144, 13.809968, 0.160297, 0.055979, 0.533952, 0.595613, 49437.940196, 2530.919720 
92.627963, 16.304363, 11.846719, 0.184874, 0.060820, 0.971886, 0.511486, 60529.895759, 2458.874311 
104.619397, 16.824252, 10.759585, 0.197522, 0.051976, 0.956828, 0.568146, 57519.758997, 2537.612093 
105.747946, 16.829794, 11.840838, 0.201543, 0.060011, 0.988174, 0.465707, 52577.751461, 2492.284181 
109.283972, 13.704729, 13.758978, 0.186806, 0.054436, 0.187760, 0.483877, 47008.193931, 2569.513145 
66.726608, 26.402327, 11.339132, 0.082991, 0.054461, 1.491223, 0.950895, 87654.437225, 2181.680707 
105.643438, 13.887923, 13.224316, 0.174932, 0.057059, 0.268773, 0.492670, 51735.455894, 2561.303595 
70.888202, 28.341009, 11.429403, 0.069034, 0.050893, 1.452041, 1.162343, 89548.818249, 2158.298809 
66.710679, 29.059268, 11.058372, 0.086948, 0.060342, 1.482027, 1.175858, 91533.880367, 2160.652014 
45.644540, 6.482912, 3.385011, 0.064470, 0.146167, 0.641113, 0.641113, 2000000000000000.000000, 1000000000000000.000000 
104.756368, 14.283741, 13.643632, 0.173438, 0.058751, 0.100032, 0.558389, 53495.887936, 2524.989503 
35.262656, 3.939351, 2.217049, 0.038775, 0.107235, 0.381566, 0.381566, 2000000000000000.000000, 1000000000000000.000000 
73.824718, 29.248016, 11.392234, 0.085642, 0.072779, 1.599021, 1.016299, 89108.812593, 2159.776269 
51.561958, 7.932680, 4.050720, 0.079116, 0.168357, 0.789049, 0.789049, 476865.115741, 6236.863744 
46.453606, 6.681133, 3.476031, 0.066473, 0.149201, 0.661340, 0.661340, 647389.375246, 8256.358092 
88.955490, 20.088869, 10.405060, 0.150414, 0.056208, 1.536839, 1.317473, 74363.956386, 2371.246992 
109.704943, 14.657624, 13.209484, 0.187181, 0.060552, 0.477619, 0.676951, 50546.603418, 2549.676930 
103.586092, 14.435359, 14.263892, 0.172870, 0.065042, 0.225152, 0.600586, 53610.448586, 2496.969916 
68.886278, 28.837664, 11.391605, 0.090582, 0.055942, 1.501657, 1.165536, 85507.851569, 2153.893029 
104.629791, 13.827070, 14.500065, 0.182382, 0.056112, 0.183693, 0.588193, 48850.848150, 2522.253402 
68.082863, 29.587782, 11.203869, 0.089368, 0.060232, 1.541550, 1.221937, 89106.042585, 2153.684676 
101.689552, 15.239252, 12.882632, 0.168287, 0.058614, 0.359084, 0.919026, 59902.290431, 2493.799043 
106.282231, 14.760942, 12.635576, 0.161176, 0.055756, 0.124516, 0.907016, 60697.177494, 2545.213893 
47.330683, 6.896017, 3.574702, 0.068643, 0.152490, 0.683267, 0.683267, 610155.542645, 7817.122181 
104.935066, 17.428511, 10.870258, 0.187493, 0.061682, 1.037757, 0.500908, 58836.521000, 2511.361538 
68.683184, 26.939042, 12.129707, 0.084969, 0.056696, 1.406452, 1.127478, 85638.332405, 2154.202944 
103.304518, 13.445378, 14.367473, 0.186349, 0.050349, 0.083809, 1.111256, 53317.060747, 2540.588828 
111.609224, 14.336246, 13.361042, 0.172669, 0.063633, 0.573866, 0.493819, 48983.757339, 2570.708240 
80.672168, 20.000265, 10.733707, 0.134404, 0.055059, 1.670913, 1.093529, 76526.659596, 2344.439098 
107.315481, 14.236517, 13.788821, 0.154147, 0.057330, 0.354876, 0.380151, 49627.782941, 2534.826504 
103.439373, 13.849778, 14.040899, 0.181086, 0.061829, 0.296841, 0.555476, 51392.245472, 2529.423914 
55.709533, 8.948836, 4.517322, 0.089381, 0.183911, 0.892738, 0.892738, 392423.241744, 5229.752951 
24.192365, 1.227130, 0.971641, 0.011376, 0.065721, 0.104809, 0.104809, 2000000000000000.000000, 1000000000000000.000000 
100.294542, 16.925969, 11.659003, 0.183686, 0.071331, 0.898969, 0.407077, 59073.857803, 2464.545995 
107.397077, 12.177341, 14.254242, 0.194627, 0.061664, 0.264896, 0.668553, 48671.158925, 2623.555330 
83.430095, 24.851657, 10.738171, 0.092053, 0.063095, 1.364630, 1.291998, 88760.515654, 2242.169316 
82.004606, 18.523354, 10.792130, 0.168323, 0.054511, 1.275156, 0.672229, 71217.831145, 2398.604006 
112.227995, 15.222620, 12.996998, 0.171211, 0.055752, 0.500457, 0.474788, 48520.892592, 2554.373114 
103.074720, 17.465387, 10.622005, 0.195729, 0.052432, 1.033580, 0.561508, 58947.061831, 2511.501553 
69.815927, 28.452830, 11.542739, 0.085069, 0.057493, 1.450605, 1.188066, 87415.659863, 2153.560758 
44.348699, 6.165431, 3.239229, 0.061263, 0.141308, 0.608717, 0.608717, 2000000000000000.000000, 1000000000000000.000000 
104.666569, 17.947160, 10.627062, 0.190328, 0.051944, 1.062237, 0.508867, 58098.880546, 2505.175212 
66.454089, 27.944889, 11.170460, 0.091923, 0.064647, 1.574054, 1.173339, 91452.923375, 2167.322140 
37.373221, 4.456439, 2.454487, 0.043999, 0.115150, 0.434331, 0.434331, 2000000000000000.000000, 1000000000000000.000000 
91.689814, 16.965408, 11.685932, 0.180881, 0.062486, 0.954549, 0.482780, 62131.408219, 2433.236867 
66.471921, 26.000642, 11.062734, 0.101394, 0.057630, 1.473651, 1.245380, 89255.598858, 2196.826239 
88.923930, 20.264807, 10.628251, 0.128353, 0.057071, 1.780995, 1.227322, 74473.587377, 2354.970565 
70.388513, 26.911843, 12.643820, 0.084228, 0.053268, 1.561369, 1.281952, 81877.058664, 2146.050999 
102.882610, 13.548958, 13.811075, 0.152332, 0.065900, 0.528854, 0.387550, 53083.461916, 2550.410592 
31.400020, 2.993005, 1.782502, 0.029215, 0.092750, 0.285001, 0.285001, 2000000000000000.000000, 1000000000000000.000000 
108.481319, 14.152885, 13.002388, 0.166224, 0.063901, 0.638770, 0.476020, 51545.934820, 2570.770177 
71.838166, 26.527437, 12.922079, 0.080627, 0.056863, 1.486842, 1.305727, 84030.874187, 2147.088750 
83.953485, 24.825793, 11.112795, 0.109553, 0.065161, 1.383123, 0.790365, 76836.851889, 2231.122926 
68.471417, 25.791179, 12.041734, 0.088090, 0.052027, 1.653337, 1.219510, 83223.039389, 2171.514850 
112.392304, 13.871575, 13.975259, 0.173228, 0.069313, 0.556161, 0.553044, 48875.818624, 2576.063245 
22.033300, 0.698159, 0.728746, 0.006032, 0.057625, 0.050833, 0.050833, 2000000000000000.000000, 1000000000000000.000000 
75.547979, 19.617350, 11.487047, 0.145703, 0.061067, 1.662602, 1.113867, 77268.821801, 2338.438437 
72.144528, 25.514101, 12.046607, 0.083199, 0.060665, 1.633440, 1.149462, 85743.525569, 2173.700728 
45.440220, 6.432854, 3.362025, 0.063965, 0.145401, 0.636006, 0.636006, 2000000000000000.000000, 1000000000000000.000000 
108.364654, 14.763860, 13.024975, 0.168182, 0.057656, 0.448642, 0.471075, 50869.001210, 2542.927631 
107.367127, 13.752859, 14.017007, 0.182258, 0.057131, 0.174612, 0.532824, 48826.764192, 2549.714430 
91.593162, 17.505950, 12.084905, 0.181362, 0.052454, 1.018563, 0.486490, 58061.545180, 2395.686229 
103.583677, 15.256556, 13.286543, 0.176253, 0.052262, 0.551154, 0.583873, 50445.372745, 2488.390098 
33.042528, 3.395419, 1.967284, 0.033280, 0.098909, 0.326063, 0.326063, 2000000000000000.000000, 1000000000000000.000000 
64.916695, 26.150970, 11.757069, 0.105324, 0.058307, 1.571619, 1.206626, 85606.985856, 2178.858702 
95.954996, 17.223226, 12.626085, 0.187325, 0.058263, 1.049393, 0.291113, 52992.113512, 2401.040815 
31.268009, 2.960662, 1.767651, 0.028888, 0.092255, 0.281700, 0.281700, 2000000000000000.000000, 1000000000000000.000000 
23.255857, 0.997685, 0.866284, 0.009058, 0.062209, 0.081396, 0.081396, 2000000000000000.000000, 1000000000000000.000000 
113.027983, 14.260810, 13.442613, 0.173042, 0.054824, 0.525978, 0.543033, 46489.439269, 2581.687640 
27.259456, 1.978567, 1.316689, 0.018967, 0.077223, 0.181486, 0.181486, 2000000000000000.000000, 1000000000000000.000000 
42.244277, 5.649848, 3.002481, 0.056055, 0.133416, 0.556107, 0.556107, 2000000000000000.000000, 1000000000000000.000000 
20.777653, 0.390525, 0.587486, 0.002925, 0.052916, 0.019441, 0.019441, 2000000000000000.000000, 1000000000000000.000000 
73.550216, 26.948259, 12.675843, 0.087282, 0.063984, 1.559683, 1.314318, 84460.902864, 2148.610643 
86.954181, 20.295585, 10.784934, 0.129047, 0.061768, 1.807503, 1.152124, 75269.875253, 2341.178908 
56.855739, 9.229656, 4.646271, 0.092218, 0.188209, 0.921393, 0.921393, 374134.031833, 5011.222423 
103.854685, 15.323620, 12.920039, 0.173815, 0.064134, 0.379444, 0.878697, 59412.396759, 2498.403944 
83.090267, 19.719618, 10.259536, 0.178047, 0.058698, 1.271137, 0.689355, 73269.889403, 2378.616756 
107.482523, 13.462547, 13.410571, 0.176204, 0.058958, 0.330739, 0.533458, 50618.389646, 2583.708516 
93.121194, 16.895431, 12.313616, 0.180555, 0.060817, 0.916384, 0.548626, 59046.810718, 2415.971003 
93.064267, 17.217613, 11.322594, 0.177383, 0.054438, 0.969475, 0.501232, 61611.175182, 2440.551799 
91.869339, 20.211371, 10.645663, 0.190473, 0.058262, 1.163213, 0.679713, 65817.063585, 2366.285934 
107.216054, 13.879939, 12.648401, 0.165197, 0.061508, 0.437513, 0.905458, 58830.024262, 2591.316461 
105.327257, 16.414292, 11.605510, 0.202217, 0.051789, 0.945419, 0.491455, 52342.472706, 2514.657865 
92.380361, 16.862367, 11.898835, 0.178728, 0.060167, 0.874214, 0.612420, 61875.517795, 2430.692406 
112.303453, 14.887377, 13.126705, 0.172162, 0.073595, 0.558548, 0.500569, 52527.428847, 2562.725019 
96.413042, 17.597119, 11.852613, 0.183238, 0.055017, 0.934745, 0.543528, 57662.059763, 2415.012107 
91.405875, 17.644763, 12.122182, 0.181857, 0.067593, 0.979160, 0.655665, 62644.470134, 2388.633217 
