92.641997, 23.192589, 17.693245, 0.235895, 0.062045, 0.698906, 0.644106, 43125.819438, 2267.908601 
53.858811, 8.495409, 4.309116, 0.084801, 0.176971, 0.846470, 0.846470, 426093.372390, 5631.775247 
25.629263, 1.579169, 1.133292, 0.014932, 0.071110, 0.140732, 0.140732, 2000000000000000.000000, 1000000000000000.000000 
130.968230, 14.229377, 17.421437, 0.197278, 0.070220, 1.530825, 0.424923, 29291.963355, 2794.922090 
109.090977, 17.158303, 18.155541, 0.203163, 0.052776, 1.533141, 0.308002, 31226.021444, 2452.467715 
57.202205, 9.314540, 4.685248, 0.093075, 0.189508, 0.930055, 0.930055, 368941.399747, 4949.168182 
97.407791, 22.155394, 17.632496, 0.255107, 0.062360, 0.993455, 0.639890, 39670.878328, 2307.421873 
112.950138, 18.068389, 16.793628, 0.205297, 0.050275, 1.209786, 0.028254, 31353.630058, 2471.919592 
63.783203, 32.313017, 13.529441, 0.156029, 0.067903, 1.806197, 1.513958, 72843.140567, 2110.347122 
108.631927, 22.228992, 17.057327, 0.267608, 0.053004, 0.784486, 0.705579, 36295.385790, 2415.616199 
110.698457, 15.984553, 17.573412, 0.204164, 0.059719, 1.526732, 0.174396, 31424.362566, 2476.218666 
89.998391, 22.382684, 16.863251, 0.293931, 0.056441, 0.785446, 0.675770, 42610.710501, 2241.433373 
68.334824, 32.203949, 13.302400, 0.150545, 0.062367, 1.735655, 1.507942, 70457.759190, 2119.794630 
44.930701, 6.308022, 3.304704, 0.062703, 0.143490, 0.623268, 0.623268, 2000000000000000.000000, 1000000000000000.000000 
61.659279, 28.938274, 13.925356, 0.125454, 0.056162, 1.543814, 1.142558, 74224.476447, 2123.661377 
29.761517, 2.591572, 1.598171, 0.025160, 0.086606, 0.244038, 0.244038, 2000000000000000.000000, 1000000000000000.000000 
115.640750, 17.780364, 18.082809, 0.193819, 0.053976, 1.161837, 0.238016, 30659.026108, 2529.778943 
100.496468, 22.081579, 16.963002, 0.269888, 0.056855, 0.829756, 0.638496, 38953.335224, 2325.109087 
76.607961, 26.593884, 13.141475, 0.252785, 0.057884, 1.421258, 0.539093, 57243.205964, 2152.371561 
27.282620, 1.984242, 1.319295, 0.019024, 0.077310, 0.182065, 0.182065, 2000000000000000.000000, 1000000000000000.000000 
107.537360, 16.747431, 17.144478, 0.211606, 0.059968, 1.432024, 0.139703, 33260.529824, 2432.169050 
124.862755, 16.487426, 17.569658, 0.191221, 0.058912, 1.238377, 0.190659, 28984.160402, 2669.608128 
92.639590, 21.988607, 17.664320, 0.211310, 0.059244, 0.593067, 0.613523, 44107.981971, 2269.938769 
113.075346, 18.653095, 17.608126, 0.197717, 0.068041, 1.333009, 0.249725, 34079.190319, 2483.061621 
50.473980, 7.666125, 3.928323, 0.076423, 0.164277, 0.761849, 0.761849, 505343.586191, 6575.540040 
43.902320, 6.056068, 3.189011, 0.060158, 0.139634, 0.597558, 0.597558, 2000000000000000.000000, 1000000000000000.000000 
91.979450, 22.114384, 17.181870, 0.281870, 0.060562, 0.833137, 0.579007, 41506.342283, 2258.832299 
45.966996, 6.561914, 3.421287, 0.065268, 0.147376, 0.649175, 0.649175, 2000000000000000.000000, 1000000000000000.000000 
114.077205, 17.128031, 17.327209, 0.220945, 0.069655, 1.377935, 0.208371, 32434.607879, 2499.465356 
125.951909, 16.620551, 17.795633, 0.178666, 0.064224, 1.016884, 0.075635, 29815.609478, 2695.201181 
64.215206, 33.631549, 13.104260, 0.132509, 0.068590, 1.882863, 1.370298, 75360.027043, 2115.257735 
114.332707, 16.593058, 17.119162, 0.211061, 0.051654, 1.520794, 0.137558, 29802.051269, 2505.147802 
63.600092, 32.958908, 12.942853, 0.140995, 0.057309, 1.749621, 1.347104, 72473.904845, 2113.905731 
41.628610, 5.499009, 2.933219, 0.054531, 0.131107, 0.540715, 0.540715, 2000000000000000.000000, 1000000000000000.000000 
96.768274, 24.230582, 17.144324, 0.251522, 0.052441, 0.880780, 0.538844, 39408.269124, 2295.875433 
49.875865, 7.519587, 3.861035, 0.074943, 0.162034, 0.746897, 0.746897, 522473.726112, 6778.988522 
30.830037, 2.853359, 1.718379, 0.027804, 0.090613, 0.270751, 0.270751, 2000000000000000.000000, 1000000000000000.000000 
97.576527, 23.464173, 17.157328, 0.251168, 0.064779, 0.992958, 0.605971, 40985.679376, 2301.631351 
49.123913, 7.335359, 3.776440, 0.073082, 0.159215, 0.728098, 0.728098, 545697.300184, 7054.476850 
61.835128, 34.212725, 13.001051, 0.145219, 0.056871, 1.737542, 1.374938, 72435.881398, 2113.772841 
102.125334, 21.884996, 17.176186, 0.252620, 0.055968, 0.840134, 0.704831, 38773.043213, 2344.626920 
29.643180, 2.562579, 1.584858, 0.024867, 0.086162, 0.241080, 0.241080, 2000000000000000.000000, 1000000000000000.000000 
92.976275, 23.047266, 16.326350, 0.232472, 0.052875, 0.729192, 0.899198, 45399.912360, 2252.623818 
79.082895, 26.486491, 12.993331, 0.256035, 0.055759, 1.285627, 0.372499, 55764.849627, 2161.750873 
91.343992, 21.585785, 17.564712, 0.247023, 0.053371, 0.778068, 0.781640, 42273.452351, 2262.190184 
39.325980, 4.934865, 2.674173, 0.048832, 0.122472, 0.483150, 0.483150, 2000000000000000.000000, 1000000000000000.000000 
32.967808, 3.377113, 1.958878, 0.033095, 0.098629, 0.324195, 0.324195, 2000000000000000.000000, 1000000000000000.000000 
78.832344, 23.789838, 15.668948, 0.238271, 0.063341, 0.815305, 0.920009, 54861.106089, 2176.400526 
35.888992, 4.092803, 2.287512, 0.040325, 0.109584, 0.397225, 0.397225, 2000000000000000.000000, 1000000000000000.000000 
67.519585, 30.869230, 13.213076, 0.132966, 0.056133, 1.688301, 1.340467, 71033.159986, 2117.287408 
68.439582, 32.078014, 13.010265, 0.147779, 0.054524, 1.662094, 1.450737, 69382.126916, 2121.185008 
110.097923, 16.235036, 17.957856, 0.200069, 0.062252, 1.189815, 0.252463, 32930.780684, 2470.223020 
130.487638, 11.270356, 16.730221, 0.207227, 0.056840, 0.726732, 0.098662, 25532.295640, 2815.938719 
123.450619, 16.769054, 18.020604, 0.194243, 0.052461, 1.380155, 0.391178, 28515.868394, 2654.728926 
128.480507, 15.847948, 17.822525, 0.192049, 0.067169, 0.981002, 0.114942, 29053.483334, 2746.998531 
103.310489, 21.310874, 17.194930, 0.266022, 0.055902, 0.725696, 0.785759, 38530.454821, 2357.374414 
27.419845, 2.017862, 1.334733, 0.019364, 0.077824, 0.185496, 0.185496, 2000000000000000.000000, 1000000000000000.000000 
130.687336, 17.646362, 17.930001, 0.196755, 0.065029, 1.018020, 0.117750, 28620.402951, 2801.128612 
101.525044, 22.579968, 17.450157, 0.250775, 0.054772, 0.759591, 0.796945, 39197.118223, 2344.212146 
92.727154, 22.914148, 16.977585, 0.289165, 0.065719, 0.803668, 0.442911, 41488.665341, 2258.629546 
76.830299, 22.419692, 15.878311, 0.239669, 0.065055, 0.875963, 0.825776, 55670.181472, 2196.830008 
90.114073, 23.000553, 16.300941, 0.234998, 0.051540, 0.867324, 0.820714, 45332.658114, 2233.566101 
28.307931, 2.235443, 1.434642, 0.021562, 0.081155, 0.207698, 0.207698, 2000000000000000.000000, 1000000000000000.000000 
132.160414, 14.645294, 17.692387, 0.192546, 0.059060, 1.393994, 0.405523, 27413.706514, 2825.426552 
42.249284, 5.651075, 3.003044, 0.056067, 0.133435, 0.556232, 0.556232, 2000000000000000.000000, 1000000000000000.000000 
55.388088, 8.870082, 4.481160, 0.088586, 0.182705, 0.884702, 0.884702, 397881.828441, 5294.959008 
124.597115, 16.926696, 17.449501, 0.193812, 0.063493, 1.140318, 0.279752, 31064.079521, 2660.900419 
100.359131, 23.585579, 17.441759, 0.265759, 0.055050, 0.882057, 0.533702, 37550.762656, 2334.952740 
59.863250, 30.749601, 13.075712, 0.131230, 0.062105, 1.753111, 1.577408, 80153.386279, 2118.317762 
31.778869, 3.085823, 1.825123, 0.030153, 0.094171, 0.294472, 0.294472, 2000000000000000.000000, 1000000000000000.000000 
66.445305, 33.040828, 13.381788, 0.132849, 0.053012, 1.860988, 1.404282, 69099.058852, 2117.129237 
107.077985, 18.029928, 17.732204, 0.215827, 0.071485, 1.391886, 0.165895, 34318.236258, 2418.592488 
96.181264, 21.196161, 16.736103, 0.262800, 0.059914, 0.813279, 0.547939, 41093.125080, 2289.052672 
98.648497, 21.845627, 16.698134, 0.268219, 0.058325, 0.812859, 0.527468, 39825.113416, 2305.220448 
74.827143, 23.998229, 13.730639, 0.246927, 0.053051, 1.259735, 0.512005, 57037.871193, 2173.392370 
98.350543, 22.585440, 16.908751, 0.257021, 0.057260, 0.798296, 0.661949, 40571.257972, 2304.081207 
78.872693, 22.670507, 15.776174, 0.244140, 0.051322, 0.861487, 0.822084, 51843.458874, 2192.435785 
39.230154, 4.911388, 2.663392, 0.048595, 0.122113, 0.480754, 0.480754, 2000000000000000.000000, 1000000000000000.000000 
47.480109, 6.932627, 3.591512, 0.069013, 0.153050, 0.687003, 0.687003, 604223.709155, 7747.059542 
24.384572, 1.274220, 0.993264, 0.011852, 0.066442, 0.109614, 0.109614, 2000000000000000.000000, 1000000000000000.000000 
126.349660, 14.623812, 17.248743, 0.191222, 0.051984, 1.498745, 0.460597, 28052.730501, 2700.541489 
40.630636, 5.254506, 2.820947, 0.052061, 0.127365, 0.515766, 0.515766, 2000000000000000.000000, 1000000000000000.000000 
124.247927, 15.986396, 17.668074, 0.211403, 0.062617, 1.248158, 0.376351, 29656.871640, 2662.606453 
127.283325, 16.947186, 18.106211, 0.187132, 0.065475, 1.131558, 0.071341, 28581.666416, 2730.842930 
68.771739, 33.762381, 12.837483, 0.144883, 0.064089, 1.821155, 1.235280, 70310.111904, 2128.419735 
24.457973, 1.292203, 1.001522, 0.012033, 0.066717, 0.111449, 0.111449, 2000000000000000.000000, 1000000000000000.000000 
125.305797, 12.048804, 17.090582, 0.208182, 0.073682, 1.119750, 0.242710, 29498.590258, 2718.595866 
65.838364, 32.794380, 13.286404, 0.131506, 0.056631, 1.849415, 1.325608, 70595.882901, 2115.409725 
127.742618, 14.912211, 17.354069, 0.183385, 0.060787, 1.480576, 0.471307, 30048.435336, 2725.409462 
78.378364, 21.934500, 15.258521, 0.244898, 0.074065, 0.848715, 0.856157, 57945.515005, 2205.869526 
98.782325, 21.834445, 16.715359, 0.269332, 0.061814, 0.848371, 0.585580, 40426.335255, 2306.621872 
129.398238, 16.706161, 18.074458, 0.185187, 0.058854, 0.984599, 0.057405, 27400.639259, 2774.436265 
32.968975, 3.377399, 1.959010, 0.033098, 0.098634, 0.324224, 0.324224, 2000000000000000.000000, 1000000000000000.000000 
83.689171, 21.400061, 17.381851, 0.220599, 0.052453, 0.907418, 0.517136, 45530.214944, 2228.725308 
70.445699, 33.140980, 13.100277, 0.151153, 0.056976, 1.691938, 1.526330, 68556.784827, 2130.083998 
115.250805, 15.276439, 18.237176, 0.194904, 0.058102, 1.338444, 0.086278, 28660.246627, 2542.868165 
65.445848, 33.767104, 12.896115, 0.144935, 0.060049, 1.687416, 1.414727, 72366.115291, 2119.310679 
35.378055, 3.967623, 2.230031, 0.039061, 0.107668, 0.384451, 0.384451, 2000000000000000.000000, 1000000000000000.000000 
121.912308, 16.291207, 17.603579, 0.194509, 0.056001, 1.001125, 0.100148, 28890.619575, 2620.598912 
29.480350, 2.522686, 1.566539, 0.024464, 0.085551, 0.237009, 0.237009, 2000000000000000.000000, 1000000000000000.000000 
84.054501, 19.979794, 17.365008, 0.226913, 0.052373, 0.724982, 0.609479, 46474.009392, 2256.236581 
89.154587, 22.747277, 16.819244, 0.279396, 0.055822, 0.772711, 0.637813, 43239.377122, 2233.855419 
94.555001, 23.262755, 16.996152, 0.262658, 0.061298, 0.835205, 0.715562, 42397.690536, 2272.540853 
51.234955, 7.852564, 4.013932, 0.078307, 0.167131, 0.780874, 0.780874, 485085.758057, 6334.682822 
112.087446, 16.483466, 17.674469, 0.216663, 0.050965, 1.577676, 0.266762, 29795.997044, 2485.960002 
96.768911, 23.054928, 17.063998, 0.249920, 0.058815, 0.948221, 0.609706, 40652.774859, 2292.330603 
76.354012, 26.085478, 12.996329, 0.249882, 0.070083, 1.392501, 0.528774, 59624.342869, 2157.136585 
111.061433, 17.484089, 17.835802, 0.202010, 0.059020, 1.565371, 0.341661, 32335.819733, 2467.558866 
39.608105, 5.003986, 2.705912, 0.049530, 0.123530, 0.490203, 0.490203, 2000000000000000.000000, 1000000000000000.000000 
65.539779, 31.833078, 13.510921, 0.140673, 0.054806, 1.793955, 1.479614, 69959.836052, 2112.538036 
90.582210, 22.383238, 16.591947, 0.237478, 0.057012, 0.918910, 0.858736, 45481.399434, 2242.457244 
63.336019, 29.246609, 14.007875, 0.124447, 0.053332, 1.588654, 1.201183, 71921.707573, 2117.655994 
74.950319, 23.625151, 15.949312, 0.231525, 0.057109, 0.844875, 0.910368, 55706.141591, 2175.787230 
80.583148, 26.534145, 13.480893, 0.244509, 0.058471, 1.379374, 0.437632, 54190.697696, 2163.006249 
36.663168, 4.282476, 2.374606, 0.042241, 0.112487, 0.416579, 0.416579, 2000000000000000.000000, 1000000000000000.000000 
63.416040, 31.605848, 12.718137, 0.146237, 0.053272, 1.740917, 1.417400, 72657.280741, 2116.094332 
45.077040, 6.343875, 3.321167, 0.063066, 0.144039, 0.626926, 0.626926, 2000000000000000.000000, 1000000000000000.000000 
36.227558, 4.175752, 2.325600, 0.041163, 0.110853, 0.405689, 0.405689, 2000000000000000.000000, 1000000000000000.000000 
120.405264, 16.900869, 17.592938, 0.194996, 0.050969, 1.184125, 0.256428, 29298.468041, 2593.655379 
33.743862, 3.567246, 2.046184, 0.035016, 0.101539, 0.343597, 0.343597, 2000000000000000.000000, 1000000000000000.000000 
56.142680, 9.054957, 4.566051, 0.090453, 0.185535, 0.903567, 0.903567, 385302.698857, 5144.681049 
88.232747, 20.221803, 17.032420, 0.218377, 0.056641, 0.735485, 0.601806, 45821.114807, 2258.304646 
74.328670, 26.379294, 13.370678, 0.246868, 0.069617, 1.285740, 0.398838, 58990.807313, 2147.009580 
56.385747, 9.114508, 4.593397, 0.091055, 0.186447, 0.909644, 0.909644, 381420.287715, 5098.291186 
112.712972, 17.282026, 18.025489, 0.203142, 0.061109, 1.303991, 0.258942, 31842.745072, 2491.702306 
78.501653, 27.913643, 13.569906, 0.243512, 0.052599, 1.318265, 0.432638, 53998.092770, 2150.116678 
91.571480, 22.689641, 16.878787, 0.265023, 0.061463, 0.859016, 0.719948, 43609.876533, 2250.043101 
92.523446, 22.603108, 16.987747, 0.292282, 0.060938, 0.756079, 0.575449, 41619.099903, 2258.217571 
