116.187794, 11.219913, 16.510231, 0.199714, 0.071793, 0.800247, 0.090245, 32566.112798, 2651.026242 
66.939689, 32.214907, 13.188569, 0.125755, 0.054194, 1.182840, 1.284093, 73399.472091, 2116.998407 
97.749921, 21.739627, 16.729967, 0.225730, 0.075814, 0.652626, 1.083000, 49976.317659, 2298.424093 
40.892527, 5.318669, 2.850409, 0.052709, 0.128347, 0.522313, 0.522313, 2000000000000000.000000, 1000000000000000.000000 
107.187610, 19.583531, 15.936522, 0.221854, 0.067168, 0.827839, 0.054180, 38010.596975, 2389.010694 
86.944162, 22.496052, 13.513039, 0.174088, 0.060509, 1.355070, 0.359039, 54592.789863, 2223.799381 
115.757236, 11.146959, 16.096930, 0.208037, 0.056520, 0.958352, 0.052577, 29822.602827, 2659.334618 
37.170657, 4.406811, 2.431699, 0.043497, 0.114390, 0.429266, 0.429266, 2000000000000000.000000, 1000000000000000.000000 
66.923761, 31.844104, 13.710064, 0.126398, 0.060104, 1.143601, 1.328518, 74588.949200, 2114.590157 
54.269345, 8.595990, 4.355301, 0.085817, 0.178510, 0.856734, 0.856734, 418133.108909, 5536.774161 
37.493860, 4.485996, 2.468059, 0.044297, 0.115602, 0.437347, 0.437347, 2000000000000000.000000, 1000000000000000.000000 
90.883310, 21.721196, 15.705373, 0.242269, 0.057874, 0.646808, 1.149447, 49932.696280, 2244.346027 
63.743524, 29.049533, 13.405883, 0.127212, 0.051637, 1.187850, 1.140381, 73938.521913, 2121.602450 
110.517959, 19.163652, 16.193087, 0.178802, 0.065803, 0.547231, 0.265613, 41387.537440, 2429.427347 
21.220514, 0.499026, 0.637308, 0.004021, 0.054577, 0.030513, 0.030513, 2000000000000000.000000, 1000000000000000.000000 
26.061648, 1.685104, 1.181935, 0.016003, 0.072731, 0.151541, 0.151541, 2000000000000000.000000, 1000000000000000.000000 
47.724147, 6.992416, 3.618966, 0.069617, 0.153966, 0.693104, 0.693104, 594773.879333, 7635.394796 
81.947595, 28.559223, 13.609894, 0.115074, 0.053642, 1.542095, 1.242637, 65573.859085, 2165.010964 
114.488891, 10.799074, 15.828707, 0.189739, 0.052533, 0.863943, 0.222844, 32309.395682, 2675.145529 
39.252318, 4.916818, 2.665886, 0.048649, 0.122196, 0.481308, 0.481308, 2000000000000000.000000, 1000000000000000.000000 
81.033444, 22.357394, 13.875739, 0.192699, 0.050243, 1.339299, 0.410893, 54294.825429, 2206.076973 
28.678509, 2.326235, 1.476332, 0.022479, 0.082544, 0.216963, 0.216963, 2000000000000000.000000, 1000000000000000.000000 
92.321117, 22.180934, 13.656074, 0.177174, 0.052627, 1.362676, 0.316032, 50064.102288, 2251.475009 
86.943310, 23.347323, 12.524630, 0.183835, 0.063892, 1.398246, 0.447824, 58406.204895, 2226.108828 
75.116624, 29.413746, 13.642929, 0.121628, 0.056578, 1.579546, 1.218463, 67688.802907, 2136.046148 
98.288822, 21.135189, 17.007497, 0.227327, 0.074176, 0.745265, 1.066495, 47996.698274, 2308.801536 
119.042541, 12.635825, 16.203066, 0.177142, 0.054712, 0.914472, 0.138486, 31373.011019, 2632.370863 
24.962348, 1.415775, 1.058264, 0.013282, 0.068609, 0.124059, 0.124059, 2000000000000000.000000, 1000000000000000.000000 
95.546881, 21.566516, 15.639136, 0.244554, 0.068014, 0.626144, 1.007452, 49570.979886, 2273.985599 
78.429316, 28.759220, 13.228633, 0.127196, 0.052995, 1.637967, 1.210679, 65453.938151, 2150.233554 
36.761545, 4.306579, 2.385674, 0.042485, 0.112856, 0.419039, 0.419039, 2000000000000000.000000, 1000000000000000.000000 
78.734119, 23.056856, 12.130083, 0.201807, 0.050422, 1.522242, 0.677865, 61947.766308, 2216.634893 
69.146336, 31.901051, 13.741208, 0.126946, 0.068475, 1.180303, 1.338124, 76137.100428, 2120.325413 
137.711764, 12.775929, 16.951115, 0.182233, 0.070308, 0.276954, 0.066692, 30994.884751, 2951.127222 
119.729477, 13.762394, 16.441248, 0.186079, 0.054086, 1.083250, 0.245919, 31049.485073, 2610.988276 
105.477819, 19.978973, 15.192916, 0.205334, 0.064627, 0.731154, 0.091787, 41306.685436, 2365.646621 
102.475549, 20.249060, 15.777491, 0.191370, 0.057664, 0.759175, 0.251450, 41712.663244, 2338.960319 
94.903683, 20.834575, 16.358980, 0.258404, 0.057134, 0.715989, 0.983160, 44672.021350, 2280.111899 
25.403319, 1.523813, 1.107873, 0.014373, 0.070262, 0.135083, 0.135083, 2000000000000000.000000, 1000000000000000.000000 
44.651695, 6.239665, 3.273316, 0.062013, 0.142444, 0.616292, 0.616292, 2000000000000000.000000, 1000000000000000.000000 
93.455879, 21.181074, 15.729153, 0.247743, 0.058417, 0.714754, 1.010599, 47570.007070, 2264.609910 
78.049154, 22.651323, 12.419113, 0.206508, 0.057783, 1.390018, 0.564204, 62111.511734, 2217.824685 
98.299699, 21.981606, 16.301554, 0.246272, 0.059313, 0.686243, 1.125582, 45617.849227, 2297.244054 
75.545698, 31.322416, 13.188871, 0.125631, 0.059626, 1.550845, 1.151909, 68568.205876, 2142.114609 
54.452625, 8.640893, 4.375920, 0.086270, 0.179197, 0.861316, 0.861316, 414674.719899, 5495.490888 
51.691149, 7.964332, 4.065254, 0.079436, 0.168842, 0.792279, 0.792279, 473692.798665, 6199.103292 
97.568543, 20.971823, 16.562910, 0.228130, 0.074200, 0.812728, 0.954782, 47822.695329, 2299.383245 
65.117485, 28.264794, 13.008914, 0.119100, 0.059584, 1.136313, 1.239108, 79998.298025, 2130.173395 
79.172784, 28.453320, 13.413630, 0.121623, 0.061888, 1.436321, 1.190764, 69172.762576, 2152.698567 
97.339191, 20.553541, 16.500872, 0.229173, 0.070621, 0.715026, 1.050125, 48364.077563, 2300.426217 
115.105470, 10.722333, 15.627297, 0.205907, 0.055399, 0.818071, 0.020910, 30787.466541, 2687.547508 
118.984494, 11.268160, 15.579428, 0.192689, 0.060302, 1.130282, 0.188026, 31641.246646, 2689.292286 
80.344524, 28.405479, 13.760259, 0.117918, 0.060938, 1.528898, 1.104413, 66675.704127, 2157.118304 
84.750453, 22.296066, 13.427896, 0.208420, 0.057913, 1.386773, 0.490526, 54567.834797, 2220.303620 
85.314220, 28.563779, 13.781715, 0.116149, 0.057945, 1.592631, 1.175030, 64387.846955, 2183.364524 
75.005673, 30.600644, 13.043173, 0.113276, 0.061964, 1.492382, 1.224615, 73260.417542, 2138.821715 
24.264396, 1.244777, 0.979745, 0.011554, 0.065991, 0.106610, 0.106610, 2000000000000000.000000, 1000000000000000.000000 
142.124024, 12.527380, 17.486859, 0.185777, 0.069288, 0.241896, 0.057106, 29293.559126, 3093.986289 
118.500071, 11.725205, 16.411029, 0.192717, 0.053431, 0.771168, 0.112354, 29797.799758, 2652.608397 
72.297396, 30.342756, 13.765286, 0.114877, 0.058814, 1.580294, 1.226238, 70319.144973, 2126.902125 
136.081764, 11.841201, 16.402130, 0.179782, 0.064304, 0.071063, 0.029647, 31010.011463, 2915.127468 
105.284093, 19.894516, 16.309746, 0.189931, 0.061106, 0.531053, 0.150137, 40258.124272, 2371.101968 
135.297161, 12.575627, 16.512096, 0.175869, 0.052024, 0.113397, 0.091636, 29183.669111, 2888.938722 
119.833301, 13.795703, 16.464126, 0.189118, 0.051337, 1.076549, 0.179255, 29910.204930, 2611.503600 
122.411562, 13.735129, 16.804915, 0.179991, 0.051912, 1.094908, 0.250338, 29560.573331, 2646.194811 
65.728664, 32.292995, 13.479105, 0.125364, 0.059056, 1.036595, 1.304277, 76059.814750, 2113.488079 
76.633897, 23.828805, 11.933832, 0.176368, 0.057762, 1.507931, 0.742921, 66677.021911, 2205.042060 
23.832895, 1.139059, 0.931201, 0.010486, 0.064373, 0.095822, 0.095822, 2000000000000000.000000, 1000000000000000.000000 
63.829201, 30.786562, 13.617764, 0.129679, 0.057639, 0.994511, 1.611521, 79128.025098, 2111.483692 
23.740558, 1.116437, 0.920813, 0.010258, 0.064027, 0.093514, 0.093514, 2000000000000000.000000, 1000000000000000.000000 
80.364879, 23.800134, 12.514246, 0.211825, 0.057000, 1.395512, 0.456757, 59184.701495, 2199.173128 
51.651555, 7.954631, 4.060800, 0.079338, 0.168693, 0.791289, 0.791289, 474660.585137, 6210.623773 
37.210804, 4.416647, 2.436215, 0.043597, 0.114541, 0.430270, 0.430270, 2000000000000000.000000, 1000000000000000.000000 
103.279000, 20.104972, 15.075018, 0.201104, 0.056867, 0.760933, 0.306780, 42824.687512, 2344.947671 
115.943709, 11.118473, 16.343763, 0.202457, 0.055290, 0.930250, 0.066671, 29487.423886, 2656.629985 
65.989453, 28.400250, 12.685614, 0.122540, 0.051142, 1.120272, 1.080086, 75458.725475, 2132.089138 
89.586800, 22.740870, 12.810174, 0.184581, 0.063787, 1.148386, 0.226998, 55380.718648, 2240.791572 
71.366443, 31.273768, 13.718790, 0.119320, 0.056263, 1.073465, 1.320826, 72725.355238, 2125.592298 
63.208430, 30.844935, 14.333765, 0.126564, 0.056773, 1.142709, 1.487548, 75680.093902, 2109.597469 
59.991009, 9.997797, 4.998989, 0.099978, 0.199966, 0.999775, 0.999775, 331964.681807, 4507.373172 
103.541733, 18.247031, 15.841146, 0.216592, 0.054053, 0.822466, 0.089573, 37849.322729, 2371.864715 
34.107536, 3.656346, 2.087098, 0.035916, 0.102903, 0.352688, 0.352688, 2000000000000000.000000, 1000000000000000.000000 
109.808758, 18.525386, 15.774768, 0.178201, 0.051139, 0.517281, 0.180305, 38675.599109, 2424.606557 
115.811582, 10.804735, 16.228431, 0.205935, 0.062759, 0.886645, 0.099519, 30953.937818, 2671.919885 
74.604965, 31.283463, 13.441011, 0.120394, 0.052579, 1.478789, 1.223259, 67509.626117, 2137.719472 
64.052379, 32.268834, 13.154455, 0.108607, 0.054255, 1.193507, 1.405311, 79246.501943, 2112.480023 
22.114819, 0.718131, 0.737917, 0.006234, 0.057931, 0.052870, 0.052870, 2000000000000000.000000, 1000000000000000.000000 
23.148365, 0.971349, 0.854191, 0.008792, 0.061806, 0.078709, 0.078709, 2000000000000000.000000, 1000000000000000.000000 
61.283457, 31.246761, 13.734023, 0.126134, 0.050969, 1.116992, 1.509679, 76554.179429, 2110.100809 
36.601780, 4.267436, 2.367700, 0.042089, 0.112257, 0.415044, 0.415044, 2000000000000000.000000, 1000000000000000.000000 
57.848596, 9.472906, 4.757967, 0.094675, 0.191932, 0.946215, 0.946215, 359636.333133, 4837.966534 
109.497330, 18.403845, 16.833489, 0.177911, 0.056480, 0.874173, 0.292759, 37272.761621, 2430.458130 
107.429359, 18.069770, 16.191372, 0.182539, 0.058900, 0.573118, 0.125330, 38990.796000, 2408.354546 
76.630602, 23.299921, 11.830596, 0.203082, 0.051599, 1.470260, 0.630440, 64326.582294, 2217.402419 
97.006692, 20.988606, 15.560638, 0.247044, 0.056815, 0.582180, 1.090556, 47301.558881, 2288.917553 
60.773480, 31.977403, 13.681219, 0.114029, 0.050244, 1.156100, 1.439315, 77661.414996, 2108.655718 
117.214606, 13.074144, 18.992806, 0.154989, 0.066728, 0.697379, 0.557275, 37754.529615, 2603.900879 
117.984452, 11.037669, 15.995543, 0.195385, 0.075530, 1.009411, 0.151409, 33519.426547, 2681.400709 
110.381108, 18.471719, 16.238565, 0.185777, 0.061407, 0.590177, 0.169297, 38667.657996, 2433.949708 
110.832651, 12.042330, 15.691928, 0.195608, 0.050065, 0.853579, 0.123011, 33367.351977, 2601.791473 
111.236328, 13.202359, 19.701397, 0.139978, 0.061456, 0.550343, 0.581998, 40160.861856, 2544.464145 
110.418036, 13.224595, 19.218331, 0.150195, 0.056840, 0.694677, 0.540982, 36840.097533, 2533.504894 
61.194293, 32.411803, 13.890056, 0.134964, 0.053636, 1.009973, 1.497299, 75761.627393, 2107.504744 
111.478779, 17.253772, 17.050507, 0.178605, 0.056898, 0.812439, 0.206250, 35461.137873, 2464.768549 
62.776506, 32.325481, 12.931508, 0.110922, 0.050757, 1.183082, 1.360869, 78431.891204, 2112.973230 
105.156305, 19.503096, 16.227490, 0.189481, 0.066091, 0.670007, 0.147464, 40716.167646, 2372.237009 
32.249641, 3.201162, 1.878085, 0.031318, 0.095936, 0.306241, 0.306241, 2000000000000000.000000, 1000000000000000.000000 
44.120402, 6.109499, 3.213545, 0.060698, 0.140452, 0.603010, 0.603010, 2000000000000000.000000, 1000000000000000.000000 
134.535334, 12.201257, 16.428464, 0.180383, 0.055017, 0.089982, 0.057207, 29366.740319, 2876.720056 
47.823719, 7.016811, 3.630168, 0.069864, 0.154339, 0.695593, 0.695593, 591000.373089, 7590.787504 
104.280333, 19.212752, 15.799680, 0.222656, 0.063527, 0.758466, 0.033424, 38736.887894, 2364.906034 
55.171123, 8.816925, 4.456751, 0.088049, 0.181892, 0.879278, 0.879278, 401653.620868, 5340.009320 
137.953748, 12.582756, 16.718489, 0.183890, 0.063944, 0.075708, 0.002717, 29897.348754, 2954.597666 
62.019875, 32.471885, 13.491809, 0.119645, 0.056141, 1.126934, 1.438788, 78670.845137, 2109.036848 
136.038925, 13.299026, 17.123931, 0.188279, 0.053857, 0.150475, 0.069681, 27780.552255, 2909.200523 
105.244398, 12.895371, 18.931420, 0.138526, 0.058049, 0.753688, 0.481502, 39756.674432, 2510.914592 
44.862001, 6.291190, 3.296975, 0.062533, 0.143233, 0.621550, 0.621550, 2000000000000000.000000, 1000000000000000.000000 
101.024199, 17.589217, 15.765983, 0.199181, 0.064208, 0.697147, 0.059199, 41168.104735, 2366.263906 
20.761568, 0.386584, 0.585676, 0.002885, 0.052856, 0.019039, 0.019039, 2000000000000000.000000, 1000000000000000.000000 
126.326681, 12.916388, 15.565739, 0.180244, 0.063616, 1.120947, 0.322167, 33009.248943, 2721.675038 
95.818751, 20.752570, 15.842378, 0.245157, 0.057977, 0.595150, 0.967442, 46658.900741, 2284.277882 
72.635056, 30.856310, 13.247006, 0.120055, 0.054981, 1.514436, 1.315621, 70496.441314, 2130.012844 
41.821757, 5.546330, 2.954948, 0.055009, 0.131832, 0.545544, 0.545544, 2000000000000000.000000, 1000000000000000.000000 
23.161096, 0.974469, 0.855623, 0.008824, 0.061854, 0.079027, 0.079027, 2000000000000000.000000, 1000000000000000.000000 
47.980477, 7.055217, 3.647804, 0.070252, 0.154927, 0.699512, 0.699512, 585153.345077, 7521.649661 
108.031718, 12.762061, 16.249139, 0.206208, 0.056102, 1.021686, 0.065254, 33404.405448, 2547.555724 
97.983102, 21.432275, 16.309172, 0.247718, 0.057274, 0.623207, 1.108778, 45305.528046, 2297.406597 
51.970724, 8.032827, 4.096706, 0.080128, 0.169890, 0.799268, 0.799268, 466968.789393, 6119.045526 
