32.316309, 3.217496, 1.885585, 0.031483, 0.096186, 0.307908, 0.307908, 2000000000000000.000000, 1000000000000000.000000 
130.045926, 18.031701, 17.710617, 0.192900, 0.056471, 0.998677, 0.181409, 28505.424146, 2779.607285 
90.714817, 22.666563, 18.626231, 0.202594, 0.059743, 0.720033, 0.731917, 44173.798039, 2268.838522 
127.491807, 12.307272, 17.501702, 0.206863, 0.057707, 0.815809, 0.065731, 25472.473107, 2749.764809 
96.056242, 23.804024, 17.589292, 0.258777, 0.054739, 0.938713, 0.647703, 39267.597367, 2296.386011 
67.533405, 32.881223, 12.563296, 0.147190, 0.051133, 1.655014, 1.418132, 70049.200897, 2123.976710 
91.985192, 21.831035, 17.328874, 0.203156, 0.060885, 0.544753, 0.759991, 47149.096886, 2262.086873 
102.581873, 21.370327, 17.216463, 0.264684, 0.054682, 0.754846, 0.722219, 38143.486581, 2350.279756 
100.707645, 22.186288, 17.342987, 0.249520, 0.054515, 0.722696, 0.754277, 39475.501046, 2333.444737 
87.555774, 20.899841, 17.353505, 0.221637, 0.061424, 0.767082, 0.572855, 45880.663033, 2247.751429 
66.352572, 33.071150, 13.201231, 0.139325, 0.060093, 1.865939, 1.282500, 70177.331270, 2117.625997 
55.626183, 8.928415, 4.507946, 0.089175, 0.183598, 0.890655, 0.890655, 393824.078178, 5246.487630 
50.081515, 7.569971, 3.884170, 0.075452, 0.162806, 0.752038, 0.752038, 516456.577354, 6707.548304 
78.250399, 25.892633, 13.087362, 0.242658, 0.055019, 1.438218, 0.499842, 56515.501387, 2162.450246 
89.867363, 22.012898, 16.025032, 0.238792, 0.060419, 0.832511, 0.769436, 47389.858322, 2237.390543 
114.047376, 17.745116, 17.935294, 0.193595, 0.055811, 1.201819, 0.364675, 32345.926209, 2505.040105 
99.967522, 24.354904, 15.981193, 0.275227, 0.060511, 0.884566, 0.740969, 42230.048924, 2306.209678 
94.846239, 22.007258, 17.141864, 0.291332, 0.068785, 0.936380, 0.589746, 41052.630911, 2279.374911 
98.883374, 22.571640, 17.246274, 0.236095, 0.057050, 0.816509, 0.597479, 40131.147940, 2314.373826 
37.351317, 4.451073, 2.452023, 0.043945, 0.115067, 0.433783, 0.433783, 2000000000000000.000000, 1000000000000000.000000 
127.821025, 12.179307, 17.594720, 0.196840, 0.053162, 0.832669, 0.042307, 24659.777582, 2757.921995 
59.538298, 9.886883, 4.948059, 0.098857, 0.198269, 0.988457, 0.988457, 337440.128386, 4572.764347 
29.447566, 2.514654, 1.562851, 0.024383, 0.085428, 0.236189, 0.236189, 2000000000000000.000000, 1000000000000000.000000 
66.511041, 32.628307, 12.472426, 0.138617, 0.062361, 1.763078, 1.285018, 73901.343249, 2122.233925 
89.590062, 22.937593, 17.997974, 0.219994, 0.064814, 0.552861, 0.537055, 44977.026180, 2250.382522 
74.959161, 26.474719, 13.444672, 0.244574, 0.058438, 1.332687, 0.515896, 57545.130577, 2146.843928 
128.892043, 17.460257, 18.123552, 0.189054, 0.073577, 1.153757, 0.136251, 30262.670740, 2767.029049 
79.299778, 22.846853, 15.866582, 0.243313, 0.061074, 0.883059, 0.853988, 53179.982331, 2190.371492 
66.310021, 33.046894, 12.875414, 0.138350, 0.060886, 1.848971, 1.308238, 71865.775858, 2119.205251 
66.061622, 32.053190, 13.397850, 0.129793, 0.067019, 1.614762, 1.190219, 73764.384527, 2114.071149 
27.536688, 2.046489, 1.347877, 0.019653, 0.078263, 0.188417, 0.188417, 2000000000000000.000000, 1000000000000000.000000 
21.296967, 0.517757, 0.645909, 0.004210, 0.054864, 0.032424, 0.032424, 2000000000000000.000000, 1000000000000000.000000 
117.282290, 16.211614, 18.010605, 0.199710, 0.050914, 1.253389, 0.186970, 28404.343763, 2558.501532 
56.715851, 9.195383, 4.630533, 0.091872, 0.187684, 0.917896, 0.917896, 376272.982611, 5036.783171 
94.287067, 21.290859, 17.747677, 0.216022, 0.050435, 0.684282, 0.593141, 40794.235710, 2286.146733 
89.226779, 21.263338, 16.902503, 0.263369, 0.053635, 0.734374, 1.148816, 45819.449616, 2247.181074 
101.186732, 22.549107, 17.010040, 0.245477, 0.056218, 0.778769, 0.752720, 40289.746829, 2332.530978 
115.059806, 15.563602, 17.621924, 0.197486, 0.061630, 1.354863, 0.276758, 31453.351466, 2530.361784 
41.681759, 5.512031, 2.939198, 0.054662, 0.131307, 0.542044, 0.542044, 2000000000000000.000000, 1000000000000000.000000 
52.029138, 8.047139, 4.103278, 0.080272, 0.170109, 0.800728, 0.800728, 465587.705689, 6102.598582 
38.116830, 4.638623, 2.538143, 0.045839, 0.117938, 0.452921, 0.452921, 2000000000000000.000000, 1000000000000000.000000 
125.783208, 11.633141, 16.997719, 0.200935, 0.056154, 0.806610, 0.106317, 26553.969469, 2734.257405 
65.806443, 31.815385, 12.686122, 0.136124, 0.063410, 1.749012, 1.359312, 75039.935681, 2118.406436 
126.080558, 18.495705, 17.494980, 0.193021, 0.050959, 0.993328, 0.127832, 28507.016893, 2690.091016 
43.543268, 5.968101, 3.148618, 0.059270, 0.138287, 0.588582, 0.588582, 2000000000000000.000000, 1000000000000000.000000 
93.505243, 22.211719, 17.647561, 0.248296, 0.052310, 0.781732, 0.672199, 40473.411597, 2275.314370 
91.505100, 23.123253, 17.919760, 0.209947, 0.050591, 0.505521, 0.553314, 42378.078747, 2262.742756 
43.594051, 5.980543, 3.154331, 0.059395, 0.138478, 0.589851, 0.589851, 2000000000000000.000000, 1000000000000000.000000 
121.269475, 17.168624, 17.884374, 0.194336, 0.053889, 1.304975, 0.299518, 29266.860227, 2613.185916 
115.420110, 18.032587, 17.917156, 0.204814, 0.076051, 1.400781, 0.361955, 34274.176424, 2522.581415 
92.149428, 21.595822, 17.901941, 0.206081, 0.057460, 0.727369, 0.602778, 43186.312978, 2271.517931 
51.378685, 7.887778, 4.030102, 0.078662, 0.167670, 0.784467, 0.784467, 481438.264537, 6291.285950 
112.694986, 16.596986, 17.246032, 0.213681, 0.053826, 1.481050, 0.163402, 30494.131051, 2487.229500 
127.959462, 17.239845, 18.144350, 0.194199, 0.063234, 1.004722, 0.190654, 29201.436791, 2746.887887 
92.615001, 21.124166, 16.623544, 0.287014, 0.051212, 0.921262, 0.543906, 40547.912136, 2264.873919 
59.928194, 33.030753, 12.185019, 0.148198, 0.051655, 1.670810, 1.370703, 75443.330380, 2120.506421 
59.484783, 29.750064, 14.043340, 0.137736, 0.050629, 1.491774, 1.521298, 74610.418984, 2121.849426 
41.942872, 5.576004, 2.968573, 0.055309, 0.132286, 0.548572, 0.548572, 2000000000000000.000000, 1000000000000000.000000 
98.742724, 21.806097, 16.903072, 0.268752, 0.051214, 0.863122, 0.534691, 38226.655505, 2308.797648 
63.477990, 30.430041, 13.822824, 0.138907, 0.054221, 1.502314, 1.597177, 73066.128795, 2111.790148 
53.792219, 8.479094, 4.301625, 0.084636, 0.176721, 0.844805, 0.844805, 427413.281680, 5647.524389 
120.769664, 17.072588, 16.794917, 0.211992, 0.060032, 1.231464, 0.047090, 29783.895425, 2584.497704 
87.802768, 22.514831, 17.385817, 0.207280, 0.054157, 0.638606, 0.721856, 46312.434698, 2233.401483 
21.175227, 0.487931, 0.632213, 0.003909, 0.054407, 0.029381, 0.029381, 2000000000000000.000000, 1000000000000000.000000 
67.409456, 32.643533, 13.383143, 0.137189, 0.060792, 1.625451, 1.237496, 70342.482272, 2118.310585 
25.351101, 1.511020, 1.101999, 0.014244, 0.070067, 0.133778, 0.133778, 2000000000000000.000000, 1000000000000000.000000 
45.013717, 6.328361, 3.314043, 0.062909, 0.143801, 0.625343, 0.625343, 2000000000000000.000000, 1000000000000000.000000 
68.181561, 32.003651, 13.248052, 0.154906, 0.053491, 1.737052, 1.533852, 67914.552905, 2119.194016 
88.669754, 21.771265, 16.632102, 0.232589, 0.063814, 0.890281, 0.827392, 47692.655872, 2237.229857 
111.041144, 17.070787, 17.767495, 0.202208, 0.056983, 1.507376, 0.326934, 32034.264162, 2469.622326 
90.256416, 22.727777, 18.246474, 0.226848, 0.056802, 0.727598, 0.683349, 42680.635352, 2259.235591 
88.863959, 21.189309, 17.376321, 0.205988, 0.057087, 0.599342, 0.740831, 46972.069443, 2250.055680 
30.858018, 2.860214, 1.721527, 0.027874, 0.090718, 0.271450, 0.271450, 2000000000000000.000000, 1000000000000000.000000 
44.698176, 6.251053, 3.278545, 0.062128, 0.142618, 0.617454, 0.617454, 2000000000000000.000000, 1000000000000000.000000 
99.272364, 22.442647, 17.416682, 0.250085, 0.062969, 0.720642, 0.755191, 41394.261664, 2320.947732 
112.604178, 16.638031, 17.448777, 0.202776, 0.052856, 1.452540, 0.214409, 30768.013859, 2487.784064 
83.784583, 20.804663, 17.616760, 0.224341, 0.052811, 0.853038, 0.565804, 45506.908645, 2240.641871 
81.662071, 22.780673, 16.044859, 0.243535, 0.055100, 0.787649, 0.922168, 51021.113668, 2196.529420 
123.465137, 11.667027, 16.624942, 0.192844, 0.066223, 1.162500, 0.352375, 30897.487400, 2704.761429 
89.315956, 19.923057, 17.200705, 0.217162, 0.061832, 0.789128, 0.641116, 46076.416733, 2268.022564 
23.211786, 0.986888, 0.861326, 0.008949, 0.062044, 0.080295, 0.080295, 2000000000000000.000000, 1000000000000000.000000 
63.402669, 29.244624, 13.905490, 0.123990, 0.051846, 1.565147, 1.188129, 71744.673482, 2117.925587 
76.655586, 27.049585, 12.726934, 0.241556, 0.059490, 1.274633, 0.479240, 59093.482433, 2154.062441 
89.314896, 22.304886, 18.076517, 0.206122, 0.070023, 0.718711, 0.675357, 47170.816937, 2251.868798 
125.011796, 17.419199, 17.288851, 0.165040, 0.066992, 1.200824, 0.057118, 31724.480728, 2663.630005 
113.123542, 18.007479, 16.980922, 0.200689, 0.064743, 1.095057, 0.028031, 33260.480677, 2476.764600 
116.694926, 17.051617, 16.845853, 0.210254, 0.054720, 1.117424, 0.084546, 30672.278446, 2527.645627 
127.135241, 11.576250, 16.597511, 0.207699, 0.055768, 0.670357, 0.066667, 26497.819637, 2756.657786 
119.650597, 15.712221, 17.502217, 0.213996, 0.061821, 1.211589, 0.380038, 30770.133074, 2588.140618 
51.688861, 7.963771, 4.064997, 0.079430, 0.168833, 0.792222, 0.792222, 473748.624646, 6199.767948 
95.409899, 23.841245, 17.459635, 0.253792, 0.057093, 0.828606, 0.698136, 40851.314792, 2288.138535 
51.005070, 7.796242, 3.988070, 0.077738, 0.166269, 0.775127, 0.775127, 491034.530235, 6405.440529 
124.389712, 11.486356, 17.732204, 0.206860, 0.071377, 0.710698, 0.176387, 29113.805839, 2717.410899 
89.199839, 22.771745, 16.744701, 0.281595, 0.051842, 0.742444, 0.597283, 42622.238331, 2233.268584 
92.106058, 22.434588, 16.405115, 0.244363, 0.053116, 0.914899, 1.035105, 45098.335068, 2250.128907 
20.135567, 0.233214, 0.515251, 0.001336, 0.050508, 0.003389, 0.003389, 2000000000000000.000000, 1000000000000000.000000 
77.113410, 23.387174, 15.963653, 0.233182, 0.050179, 0.828641, 0.965508, 53246.285962, 2180.193310 
52.227213, 8.095667, 4.125561, 0.080762, 0.170852, 0.805680, 0.805680, 460964.313740, 6047.530156 
87.383900, 22.083196, 17.002315, 0.215817, 0.066569, 0.647202, 0.692809, 49124.930767, 2230.891555 
115.555997, 18.050647, 17.858563, 0.196387, 0.052067, 1.254633, 0.275207, 30705.801198, 2523.237658 
112.134062, 16.550957, 17.415425, 0.202536, 0.059501, 1.562582, 0.201864, 31579.209874, 2483.055973 
130.562109, 14.716380, 17.446196, 0.192385, 0.053678, 1.482807, 0.402803, 26799.939229, 2784.335805 
20.146986, 0.236012, 0.516536, 0.001364, 0.050551, 0.003675, 0.003675, 2000000000000000.000000, 1000000000000000.000000 
121.558161, 15.948970, 17.646564, 0.189356, 0.051683, 1.014454, 0.140418, 28530.403809, 2617.581261 
43.880709, 6.050774, 3.186580, 0.060105, 0.139553, 0.597018, 0.597018, 2000000000000000.000000, 1000000000000000.000000 
23.101410, 0.959845, 0.848909, 0.008676, 0.061630, 0.077535, 0.077535, 2000000000000000.000000, 1000000000000000.000000 
44.145361, 6.115614, 3.216353, 0.060760, 0.140545, 0.603634, 0.603634, 2000000000000000.000000, 1000000000000000.000000 
93.277794, 22.173145, 17.878591, 0.225789, 0.051212, 0.714370, 0.635361, 40857.847370, 2277.069508 
22.350280, 0.775818, 0.764406, 0.006817, 0.058814, 0.058757, 0.058757, 2000000000000000.000000, 1000000000000000.000000 
65.750773, 33.796221, 12.991228, 0.136643, 0.060729, 1.932726, 1.285422, 71206.291201, 2119.584954 
121.986380, 16.662191, 17.674714, 0.194485, 0.050848, 1.158502, 0.211272, 28446.198186, 2621.687806 
66.535637, 32.351448, 13.244035, 0.151847, 0.052596, 1.708191, 1.444014, 68326.774611, 2116.117894 
82.565472, 22.280930, 17.674111, 0.212865, 0.052423, 0.694521, 0.763826, 47811.243529, 2216.297778 
112.537055, 18.086868, 17.751322, 0.198670, 0.076513, 1.417741, 0.394311, 35947.396377, 2480.751559 
86.565563, 22.924606, 18.226285, 0.218127, 0.056640, 0.761149, 0.708238, 44725.610582, 2234.741643 
72.612739, 24.993305, 13.784610, 0.246926, 0.050202, 1.305742, 0.406095, 56982.439708, 2157.627334 
46.881201, 6.785894, 3.524135, 0.067531, 0.150805, 0.672030, 0.672030, 628701.514273, 8036.019572 
91.989745, 20.501460, 17.644038, 0.217214, 0.061567, 0.787949, 0.559439, 43376.591054, 2276.096089 
111.194551, 16.561952, 17.627380, 0.203555, 0.055548, 1.561785, 0.193999, 30901.336932, 2474.711354 
80.196508, 21.818783, 15.688325, 0.235917, 0.058496, 0.939483, 0.896489, 53311.328031, 2208.725735 
99.573618, 22.053864, 17.473977, 0.245445, 0.063338, 0.813839, 0.750266, 41031.673337, 2324.742894 
127.795088, 15.519046, 17.667049, 0.195224, 0.055779, 1.467586, 0.355658, 27502.029802, 2730.081604 
52.771174, 8.228938, 4.186757, 0.082109, 0.172892, 0.819279, 0.819279, 448723.966697, 5901.673746 
36.294311, 4.192106, 2.333110, 0.041328, 0.111104, 0.407358, 0.407358, 2000000000000000.000000, 1000000000000000.000000 
126.992532, 18.589584, 17.695898, 0.190458, 0.053729, 1.048958, 0.052571, 27947.742676, 2715.292467 
34.139741, 3.664236, 2.090721, 0.035996, 0.103024, 0.353494, 0.353494, 2000000000000000.000000, 1000000000000000.000000 
46.644927, 6.728007, 3.497554, 0.066946, 0.149918, 0.666123, 0.666123, 638896.157244, 8156.248178 
123.223026, 16.497109, 17.248097, 0.178245, 0.055623, 1.109527, 0.005783, 28923.898745, 2634.389938 
