51.286332, 7.865151, 4.019712, 0.078434, 0.167324, 0.782158, 0.782158, 483775.683151, 6319.097094 
120.952559, 11.011381, 16.937555, 0.196438, 0.058161, 0.847240, 0.036528, 27464.330013, 2692.462506 
127.633862, 12.852749, 17.071721, 0.185408, 0.054410, 0.816323, 0.105610, 27195.035699, 2741.156762 
116.091440, 13.300073, 17.503064, 0.171770, 0.050110, 1.140672, 0.207543, 29712.167797, 2579.061014 
91.164943, 23.168631, 16.514212, 0.240023, 0.050845, 0.645613, 0.968622, 45604.408732, 2241.584112 
136.226750, 11.968488, 18.814267, 0.188889, 0.063839, 0.146119, 0.004566, 26749.353825, 2965.735967 
57.429587, 9.370249, 4.710829, 0.093638, 0.190361, 0.935740, 0.935740, 365612.593007, 4909.386653 
119.286091, 15.032591, 16.779462, 0.187461, 0.061227, 0.966322, 0.373962, 33882.299685, 2583.830476 
82.382086, 27.314089, 13.461814, 0.105977, 0.050947, 1.635880, 1.183275, 65686.633251, 2168.214653 
95.560875, 20.565814, 16.838251, 0.264601, 0.063611, 0.780180, 0.936967, 43874.034008, 2290.474316 
47.646733, 6.973450, 3.610257, 0.069426, 0.153675, 0.691168, 0.691168, 597740.250056, 7670.453710 
79.029958, 30.794260, 13.199793, 0.115213, 0.052620, 1.647413, 1.114481, 65844.639168, 2155.855746 
121.927362, 14.633895, 16.867193, 0.189774, 0.071567, 1.245752, 0.252482, 32574.202727, 2626.098844 
105.208986, 19.031431, 15.800239, 0.234884, 0.051754, 0.701203, 0.161119, 37321.953194, 2375.085940 
116.809728, 14.495061, 16.987890, 0.195236, 0.054629, 0.998781, 0.291696, 31527.794728, 2562.688842 
53.698497, 32.784369, 13.734010, 0.133847, 0.052537, 1.011113, 1.341119, 80809.709811, 2121.297829 
54.741215, 8.711598, 4.408387, 0.086985, 0.180280, 0.868530, 0.868530, 409344.045942, 5431.847158 
132.786982, 11.506525, 18.436282, 0.183999, 0.065204, 0.232718, 0.171828, 29621.321433, 2873.699266 
50.212182, 7.601985, 3.898871, 0.075775, 0.163296, 0.755305, 0.755305, 512703.615693, 6662.977472 
41.512504, 5.470564, 2.920157, 0.054243, 0.130672, 0.537813, 0.537813, 2000000000000000.000000, 1000000000000000.000000 
73.287764, 30.281381, 13.551608, 0.121357, 0.055968, 1.549621, 1.106549, 67698.301498, 2130.463524 
82.266776, 25.215753, 12.728715, 0.222774, 0.065047, 1.481994, 0.438482, 57556.268428, 2185.074730 
30.103673, 2.675400, 1.636663, 0.026007, 0.087889, 0.252592, 0.252592, 2000000000000000.000000, 1000000000000000.000000 
123.890997, 13.519544, 17.000945, 0.175996, 0.061753, 0.906201, 0.084622, 30051.169751, 2671.614404 
117.343514, 13.699149, 16.458113, 0.179716, 0.054664, 1.073051, 0.254081, 32262.808926, 2585.268482 
73.501074, 32.722990, 13.924968, 0.135715, 0.055902, 1.159570, 1.075701, 65641.370382, 2140.400615 
90.867649, 21.004610, 15.741067, 0.243807, 0.058843, 0.710505, 1.009391, 48940.686666, 2252.779654 
106.800129, 19.510027, 16.164646, 0.234272, 0.066923, 0.704945, 0.269682, 39046.250322, 2387.497860 
77.258248, 30.456874, 13.279241, 0.125574, 0.052112, 1.525693, 1.161468, 65541.487258, 2146.710626 
76.985554, 30.066964, 13.251360, 0.126796, 0.061068, 1.588668, 1.068717, 67412.189093, 2144.883677 
59.882612, 9.971240, 4.986794, 0.099709, 0.199560, 0.997065, 0.997065, 333258.880537, 4522.827748 
25.894429, 1.644135, 1.163123, 0.015589, 0.072104, 0.147361, 0.147361, 2000000000000000.000000, 1000000000000000.000000 
51.301489, 7.868865, 4.021418, 0.078471, 0.167381, 0.782537, 0.782537, 483390.535195, 6314.514672 
120.472153, 15.010770, 17.026202, 0.189216, 0.058445, 1.139421, 0.184099, 30460.549542, 2601.845913 
102.778152, 18.542438, 16.816224, 0.220713, 0.050743, 1.018729, 0.014332, 34768.216397, 2365.327534 
118.875643, 13.951047, 16.695671, 0.188326, 0.058980, 1.129085, 0.181039, 31080.838440, 2596.617955 
97.092102, 19.792489, 16.481991, 0.260864, 0.069536, 0.816613, 0.771739, 44045.605237, 2306.397740 
78.878640, 30.532764, 12.960391, 0.122698, 0.061554, 1.666696, 1.030745, 67667.043488, 2155.076550 
28.961610, 2.395594, 1.508181, 0.023180, 0.083606, 0.224040, 0.224040, 2000000000000000.000000, 1000000000000000.000000 
91.832757, 21.889988, 16.889459, 0.244611, 0.053694, 0.522527, 1.209345, 46815.904026, 2256.128873 
93.678120, 21.197462, 15.416306, 0.243279, 0.050093, 0.722940, 0.939707, 46313.062498, 2264.993378 
104.596042, 19.390110, 15.899710, 0.234521, 0.058244, 0.653127, 0.011105, 37489.585078, 2366.172920 
81.099364, 31.538390, 14.151887, 0.121492, 0.056029, 1.578235, 1.174393, 63112.486350, 2173.529382 
104.711164, 19.560088, 15.713481, 0.233646, 0.054258, 0.732733, 0.188240, 38291.165104, 2364.624661 
82.990043, 25.358110, 12.579942, 0.231694, 0.065490, 1.396824, 0.343877, 57161.514590, 2188.629468 
126.095882, 13.204700, 16.090871, 0.195296, 0.062878, 1.035872, 0.122706, 29776.023259, 2708.932903 
96.823623, 20.310809, 16.802330, 0.266935, 0.051278, 0.582107, 0.668502, 40415.363642, 2301.260016 
95.161715, 20.886754, 16.965655, 0.256815, 0.056647, 0.688997, 0.671987, 41748.883402, 2286.155782 
52.558993, 8.176953, 4.162887, 0.081584, 0.172096, 0.813975, 0.813975, 453420.888622, 5957.653379 
117.653839, 14.083664, 16.710579, 0.181816, 0.060068, 1.093426, 0.164459, 32006.187339, 2579.767787 
25.370717, 1.515826, 1.104206, 0.014293, 0.070140, 0.134268, 0.134268, 2000000000000000.000000, 1000000000000000.000000 
98.325502, 21.041641, 15.946515, 0.242140, 0.062453, 0.858775, 0.930923, 45264.149830, 2299.926817 
124.199959, 13.635618, 17.115639, 0.179709, 0.058564, 0.898835, 0.150406, 29653.385912, 2675.180058 
43.732166, 6.014381, 3.169869, 0.059737, 0.138996, 0.593304, 0.593304, 2000000000000000.000000, 1000000000000000.000000 
124.493765, 14.574859, 16.173698, 0.196505, 0.054936, 0.915357, 0.093793, 29606.897261, 2661.368252 
117.241345, 14.387907, 16.290301, 0.176906, 0.054859, 0.997597, 0.351853, 34145.193475, 2569.650593 
106.044632, 12.898921, 18.982104, 0.159355, 0.056807, 0.839384, 0.458907, 36146.213509, 2514.016809 
90.030263, 22.299287, 16.683927, 0.243206, 0.056440, 0.697828, 0.856299, 45932.614868, 2240.524937 
57.684288, 32.332570, 14.409183, 0.133031, 0.054553, 1.017603, 1.350826, 76650.165296, 2109.934143 
53.827205, 8.487665, 4.305561, 0.084722, 0.176852, 0.845680, 0.845680, 426718.824308, 5639.238144 
75.603014, 30.502374, 13.102756, 0.125848, 0.066371, 1.617906, 1.131825, 70525.808397, 2140.642264 
97.466459, 20.414641, 15.561489, 0.236413, 0.057741, 0.717344, 1.028938, 46881.519708, 2298.140023 
125.676702, 13.089940, 17.171953, 0.192274, 0.058009, 1.295077, 0.141144, 26851.361087, 2706.385512 
73.058795, 33.169693, 13.437025, 0.118575, 0.056064, 1.275065, 1.063155, 69044.965092, 2139.899479 
105.472576, 20.013153, 15.813923, 0.223754, 0.051280, 0.751237, 0.213301, 37911.826107, 2368.089820 
118.937199, 15.187223, 16.890284, 0.199978, 0.051885, 1.026488, 0.266330, 30443.696283, 2577.785749 
96.332395, 20.581832, 16.911453, 0.257574, 0.056562, 0.542519, 0.882305, 43038.038500, 2296.337304 
69.280504, 31.734820, 13.649313, 0.125641, 0.055056, 1.196482, 1.156560, 70135.629329, 2120.382678 
94.537018, 19.530327, 16.520203, 0.259361, 0.065624, 0.727134, 0.988125, 46044.193899, 2294.649309 
46.519086, 6.697176, 3.483397, 0.066635, 0.149447, 0.662977, 0.662977, 644457.982454, 8221.811232 
136.681024, 12.887908, 18.559070, 0.190470, 0.062629, 0.197989, 0.109758, 28090.603818, 2968.412177 
54.345477, 8.614642, 4.363866, 0.086005, 0.178796, 0.858637, 0.858637, 416689.569775, 5519.542862 
52.227089, 8.095637, 4.125548, 0.080762, 0.170852, 0.805677, 0.805677, 460967.161600, 6047.564361 
57.221294, 9.319217, 4.687396, 0.093123, 0.189580, 0.930532, 0.930532, 368659.575671, 4945.800132 
37.057675, 4.379130, 2.418988, 0.043218, 0.113966, 0.426442, 0.426442, 2000000000000000.000000, 1000000000000000.000000 
51.424140, 7.898914, 4.035216, 0.078775, 0.167841, 0.785603, 0.785603, 480295.944443, 6277.693489 
25.035619, 1.433727, 1.066507, 0.013463, 0.068884, 0.125890, 0.125890, 2000000000000000.000000, 1000000000000000.000000 
34.270814, 3.696349, 2.105467, 0.036320, 0.103516, 0.356770, 0.356770, 2000000000000000.000000, 1000000000000000.000000 
83.310151, 25.269594, 12.673626, 0.240758, 0.056459, 1.450849, 0.416982, 55557.958276, 2189.256936 
73.477091, 29.696985, 13.386200, 0.121170, 0.051436, 1.624443, 1.113551, 66599.303166, 2131.383224 
36.831067, 4.323611, 2.393495, 0.042657, 0.113116, 0.420777, 0.420777, 2000000000000000.000000, 1000000000000000.000000 
87.839767, 20.957199, 16.879554, 0.242942, 0.059809, 0.738817, 0.966476, 47781.230925, 2244.799554 
83.090455, 24.988026, 12.971280, 0.229121, 0.072865, 1.397171, 0.473492, 57534.648439, 2187.017219 
31.456326, 3.006800, 1.788837, 0.029354, 0.092961, 0.286408, 0.286408, 2000000000000000.000000, 1000000000000000.000000 
95.371737, 20.398768, 16.529543, 0.243534, 0.054065, 0.652476, 1.121945, 45154.672959, 2288.611437 
52.948211, 8.272312, 4.206674, 0.082547, 0.173556, 0.823705, 0.823705, 444878.489729, 5855.831906 
96.645567, 23.457205, 16.796565, 0.242943, 0.052872, 0.792347, 0.922477, 42594.359532, 2287.231722 
28.245596, 2.220171, 1.427630, 0.021408, 0.080921, 0.206140, 0.206140, 2000000000000000.000000, 1000000000000000.000000 
87.683111, 28.934212, 13.871312, 0.111918, 0.066908, 1.730465, 0.960455, 64392.829241, 2199.266151 
82.103340, 20.959339, 16.592486, 0.250204, 0.056777, 0.532052, 0.956797, 51373.102197, 2229.698121 
98.704831, 22.861657, 16.362078, 0.240732, 0.059590, 0.773694, 0.954283, 44442.422321, 2299.253767 
48.688531, 7.228690, 3.727460, 0.072004, 0.157582, 0.717213, 0.717213, 560091.467068, 7225.035605 
21.346422, 0.529873, 0.651472, 0.004332, 0.055049, 0.033661, 0.033661, 2000000000000000.000000, 1000000000000000.000000 
46.180205, 6.614150, 3.445273, 0.065796, 0.148176, 0.654505, 0.654505, 659913.302402, 8403.892465 
34.813767, 3.829373, 2.166549, 0.037664, 0.105552, 0.370344, 0.370344, 2000000000000000.000000, 1000000000000000.000000 
50.734815, 7.730030, 3.957667, 0.077069, 0.165256, 0.768370, 0.768370, 498214.688797, 6490.812698 
125.709431, 13.218360, 17.254951, 0.194352, 0.057312, 0.922301, 0.168207, 27833.493051, 2705.630194 
26.496292, 1.791591, 1.230833, 0.017078, 0.074361, 0.162407, 0.162407, 2000000000000000.000000, 1000000000000000.000000 
34.734450, 3.809940, 2.157626, 0.037468, 0.105254, 0.368361, 0.368361, 2000000000000000.000000, 1000000000000000.000000 
68.151659, 29.981980, 13.349780, 0.130551, 0.059918, 1.671455, 1.269452, 71644.546081, 2118.755015 
118.217032, 13.598500, 17.433294, 0.184522, 0.074826, 1.016694, 0.190509, 33301.579841, 2596.542498 
122.372667, 13.168276, 16.004683, 0.179519, 0.056725, 1.051208, 0.041938, 30071.967701, 2658.703450 
119.600032, 16.117110, 16.677635, 0.196845, 0.052500, 1.179016, 0.228356, 30678.276058, 2574.007213 
53.899015, 8.505259, 4.313639, 0.084900, 0.177121, 0.847475, 0.847475, 425300.451476, 5622.313422 
83.350975, 28.122317, 13.425642, 0.109123, 0.053654, 1.710340, 0.916400, 63237.606054, 2172.234882 
40.938940, 5.330040, 2.855631, 0.052824, 0.128521, 0.523474, 0.523474, 2000000000000000.000000, 1000000000000000.000000 
132.906218, 12.264694, 18.340454, 0.181953, 0.078061, 0.193829, 0.114249, 32989.146182, 2869.055555 
34.882551, 3.846225, 2.174287, 0.037834, 0.105810, 0.372064, 0.372064, 2000000000000000.000000, 1000000000000000.000000 
100.878840, 18.632861, 16.547735, 0.218066, 0.052812, 1.059064, 0.056380, 36532.866891, 2347.992482 
85.458243, 24.127051, 12.556114, 0.221246, 0.065221, 1.439113, 0.470418, 57278.189069, 2210.333113 
21.522992, 0.573133, 0.671337, 0.004769, 0.055711, 0.038075, 0.038075, 2000000000000000.000000, 1000000000000000.000000 
94.365805, 21.582894, 16.939761, 0.236448, 0.053764, 0.493208, 1.249016, 46578.063374, 2275.550611 
96.162430, 20.799751, 16.306903, 0.249565, 0.051610, 0.673716, 0.904821, 43317.769490, 2288.537773 
83.235535, 21.409312, 16.536609, 0.237166, 0.055442, 0.485684, 0.972792, 51344.440936, 2222.531699 
98.233599, 20.424359, 16.790884, 0.260116, 0.055772, 0.661987, 0.666223, 40658.971452, 2310.588844 
117.942343, 13.898110, 16.753590, 0.181758, 0.061672, 1.055462, 0.258147, 32932.908986, 2586.756079 
116.647797, 14.657567, 16.158572, 0.190494, 0.051193, 0.928269, 0.212324, 32449.616576, 2557.924070 
114.270337, 12.446613, 17.047674, 0.184614, 0.060444, 0.761246, 0.008296, 31290.943510, 2586.686339 
138.695587, 12.660466, 18.765250, 0.185010, 0.060001, 0.280919, 0.207948, 28068.462245, 3034.882859 
56.092493, 31.574152, 13.866529, 0.126975, 0.063197, 1.033467, 1.451421, 85165.544608, 2119.162626 
117.797651, 14.170608, 17.250953, 0.188481, 0.063091, 1.160139, 0.137836, 30811.164951, 2580.771371 
120.630429, 13.771970, 17.166761, 0.171291, 0.053994, 1.019390, 0.316662, 31168.751458, 2622.742191 
100.109630, 19.091501, 16.558719, 0.260202, 0.051399, 0.669404, 0.793983, 40075.672076, 2336.422235 
115.145064, 13.282783, 16.467901, 0.185870, 0.054031, 1.126566, 0.197087, 31737.938048, 2574.143161 
97.557768, 20.715365, 16.793490, 0.258911, 0.056471, 0.671930, 0.816056, 41878.551489, 2303.245705 
45.270308, 6.391225, 3.342910, 0.063544, 0.144764, 0.631758, 0.631758, 2000000000000000.000000, 1000000000000000.000000 
124.738354, 12.918375, 16.707462, 0.181291, 0.051261, 0.865010, 0.101284, 27984.036957, 2693.545752 
94.028290, 22.214915, 16.570839, 0.250366, 0.053441, 0.668171, 0.908998, 44048.550687, 2265.984724 
