37.944122, 6.290756, 0.666847, 0.091981, 0.179640, 0.769248, 0.821678, 1675644.139942, 18627.667219 
52.816212, 9.157823, 4.430015, 0.072634, 0.074625, 0.581915, 0.757234, 316772.660301, 5330.403500 
54.846781, 7.603030, 4.671456, 0.086489, 0.064941, 0.348529, 0.188495, 291665.730634, 6219.403616 
48.368090, 9.186158, 4.363327, 0.097146, 0.060728, 0.403958, 0.447772, 295840.303992, 5704.857757 
57.069269, 7.007670, 4.137335, 0.007532, 0.079211, 0.790589, 0.903881, 1063165.330669, 6462.031879 
55.662142, 8.246652, 3.609264, 0.062486, 0.062102, 0.392810, 0.886300, 361898.894084, 5820.447227 
55.520385, 9.787367, 4.468850, 0.060794, 0.058045, 0.841979, 0.290164, 254691.433124, 4886.879781 
58.577740, 8.191514, 3.934453, 0.045291, 0.056736, 0.637378, 0.519225, 327476.759714, 5581.022192 
59.486253, 9.100049, 4.365709, 0.088272, 0.050556, 0.472523, 0.198797, 228898.304137, 5001.366949 
55.773953, 9.252817, 4.127089, 0.087324, 0.050150, 0.442838, 0.047714, 242343.085991, 5173.725731 
32.120973, 6.370110, 2.487192, 0.002342, 0.154845, 0.646527, 0.109725, 2000000000000000.000000, 1000000000000000.000000 
57.834855, 8.586483, 3.693013, 0.068676, 0.061656, 0.691533, 0.532791, 300883.800848, 5521.860384 
56.100454, 9.316971, 3.962369, 0.051937, 0.084362, 0.701738, 0.231220, 318218.309704, 5187.720221 
57.286517, 8.496798, 4.574475, 0.041949, 0.070443, 0.336071, 0.305944, 336458.802334, 5357.722992 
55.793389, 9.391030, 4.119590, 0.089060, 0.058611, 0.425048, 0.077141, 247773.631510, 5119.649561 
53.798248, 8.948949, 4.682700, 0.052253, 0.055917, 0.342385, 0.263565, 292909.591887, 5350.415733 
54.693397, 9.607678, 4.272804, 0.094476, 0.050969, 0.013336, 0.598945, 263016.017728, 5044.233076 
55.228152, 1.643461, 3.735753, 0.079949, 0.112159, 0.603843, 0.824856, 2000000000000000.000000, 1000000000000000.000000 
59.823563, 8.397722, 4.818240, 0.074484, 0.051980, 0.181596, 0.235292, 243624.536467, 5224.501084 
59.309737, 8.666851, 4.427924, 0.080004, 0.070642, 0.088765, 0.923909, 309477.392333, 5180.375019 
57.755832, 9.405603, 4.944107, 0.061576, 0.053228, 0.611649, 0.262480, 237921.807062, 4842.716457 
57.611359, 9.406777, 4.362026, 0.050066, 0.067981, 0.425884, 0.599504, 316055.716412, 4962.140663 
57.438559, 8.250533, 4.598436, 0.053689, 0.069844, 0.421001, 0.263312, 305651.921234, 5487.355329 
44.215164, 9.585025, 4.017449, 0.017278, 0.155814, 0.091365, 0.313400, 827377.153159, 5905.797832 
55.512410, 9.591159, 2.784193, 0.049136, 0.085536, 0.736945, 0.666819, 438459.801869, 5899.857942 
59.318077, 8.614629, 3.959601, 0.087194, 0.058040, 0.318830, 0.212214, 258835.435357, 5339.908591 
53.155362, 7.530951, 4.168163, 0.094330, 0.050247, 0.149169, 0.330672, 302574.317455, 6405.895973 
28.784442, 7.807322, 4.745600, 0.097622, 0.135174, 0.540942, 0.988720, 2000000000000000.000000, 1000000000000000.000000 
56.853447, 9.045651, 4.165975, 0.090405, 0.071167, 0.124980, 0.800815, 300562.462058, 5197.186064 
50.743856, 9.294102, 4.244389, 0.086706, 0.063416, 0.335412, 0.407163, 290694.890473, 5436.440954 
23.136229, 4.977735, 0.577702, 0.092387, 0.086950, 0.986791, 0.576158, 1756792.095046, 24898.203022 
58.959754, 9.532494, 4.736499, 0.051282, 0.058945, 0.443345, 0.421586, 268856.628505, 4767.257009 
59.340327, 9.046263, 4.359524, 0.076347, 0.068888, 0.539610, 0.721098, 277780.338601, 5030.806985 
57.884064, 8.727578, 4.211762, 0.085434, 0.062564, 0.270600, 0.172311, 258876.142783, 5275.133333 
23.161275, 1.890733, 1.173629, 0.020035, 0.104099, 0.806508, 0.710270, 2000000000000000.000000, 1000000000000000.000000 
59.022582, 8.635432, 4.169151, 0.076708, 0.067395, 0.450740, 0.007600, 255467.917963, 5274.597198 
33.183193, 7.606567, 1.696136, 0.057526, 0.136728, 0.226198, 0.339927, 904383.267702, 10151.879612 
54.212371, 9.505302, 3.712256, 0.059883, 0.050237, 0.567954, 0.695041, 305422.613532, 5299.145073 
55.578186, 8.046807, 4.913262, 0.057729, 0.075325, 0.600550, 0.340010, 318686.552750, 5797.775051 
56.858588, 8.023598, 4.236730, 0.071402, 0.076291, 0.403396, 0.017363, 288095.132457, 5706.222696 
50.405583, 4.663876, 4.989039, 0.043630, 0.198805, 0.631869, 0.000223, 2000000000000000.000000, 1000000000000000.000000 
58.140347, 9.161334, 3.947932, 0.094445, 0.058875, 0.273146, 0.195097, 253128.093134, 5169.921914 
56.357960, 8.620785, 4.216001, 0.092672, 0.064868, 0.089597, 0.780118, 298946.682950, 5407.771920 
54.070197, 9.000016, 4.795729, 0.045936, 0.064038, 0.605408, 0.589341, 327827.897908, 5297.213236 
58.348878, 9.327742, 3.635432, 0.075365, 0.062317, 0.329061, 0.169002, 276711.554008, 5247.682133 
52.015658, 8.918630, 4.276128, 0.087282, 0.061982, 0.311044, 0.181757, 278821.990293, 5534.606003 
56.991993, 8.455517, 4.210449, 0.066510, 0.055001, 0.890134, 0.402364, 271606.745921, 5456.817071 
55.432245, 8.198081, 4.354898, 0.099613, 0.065654, 0.402196, 0.137699, 265623.861845, 5688.874612 
57.860541, 8.412205, 4.351598, 0.061535, 0.060903, 0.401025, 0.345642, 287232.849774, 5400.636940 
49.324081, 2.057310, 3.287617, 0.059079, 0.156895, 0.355408, 0.398947, 2000000000000000.000000, 1000000000000000.000000 
52.215147, 8.436383, 4.539717, 0.055376, 0.062671, 0.316300, 0.357658, 332816.117310, 5817.477390 
47.386197, 9.552430, 4.467279, 0.073718, 0.050092, 0.995701, 0.366729, 282616.643017, 5590.056649 
59.928386, 9.393537, 4.062170, 0.077567, 0.058723, 0.574317, 0.655285, 263736.373991, 4978.734852 
32.126152, 7.347488, 4.024506, 0.061727, 0.058732, 0.890974, 0.732131, 2000000000000000.000000, 1000000000000000.000000 
20.610624, 3.852476, 1.577088, 0.050953, 0.054884, 0.094249, 0.626673, 2000000000000000.000000, 1000000000000000.000000 
59.573920, 9.995048, 4.115073, 0.078775, 0.053466, 0.521085, 0.204773, 234338.327615, 4778.106234 
53.684419, 9.163198, 4.180685, 0.047110, 0.053639, 0.465410, 0.325714, 305633.759584, 5311.500201 
55.199355, 9.341237, 4.141391, 0.083694, 0.057687, 0.073352, 0.559008, 281986.176274, 5161.419364 
59.835199, 9.521534, 3.919258, 0.079187, 0.064858, 0.476273, 0.132695, 252677.956364, 4999.411719 
20.773433, 7.597120, 4.967250, 0.022589, 0.175571, 0.078580, 0.117938, 2000000000000000.000000, 1000000000000000.000000 
51.771929, 8.865963, 4.508384, 0.047883, 0.062069, 0.562513, 0.285735, 322457.279705, 5574.343140 
53.368512, 9.002471, 4.593600, 0.077470, 0.074310, 0.737650, 0.307238, 278908.606103, 5358.236455 
59.353536, 8.428491, 4.058588, 0.053166, 0.050811, 0.547494, 0.664152, 299988.284587, 5388.396686 
48.010192, 9.853740, 4.379322, 0.096970, 0.057250, 0.474347, 0.497870, 279655.901514, 5364.256983 
35.945738, 5.240547, 1.729555, 0.003710, 0.166276, 0.779458, 0.575279, 3066664.713105, 12894.078972 
59.623401, 9.294022, 4.833174, 0.039635, 0.059887, 0.689085, 0.432935, 285951.926931, 4812.315756 
59.116549, 8.508237, 4.169138, 0.071523, 0.052925, 0.681001, 0.771021, 275570.061123, 5328.888935 
58.168047, 8.517753, 4.042402, 0.058441, 0.073491, 0.656658, 0.573181, 321945.875468, 5407.149188 
30.197495, 9.480356, 1.221371, 0.050965, 0.124760, 0.783063, 0.302293, 970941.991676, 11264.420645 
57.344130, 9.124530, 4.592618, 0.091450, 0.188252, 0.227485, 0.009023, 317935.469459, 5040.476067 
21.033792, 3.395243, 3.378945, 0.040123, 0.120741, 0.804968, 0.603376, 2000000000000000.000000, 1000000000000000.000000 
41.179341, 6.980074, 4.499167, 0.064828, 0.115064, 0.153743, 0.484014, 2000000000000000.000000, 1000000000000000.000000 
51.011714, 9.043375, 4.890858, 0.058380, 0.053780, 0.662382, 0.350015, 290431.852410, 5563.046573 
20.834442, 8.743177, 4.506524, 0.039476, 0.093158, 0.852774, 0.604136, 2000000000000000.000000, 1000000000000000.000000 
55.226656, 9.243897, 3.468583, 0.057150, 0.060828, 0.663310, 0.213418, 307461.012125, 5476.677196 
44.600439, 2.994792, 1.508044, 0.051128, 0.092074, 0.634059, 0.257923, 2000000000000000.000000, 1000000000000000.000000 
33.488833, 9.313284, 4.664964, 0.041005, 0.182130, 0.397425, 0.835223, 2000000000000000.000000, 1000000000000000.000000 
54.860867, 8.429064, 4.958514, 0.035725, 0.056240, 0.648826, 0.685322, 359909.904303, 5592.434458 
48.761390, 8.899814, 0.553319, 0.030404, 0.188166, 0.275504, 0.589590, 2902248.385220, 20201.019133 
47.736398, 9.324173, 4.236375, 0.095692, 0.053241, 0.260819, 0.335780, 290728.399839, 5683.519294 
54.546441, 8.721753, 4.541900, 0.052546, 0.062896, 0.654263, 0.323586, 300331.100645, 5428.122294 
54.614131, 9.216631, 4.145039, 0.090945, 0.054141, 0.354192, 0.201461, 255265.990045, 5243.153500 
57.228905, 9.001331, 3.607084, 0.061991, 0.050643, 0.611175, 0.606799, 299038.111795, 5417.834951 
23.648288, 3.891946, 3.616174, 0.070371, 0.188485, 0.179381, 0.074590, 2000000000000000.000000, 1000000000000000.000000 
57.257133, 9.631789, 4.506607, 0.065102, 0.067195, 0.280248, 0.106548, 257533.875313, 4855.864486 
57.157337, 8.853217, 4.259611, 0.054861, 0.067086, 0.603495, 0.325749, 295084.307785, 5242.184729 
29.417303, 3.923910, 4.094819, 0.051041, 0.084627, 0.559408, 0.853983, 2000000000000000.000000, 1000000000000000.000000 
59.566664, 8.458166, 4.713991, 0.058148, 0.074615, 0.448878, 0.278751, 286281.845153, 5219.765516 
51.856068, 8.801698, 4.184912, 0.043923, 0.059097, 0.678253, 0.358881, 335232.722646, 5622.745440 
45.307795, 0.333717, 1.026965, 0.040382, 0.197705, 0.658987, 0.525918, 2000000000000000.000000, 1000000000000000.000000 
46.151295, 0.886791, 2.677649, 0.075051, 0.173641, 0.243523, 0.839541, 2000000000000000.000000, 1000000000000000.000000 
42.347375, 4.674078, 3.760595, 0.081945, 0.105986, 0.326065, 0.274017, 2000000000000000.000000, 1000000000000000.000000 
54.748439, 9.675104, 3.562417, 0.061892, 0.055860, 0.561106, 0.562376, 307620.363027, 5292.421693 
59.301191, 7.678963, 4.239969, 0.076165, 0.060764, 0.408978, 0.201456, 274031.192177, 5758.277192 
55.831637, 8.222689, 3.596576, 0.060463, 0.053462, 0.642721, 0.564669, 321555.328825, 5828.991129 
53.286876, 6.424625, 1.039657, 0.039184, 0.093355, 0.845263, 0.728287, 1140896.920123, 12726.526579 
35.132455, 8.603226, 1.026433, 0.076227, 0.068019, 0.005003, 0.363465, 905510.774239, 12632.475922 
54.313666, 2.108431, 3.116362, 0.047849, 0.099915, 0.114738, 0.815760, 2000000000000000.000000, 1000000000000000.000000 
59.253442, 7.680107, 3.759080, 0.078942, 0.054684, 0.402061, 0.291676, 285158.376655, 5883.097241 
54.755973, 9.382882, 4.802904, 0.054104, 0.056775, 0.638989, 0.376546, 272697.338007, 5048.639404 
56.843461, 8.289748, 4.704993, 0.050209, 0.053914, 0.756008, 0.567237, 296708.320368, 5502.094205 
57.563924, 8.269036, 4.639970, 0.076052, 0.050461, 0.093834, 0.179373, 256687.123909, 5464.121467 
58.857223, 8.856738, 4.882735, 0.088597, 0.060928, 0.488242, 0.342424, 235787.876332, 5039.040698 
54.452910, 9.104923, 4.460888, 0.086898, 0.058430, 0.310323, 0.407952, 265424.859657, 5240.966670 
59.712387, 8.712641, 4.891970, 0.093364, 0.066749, 0.456369, 0.220610, 232167.511961, 5059.533742 
58.490093, 8.571695, 3.854262, 0.076127, 0.055150, 0.726608, 0.725813, 283513.229246, 5433.336878 
54.658920, 8.606163, 4.011967, 0.056070, 0.062860, 0.334151, 0.331618, 321123.932480, 5563.648584 
57.374157, 9.428087, 3.612133, 0.005284, 0.191910, 0.764918, 0.841110, 1311114.427860, 5257.471069 
56.226825, 9.623321, 4.493620, 0.076017, 0.050885, 0.590116, 0.685318, 252688.789961, 4909.858668 
39.907188, 2.094938, 4.513422, 0.073704, 0.177637, 0.278651, 0.939086, 2000000000000000.000000, 1000000000000000.000000 
47.034981, 6.000898, 0.991874, 0.058233, 0.135167, 0.443420, 0.139094, 1100258.636629, 13640.727310 
57.319230, 9.935839, 4.039426, 0.084442, 0.062111, 0.365411, 0.111839, 246892.036968, 4896.775082 
54.239416, 8.770208, 3.886287, 0.058503, 0.057113, 0.581182, 0.232904, 298283.867208, 5540.988763 
26.030195, 3.931103, 2.021204, 0.063454, 0.169014, 0.114459, 0.181431, 2000000000000000.000000, 1000000000000000.000000 
43.766007, 2.148975, 1.067036, 0.066705, 0.097692, 0.129235, 0.326674, 2000000000000000.000000, 1000000000000000.000000 
58.060614, 9.727878, 4.078047, 0.081167, 0.062159, 0.233403, 0.174504, 253174.468313, 4923.077617 
59.779109, 4.294112, 3.084086, 0.055845, 0.144804, 0.368775, 0.798476, 843284.636885, 10192.716658 
58.753062, 9.475833, 4.273869, 0.040522, 0.072055, 0.507473, 0.431451, 328193.746556, 4915.965676 
58.288069, 9.747210, 3.970679, 0.036749, 0.059440, 0.702330, 0.536020, 326688.694806, 4952.535004 
54.050685, 9.657540, 4.164628, 0.093305, 0.052625, 0.503212, 0.102269, 242811.688367, 5086.044639 
57.567794, 9.765907, 3.538787, 0.065847, 0.053746, 0.621826, 0.206643, 273535.732032, 5185.947677 
46.152026, 8.958178, 3.991924, 0.099135, 0.051562, 0.343311, 0.384551, 311837.779783, 6083.795375 
55.360666, 9.243038, 4.263406, 0.091632, 0.052164, 0.185770, 0.332924, 254580.890290, 5162.227141 
59.591899, 9.393302, 3.363082, 0.066579, 0.051771, 0.540978, 0.697866, 302033.587529, 5357.888028 
38.177559, 9.717762, 4.414826, 0.029551, 0.165184, 0.937550, 0.515111, 2000000000000000.000000, 1000000000000000.000000 
59.732151, 8.340395, 4.222059, 0.092875, 0.068145, 0.152550, 0.871718, 295495.137830, 5365.645740 
26.996520, 9.151838, 0.996954, 0.085987, 0.144274, 0.200442, 0.663637, 1208122.261815, 13440.354959 
49.997421, 3.150163, 3.312358, 0.089753, 0.051332, 0.302431, 0.511774, 2000000000000000.000000, 1000000000000000.000000 
