53.828755, 8.488045, 4.305735, 0.084726, 0.176858, 0.845719, 0.845719, 426688.091134, 5638.871554 
54.756784, 8.715412, 4.410138, 0.087023, 0.180338, 0.868920, 0.868920, 409060.384146, 5428.460104 
67.338111, 28.594151, 13.297172, 0.136095, 0.052656, 1.661213, 1.101805, 69009.942510, 2124.221821 
111.347210, 16.521387, 17.949297, 0.199542, 0.054997, 1.475998, 0.286421, 31089.047964, 2480.443633 
87.471757, 21.304796, 17.129277, 0.259025, 0.061824, 0.946288, 1.197650, 47478.286080, 2240.525535 
36.240461, 4.178913, 2.327052, 0.041195, 0.110902, 0.406012, 0.406012, 2000000000000000.000000, 1000000000000000.000000 
30.561178, 2.787488, 1.688132, 0.027139, 0.089604, 0.264029, 0.264029, 2000000000000000.000000, 1000000000000000.000000 
97.405650, 21.096860, 16.537324, 0.267773, 0.056265, 0.969933, 0.723526, 40737.493924, 2297.057916 
88.075317, 21.827062, 17.410031, 0.210109, 0.054962, 0.587166, 0.704099, 46317.070417, 2240.271716 
106.752973, 22.427435, 18.072217, 0.268023, 0.059485, 0.716304, 0.663394, 36219.849600, 2418.103220 
82.824912, 24.437810, 13.207482, 0.229659, 0.060064, 1.411756, 0.562828, 55632.303139, 2188.558288 
59.231845, 9.811802, 4.913583, 0.098099, 0.197119, 0.980796, 0.980796, 341254.034793, 4618.321716 
112.682088, 16.416780, 17.061142, 0.211637, 0.051197, 1.463336, 0.228550, 30842.439659, 2487.655545 
59.449667, 33.835859, 12.291786, 0.145092, 0.050037, 1.651609, 1.289613, 74422.179093, 2118.660006 
67.260861, 28.900893, 13.158836, 0.125269, 0.054837, 1.694602, 1.006636, 70441.511650, 2123.483130 
87.316300, 20.368749, 17.381530, 0.223506, 0.054078, 0.719234, 0.655731, 45251.870270, 2255.040258 
129.016427, 15.043887, 17.544684, 0.194843, 0.055363, 1.401041, 0.347697, 27215.644590, 2753.345898 
51.675332, 7.960456, 4.063475, 0.079396, 0.168783, 0.791883, 0.791883, 474078.931213, 6203.699948 
23.093338, 0.957868, 0.848001, 0.008656, 0.061600, 0.077333, 0.077333, 2000000000000000.000000, 1000000000000000.000000 
51.739860, 7.976266, 4.070734, 0.079556, 0.169024, 0.793497, 0.793497, 472507.501377, 6184.992929 
83.307074, 24.445697, 13.510265, 0.234430, 0.059647, 1.510004, 0.582806, 54072.540407, 2187.425118 
88.198784, 21.741531, 17.984719, 0.215727, 0.054876, 0.678907, 0.632462, 44105.239771, 2247.798552 
21.283721, 0.514512, 0.644419, 0.004177, 0.054814, 0.032093, 0.032093, 2000000000000000.000000, 1000000000000000.000000 
56.446381, 9.129363, 4.600218, 0.091205, 0.186674, 0.911160, 0.911160, 380464.138271, 5086.865951 
52.170652, 8.081810, 4.119198, 0.080622, 0.170640, 0.804266, 0.804266, 462275.228602, 6063.145625 
32.562443, 3.277799, 1.913275, 0.032092, 0.097109, 0.314061, 0.314061, 2000000000000000.000000, 1000000000000000.000000 
125.821132, 16.436196, 17.785175, 0.179359, 0.054024, 1.102627, 0.140945, 28214.877888, 2692.689826 
85.876799, 24.045317, 14.030710, 0.231987, 0.065694, 1.426442, 0.437808, 51703.294725, 2198.328650 
88.570189, 19.831009, 17.337546, 0.222893, 0.070919, 0.658956, 0.662849, 48338.827531, 2267.893555 
64.089851, 30.539638, 13.841878, 0.144185, 0.065541, 2.003768, 1.171488, 70204.817342, 2111.404614 
57.283238, 9.334393, 4.694364, 0.093276, 0.189812, 0.932081, 0.932081, 367748.039088, 4934.906624 
65.349062, 31.907458, 13.064436, 0.129737, 0.056309, 1.658444, 1.275836, 72493.615115, 2114.622149 
83.578477, 22.602529, 17.259996, 0.244895, 0.064541, 0.906889, 1.420997, 51653.953722, 2212.247692 
121.336350, 16.585775, 17.796830, 0.195530, 0.073386, 1.289343, 0.294538, 32376.541940, 2613.888531 
114.323645, 16.548213, 17.909711, 0.200485, 0.051627, 1.273065, 0.252403, 29958.855408, 2515.123648 
124.798289, 12.036577, 16.812219, 0.206708, 0.053366, 1.240048, 0.393483, 27357.258476, 2712.150075 
90.238749, 20.467416, 17.431262, 0.214045, 0.056710, 0.707545, 0.523429, 43885.580670, 2265.504517 
89.993028, 20.358385, 17.272547, 0.221203, 0.055738, 0.804081, 0.607603, 43968.559633, 2264.600995 
91.818579, 22.115663, 17.702477, 0.209590, 0.053037, 0.629209, 0.578028, 42818.157039, 2264.164483 
67.907416, 33.376832, 13.454701, 0.153964, 0.056413, 1.652218, 1.381411, 67356.373890, 2122.238016 
69.062552, 32.398988, 13.010261, 0.149065, 0.053552, 1.650017, 1.433972, 68512.670954, 2123.532722 
68.734689, 28.189118, 12.656245, 0.132742, 0.052175, 1.766756, 1.211951, 71033.427716, 2134.216185 
71.883861, 25.749780, 13.800866, 0.246907, 0.050399, 1.306227, 0.418945, 57129.928863, 2147.616840 
57.825524, 9.467253, 4.755371, 0.094618, 0.191846, 0.945638, 0.945638, 359960.210867, 4841.836993 
56.422210, 9.123441, 4.597499, 0.091145, 0.186583, 0.910555, 0.910555, 380844.710736, 5091.413574 
87.301448, 21.097501, 17.293342, 0.224230, 0.064756, 0.850221, 0.547170, 46085.208725, 2243.690807 
124.485825, 15.220057, 17.409401, 0.196409, 0.059701, 1.388403, 0.195110, 28193.867091, 2666.229740 
48.458743, 7.172392, 3.701609, 0.071435, 0.156720, 0.711469, 0.711469, 567991.884956, 7318.586563 
89.478197, 22.785386, 18.304012, 0.207019, 0.054911, 0.706865, 0.669251, 43535.903330, 2254.588540 
46.838248, 6.775371, 3.519303, 0.067425, 0.150643, 0.670956, 0.670956, 630531.207625, 8057.603096 
88.764180, 21.099508, 17.436620, 0.220178, 0.063149, 0.776450, 0.551706, 45322.537746, 2251.105644 
119.179779, 17.822268, 16.780731, 0.204877, 0.060043, 0.996553, 0.105456, 31830.852620, 2556.299588 
113.240611, 16.455400, 17.333032, 0.208506, 0.050402, 1.591405, 0.217401, 29917.475017, 2495.865707 
89.061508, 20.844168, 16.615347, 0.261385, 0.060673, 0.894209, 1.192694, 47629.528800, 2249.837978 
126.583418, 18.436820, 17.580520, 0.190991, 0.053210, 0.976824, 0.108486, 28628.961091, 2702.666531 
71.598909, 30.934464, 12.820366, 0.151354, 0.058075, 1.756716, 1.275380, 68011.426610, 2129.423698 
95.994565, 22.012442, 15.077425, 0.258839, 0.065424, 0.672472, 0.120632, 43780.410243, 2271.543660 
87.913115, 24.943639, 13.096001, 0.243126, 0.066225, 1.350106, 0.672805, 54807.992068, 2207.512253 
88.876842, 21.532598, 16.685797, 0.256599, 0.057620, 0.874221, 1.141402, 46937.648239, 2241.061172 
56.951575, 9.253136, 4.657052, 0.092455, 0.188568, 0.923789, 0.923789, 372682.868145, 4993.880651 
88.391644, 21.521666, 16.898396, 0.261218, 0.061297, 0.901273, 1.175423, 47320.933850, 2240.379102 
97.559523, 22.793481, 17.372055, 0.245054, 0.058879, 0.782733, 0.657278, 40759.734891, 2304.384739 
99.445972, 19.988929, 16.136665, 0.268485, 0.065161, 0.831289, 0.729582, 42544.829558, 2319.044342 
34.650905, 3.789472, 2.148227, 0.037261, 0.104941, 0.366273, 0.366273, 2000000000000000.000000, 1000000000000000.000000 
23.569225, 1.074460, 0.901538, 0.009834, 0.063385, 0.089231, 0.089231, 2000000000000000.000000, 1000000000000000.000000 
95.208546, 21.808326, 16.097517, 0.267110, 0.066942, 0.959856, 0.714946, 44227.765373, 2272.567747 
70.855148, 25.372176, 12.843007, 0.253049, 0.057462, 1.405856, 0.549981, 62058.594100, 2162.127751 
40.596052, 5.246033, 2.817056, 0.051975, 0.127235, 0.514901, 0.514901, 2000000000000000.000000, 1000000000000000.000000 
26.452815, 1.780940, 1.225942, 0.016971, 0.074198, 0.161320, 0.161320, 2000000000000000.000000, 1000000000000000.000000 
23.758695, 1.120880, 0.922853, 0.010303, 0.064095, 0.093967, 0.093967, 2000000000000000.000000, 1000000000000000.000000 
69.316187, 32.289507, 13.612500, 0.145733, 0.059593, 1.761708, 1.417447, 68059.755079, 2122.120123 
119.856103, 16.713210, 17.693775, 0.197328, 0.050427, 1.246739, 0.064816, 27712.628715, 2587.889772 
58.590226, 9.654605, 4.841400, 0.096511, 0.194713, 0.964756, 0.964756, 349534.651545, 4717.253907 
95.800471, 22.792092, 16.242829, 0.269869, 0.055488, 0.951037, 0.662542, 41699.707383, 2273.706731 
90.998430, 20.956825, 17.119691, 0.221274, 0.054907, 0.750125, 0.570051, 43578.906729, 2261.176141 
23.091493, 0.957416, 0.847793, 0.008651, 0.061593, 0.077287, 0.077287, 2000000000000000.000000, 1000000000000000.000000 
88.912583, 20.574662, 17.158844, 0.253476, 0.059253, 0.859666, 1.206378, 46934.263362, 2256.196262 
67.916139, 32.235193, 13.144041, 0.148597, 0.052320, 1.712405, 1.445683, 68206.256169, 2119.486104 
125.838769, 11.317329, 17.326944, 0.209143, 0.059786, 0.658536, 0.161377, 27047.950288, 2741.277918 
97.432937, 21.543055, 17.058937, 0.267443, 0.059543, 0.921009, 0.552151, 39539.891308, 2300.602356 
98.776588, 21.683400, 15.473287, 0.266806, 0.067575, 0.673882, 0.198613, 42247.686527, 2296.040132 
74.006782, 26.472822, 12.929711, 0.252342, 0.070295, 1.385638, 0.491280, 60749.956803, 2150.097952 
123.402927, 11.846249, 16.511633, 0.200167, 0.056176, 1.146483, 0.317487, 28698.662557, 2700.242494 
101.709868, 21.657152, 17.609180, 0.269664, 0.063437, 0.797908, 0.765252, 39166.011731, 2348.151237 
48.193361, 7.107373, 3.671753, 0.070779, 0.155725, 0.704834, 0.704834, 577391.159403, 7429.829223 
91.059117, 22.372683, 16.441015, 0.258031, 0.053849, 1.007494, 1.380130, 46260.419997, 2244.157069 
120.285277, 17.417614, 17.934066, 0.199594, 0.068373, 1.178448, 0.144361, 30834.672314, 2597.792033 
93.921864, 22.238045, 17.169399, 0.214883, 0.056460, 0.711494, 0.609554, 43285.424545, 2271.911241 
85.329378, 20.777880, 17.220011, 0.215355, 0.061625, 0.614172, 0.668755, 48961.093511, 2241.592331 
57.779920, 29.101768, 14.307223, 0.127864, 0.058480, 1.951439, 1.337672, 76874.230588, 2136.912299 
58.459325, 9.622535, 4.826674, 0.096187, 0.194222, 0.961483, 0.961483, 351275.126435, 4738.050787 
56.884798, 9.236776, 4.649540, 0.092290, 0.188318, 0.922120, 0.922120, 373692.782374, 5005.949582 
94.010476, 22.093456, 17.059128, 0.283323, 0.054202, 0.816003, 0.597414, 40120.381159, 2271.761669 
67.834817, 26.181949, 13.297397, 0.237767, 0.055930, 1.265781, 0.438195, 62258.351232, 2148.099165 
28.886797, 2.377265, 1.499765, 0.022995, 0.083325, 0.222170, 0.222170, 2000000000000000.000000, 1000000000000000.000000 
125.307520, 11.564144, 17.199366, 0.199433, 0.060852, 0.718405, 0.032738, 26881.572526, 2728.605415 
108.629010, 17.321387, 17.313382, 0.220514, 0.065056, 1.319730, 0.219413, 33827.592517, 2436.425679 
53.256051, 8.347732, 4.241306, 0.083309, 0.174710, 0.831401, 0.831401, 438345.766124, 5777.936188 
96.992759, 22.543780, 16.803861, 0.260972, 0.051948, 0.866820, 0.650495, 39985.992643, 2290.804204 
126.803231, 11.676114, 17.268152, 0.202999, 0.055796, 0.756399, 0.041071, 25406.335147, 2748.287359 
69.013174, 28.954583, 13.739089, 0.124938, 0.058218, 1.582135, 1.176493, 70365.736679, 2121.127123 
41.821801, 5.546341, 2.954953, 0.055009, 0.131832, 0.545545, 0.545545, 2000000000000000.000000, 1000000000000000.000000 
91.235800, 22.258525, 16.631918, 0.250927, 0.052274, 0.925461, 1.139557, 44980.601061, 2247.614119 
67.252948, 29.310504, 13.172766, 0.136212, 0.065591, 1.684648, 1.137169, 72832.430952, 2121.266117 
20.604149, 0.348016, 0.567967, 0.002495, 0.052266, 0.015104, 0.015104, 2000000000000000.000000, 1000000000000000.000000 
116.492885, 15.436915, 17.647623, 0.205575, 0.057850, 1.287494, 0.302282, 30305.247141, 2549.796372 
127.007311, 17.388276, 17.993033, 0.195066, 0.053978, 1.140453, 0.150618, 27293.321620, 2722.292242 
66.623245, 31.674757, 12.676026, 0.149520, 0.055217, 1.813201, 1.293211, 70127.579155, 2119.753274 
126.606965, 17.167402, 17.869151, 0.214512, 0.066983, 1.064074, 0.145670, 28783.570109, 2710.017118 
53.155150, 8.323012, 4.229954, 0.083059, 0.174332, 0.828879, 0.828879, 440465.837727, 5803.218524 
50.594450, 7.695640, 3.941876, 0.076721, 0.164729, 0.764861, 0.764861, 502026.211238, 6536.116923 
51.581273, 7.937412, 4.052893, 0.079164, 0.168430, 0.789532, 0.789532, 476388.162263, 6231.186844 
46.844035, 6.776789, 3.519954, 0.067439, 0.150665, 0.671101, 0.671101, 630284.097329, 8054.688191 
78.170341, 26.678381, 13.399109, 0.250784, 0.056905, 1.352684, 0.486623, 55448.448214, 2154.287952 
124.622106, 15.540943, 16.960581, 0.189524, 0.074300, 1.369692, 0.345792, 33126.271165, 2659.194859 
27.713711, 2.089859, 1.367792, 0.020091, 0.078926, 0.192843, 0.192843, 2000000000000000.000000, 1000000000000000.000000 
123.600360, 16.493782, 17.580941, 0.180840, 0.054328, 1.065286, 0.088710, 28733.550393, 2647.543378 
103.933280, 17.540683, 17.030761, 0.219407, 0.061510, 1.333389, 0.153095, 35202.652337, 2389.258842 
37.545379, 4.498618, 2.473855, 0.044425, 0.115795, 0.438634, 0.438634, 2000000000000000.000000, 1000000000000000.000000 
79.665850, 22.745718, 16.033161, 0.241838, 0.056200, 0.907295, 0.911360, 52024.105694, 2192.949232 
34.554309, 3.765806, 2.137360, 0.037022, 0.104579, 0.363858, 0.363858, 2000000000000000.000000, 1000000000000000.000000 
87.341529, 21.443762, 17.348813, 0.208722, 0.064762, 0.720207, 0.725416, 48542.381241, 2240.127259 
48.605009, 7.208227, 3.718064, 0.071797, 0.157269, 0.715125, 0.715125, 562938.085904, 7258.748264 
121.717344, 18.187655, 17.925529, 0.186793, 0.063885, 1.024244, 0.113642, 31040.434774, 2621.626271 
88.987598, 22.032525, 17.083642, 0.213419, 0.069556, 0.712922, 0.585774, 47873.085616, 2240.203353 
50.923047, 7.776147, 3.978843, 0.077535, 0.165961, 0.773076, 0.773076, 493192.065660, 6431.097129 
40.785198, 5.292374, 2.838335, 0.052443, 0.127944, 0.519630, 0.519630, 2000000000000000.000000, 1000000000000000.000000 
50.961769, 7.785633, 3.983199, 0.077630, 0.166107, 0.774044, 0.774044, 492171.176112, 6418.957599 
