39.439741, 4.962736, 2.686971, 0.049113, 0.122899, 0.485994, 0.485994, 2000000000000000.000000, 1000000000000000.000000 
22.986508, 0.931694, 0.835982, 0.008392, 0.061199, 0.074663, 0.074663, 2000000000000000.000000, 1000000000000000.000000 
68.354332, 25.567115, 11.938207, 0.093809, 0.055250, 1.606929, 1.197424, 83872.316490, 2177.480940 
113.964973, 14.330114, 13.682719, 0.184999, 0.056549, 0.255429, 0.467821, 45775.244335, 2579.443594 
90.447123, 20.719668, 11.009501, 0.127881, 0.053492, 1.680006, 1.070850, 69782.375035, 2331.485066 
101.864900, 17.707817, 11.109845, 0.211078, 0.055476, 0.830678, 0.533906, 57344.907566, 2469.948754 
20.614622, 0.350582, 0.569145, 0.002521, 0.052305, 0.015366, 0.015366, 2000000000000000.000000, 1000000000000000.000000 
104.781793, 15.485439, 13.184797, 0.173239, 0.052628, 0.375377, 0.534926, 51183.134436, 2488.373199 
51.496491, 7.916640, 4.043355, 0.078954, 0.168112, 0.787412, 0.787412, 478488.810488, 6256.187735 
63.001768, 24.313058, 11.830512, 0.100317, 0.076160, 1.715489, 1.223554, 96371.808357, 2226.834284 
59.774944, 9.944861, 4.974681, 0.099443, 0.199156, 0.994374, 0.994374, 334554.792246, 4538.303774 
114.820233, 13.460368, 13.603960, 0.167663, 0.054251, 0.652969, 0.443956, 43711.229346, 2622.241435 
90.467052, 20.803300, 11.099072, 0.129029, 0.070467, 1.757468, 1.206610, 75327.483249, 2325.935457 
29.380749, 2.498283, 1.555334, 0.024217, 0.085178, 0.234519, 0.234519, 2000000000000000.000000, 1000000000000000.000000 
66.197347, 25.210746, 11.652086, 0.089976, 0.060658, 1.649372, 1.158595, 89642.533349, 2195.281723 
110.907653, 12.923774, 13.640838, 0.182848, 0.059600, 0.200522, 0.340792, 46598.894172, 2619.079948 
83.795706, 18.994340, 11.342783, 0.132134, 0.069200, 1.826598, 1.023156, 75295.894031, 2356.016035 
93.749528, 18.026478, 11.520693, 0.189829, 0.065705, 0.971008, 0.514006, 61850.065132, 2402.810994 
114.478376, 12.767468, 13.688582, 0.165004, 0.051184, 0.628244, 0.346581, 41917.603032, 2646.930574 
90.961344, 19.645145, 12.264800, 0.187284, 0.058318, 0.898812, 0.582386, 59319.509874, 2318.380685 
23.280783, 1.003792, 0.869088, 0.009120, 0.062303, 0.082020, 0.082020, 2000000000000000.000000, 1000000000000000.000000 
83.385822, 19.802939, 10.964611, 0.165187, 0.050508, 1.211946, 0.644679, 68263.167960, 2342.308119 
54.980768, 8.770288, 4.435336, 0.087577, 0.181178, 0.874519, 0.874519, 405022.628899, 5380.244303 
20.203058, 0.249749, 0.522844, 0.001503, 0.050761, 0.005076, 0.005076, 2000000000000000.000000, 1000000000000000.000000 
106.666931, 15.752257, 14.204989, 0.183870, 0.052366, 0.517321, 0.553109, 45770.706309, 2465.567490 
52.989534, 8.282436, 4.211323, 0.082649, 0.173711, 0.824738, 0.824738, 443990.309270, 5845.242902 
90.624627, 20.309467, 10.680096, 0.126774, 0.055004, 1.786070, 1.099456, 71910.785263, 2357.166886 
84.849749, 20.293505, 11.155751, 0.167427, 0.078581, 1.297346, 0.557091, 71147.856200, 2321.130364 
67.616079, 25.302688, 12.047058, 0.100818, 0.054740, 1.404668, 1.251200, 84024.950170, 2181.060598 
95.054028, 18.492486, 12.041709, 0.185149, 0.065846, 0.861674, 0.697981, 61279.715029, 2373.297106 
32.075240, 3.158434, 1.858465, 0.030886, 0.095282, 0.301881, 0.301881, 2000000000000000.000000, 1000000000000000.000000 
81.345967, 19.587950, 10.411322, 0.175666, 0.051195, 1.326595, 0.654098, 71667.498446, 2374.528136 
57.826639, 9.467527, 4.755497, 0.094621, 0.191850, 0.945666, 0.945666, 359944.546865, 4841.649717 
105.937018, 13.531088, 13.521040, 0.172320, 0.050019, 0.176113, 0.401218, 48395.332405, 2570.007085 
83.263700, 26.084987, 11.024006, 0.104851, 0.060686, 1.389287, 1.327541, 82407.815445, 2218.483029 
66.536390, 25.896683, 12.312454, 0.091745, 0.063524, 1.446846, 1.215661, 88940.858997, 2167.931629 
115.536747, 15.102204, 14.491742, 0.161466, 0.053277, 0.658888, 0.583200, 43210.337998, 2551.678672 
99.024256, 17.130690, 11.278999, 0.204857, 0.059607, 0.846944, 0.533874, 58876.382760, 2467.596872 
85.889817, 16.721767, 12.065604, 0.184696, 0.063977, 0.957573, 0.262278, 62385.813115, 2430.777863 
79.047458, 18.782270, 11.766702, 0.116343, 0.064709, 1.768511, 0.931736, 77331.934904, 2355.253150 
93.162923, 16.969735, 11.530246, 0.193292, 0.057499, 1.094351, 0.347016, 58780.495048, 2442.344828 
82.569949, 20.678968, 10.635243, 0.148949, 0.057238, 1.541896, 1.108761, 75197.625972, 2328.498878 
83.349570, 21.068296, 10.964035, 0.118661, 0.058376, 1.818641, 1.173440, 76591.286110, 2304.572311 
66.094327, 26.380722, 11.575485, 0.089347, 0.073561, 1.561756, 1.238897, 96606.802603, 2176.756808 
47.505959, 6.938960, 3.594420, 0.069077, 0.153147, 0.687649, 0.687649, 603208.902958, 7735.070957 
107.189921, 13.707638, 13.111825, 0.182765, 0.061075, 0.200645, 0.499119, 52353.097400, 2581.178150 
89.468703, 19.328627, 11.878876, 0.186388, 0.053163, 0.858081, 0.558039, 60657.079866, 2334.303261 
82.795564, 26.486956, 10.128292, 0.107166, 0.061408, 1.264828, 1.347928, 88432.740373, 2247.540632 
39.269848, 4.921113, 2.667858, 0.048693, 0.122262, 0.481746, 0.481746, 2000000000000000.000000, 1000000000000000.000000 
85.011941, 20.252822, 10.727706, 0.180218, 0.056425, 1.257894, 0.644947, 68541.486741, 2340.745405 
109.578480, 15.566292, 13.455677, 0.179303, 0.054485, 0.413800, 0.582577, 48568.203315, 2508.644610 
82.927483, 21.562390, 11.036805, 0.130007, 0.067193, 1.718162, 0.999738, 76176.264544, 2288.384616 
90.826131, 17.114002, 11.905584, 0.194126, 0.066299, 0.968344, 0.214563, 59272.929688, 2417.023718 
90.239823, 18.325910, 12.083412, 0.181503, 0.065555, 0.831618, 0.691323, 63862.527235, 2362.316722 
55.029340, 8.782188, 4.440801, 0.087698, 0.181360, 0.875734, 0.875734, 404157.582611, 5369.913785 
89.798391, 20.535646, 10.917848, 0.130992, 0.058066, 1.728310, 1.106548, 71670.248107, 2337.533664 
87.242334, 21.709724, 10.656006, 0.126285, 0.060720, 1.838515, 1.200816, 75771.700217, 2312.100727 
70.231908, 26.405228, 13.155409, 0.076984, 0.068910, 1.421027, 1.342478, 93327.845935, 2145.098896 
43.995832, 6.078979, 3.199531, 0.060390, 0.139984, 0.599896, 0.599896, 2000000000000000.000000, 1000000000000000.000000 
56.719474, 9.196271, 4.630941, 0.091881, 0.187698, 0.917987, 0.917987, 376217.272004, 5036.117461 
103.355085, 17.041420, 10.947156, 0.208207, 0.062541, 0.804388, 0.527175, 59030.506589, 2510.983288 
39.633110, 5.010112, 2.708725, 0.049592, 0.123624, 0.490828, 0.490828, 2000000000000000.000000, 1000000000000000.000000 
119.728611, 13.197185, 13.260889, 0.172831, 0.058700, 0.672188, 0.366954, 42693.809725, 2688.774399 
103.596376, 17.876528, 11.470455, 0.194296, 0.054841, 0.877527, 0.436955, 54903.938189, 2459.081732 
81.629846, 26.690973, 10.948207, 0.108634, 0.053028, 1.463790, 1.246887, 78061.610346, 2209.920324 
97.959628, 17.178151, 11.622208, 0.185147, 0.063757, 1.001628, 0.501953, 59073.976734, 2445.847955 
31.297786, 2.967957, 1.771001, 0.028962, 0.092367, 0.282445, 0.282445, 2000000000000000.000000, 1000000000000000.000000 
69.952207, 26.162711, 13.030280, 0.081226, 0.053807, 1.406472, 1.214361, 82786.265649, 2149.382513 
67.653800, 26.830043, 13.121009, 0.077435, 0.059219, 1.480854, 1.230982, 87403.637667, 2141.653558 
68.849196, 29.343616, 11.219084, 0.099303, 0.063267, 1.571693, 1.223282, 87061.995389, 2155.305797 
72.498716, 24.449048, 12.674364, 0.108140, 0.061819, 1.649926, 1.234660, 78376.448094, 2178.603394 
50.227222, 7.605669, 3.900562, 0.075812, 0.163352, 0.755681, 0.755681, 512275.108005, 6657.887691 
78.883465, 19.921803, 10.840190, 0.137537, 0.066470, 1.597406, 1.138458, 80962.057828, 2343.395006 
112.816551, 13.330833, 13.518708, 0.194000, 0.060927, 0.097737, 0.341105, 46469.575832, 2616.027959 
90.667676, 19.012880, 11.565774, 0.189430, 0.060820, 0.997658, 0.539870, 62221.683482, 2358.206133 
34.728391, 3.808456, 2.156944, 0.037453, 0.105231, 0.368210, 0.368210, 2000000000000000.000000, 1000000000000000.000000 
65.066531, 24.534374, 11.502219, 0.113239, 0.062010, 1.391688, 1.213248, 88931.482949, 2217.994665 
41.539145, 5.477091, 2.923154, 0.054309, 0.130772, 0.538479, 0.538479, 2000000000000000.000000, 1000000000000000.000000 
90.807892, 19.947309, 11.898812, 0.179291, 0.053708, 0.909672, 0.543849, 60097.579525, 2320.498788 
25.967432, 1.662021, 1.171336, 0.015769, 0.072378, 0.149186, 0.149186, 2000000000000000.000000, 1000000000000000.000000 
107.962498, 13.045724, 13.788984, 0.192912, 0.054197, 0.106091, 0.453814, 46977.313747, 2593.673340 
112.658925, 16.447354, 13.037508, 0.174596, 0.051839, 0.565266, 0.366994, 46119.664030, 2518.587750 
47.536208, 6.946371, 3.597823, 0.069152, 0.153261, 0.688405, 0.688405, 602025.583846, 7721.090951 
55.172869, 8.817353, 4.456948, 0.088053, 0.181898, 0.879322, 0.879322, 401622.981473, 5339.643318 
114.189493, 12.370117, 13.813521, 0.164707, 0.057714, 0.884218, 0.458116, 43009.302748, 2659.281060 
86.360833, 21.364816, 9.961683, 0.149592, 0.062901, 1.767636, 1.338828, 79201.923649, 2352.880464 
68.626415, 27.105577, 12.363109, 0.091733, 0.061222, 1.564186, 1.107789, 83368.548416, 2148.202493 
68.571766, 29.035182, 11.139669, 0.085897, 0.055553, 1.426690, 1.112136, 87852.932810, 2159.184271 
101.257663, 18.022349, 11.380012, 0.193952, 0.060487, 0.837277, 0.473364, 57909.925647, 2443.760168 
90.968869, 16.000691, 12.052229, 0.193862, 0.055786, 0.873648, 0.326167, 58114.715422, 2465.159903 
102.206153, 16.099425, 11.610240, 0.201022, 0.052959, 0.746270, 0.578708, 55263.103335, 2509.188541 
115.150279, 13.751900, 13.801045, 0.177598, 0.068525, 0.232877, 0.524924, 49772.157961, 2607.170487 
59.707987, 9.928457, 4.967149, 0.099277, 0.198905, 0.992700, 0.992700, 335365.974320, 4547.991532 
21.000454, 0.445111, 0.612551, 0.003476, 0.053752, 0.025011, 0.025011, 2000000000000000.000000, 1000000000000000.000000 
21.473666, 0.561048, 0.665787, 0.004647, 0.055526, 0.036842, 0.036842, 2000000000000000.000000, 1000000000000000.000000 
79.740333, 20.169963, 10.238929, 0.182348, 0.054528, 1.307887, 0.615301, 73477.135033, 2362.575400 
80.673538, 20.032826, 10.939363, 0.136547, 0.053745, 1.864225, 1.176555, 74601.539655, 2334.467228 
77.658205, 21.393660, 10.918203, 0.124437, 0.071371, 1.999094, 1.195300, 82488.347325, 2293.031999 
109.262757, 14.300394, 14.533904, 0.161093, 0.056044, 0.499804, 0.708959, 48064.405055, 2524.915390 
99.890886, 18.084098, 11.578351, 0.169937, 0.051639, 0.887653, 0.583876, 57909.027459, 2425.823725 
107.896926, 15.860535, 13.770235, 0.185487, 0.061706, 0.407887, 0.555973, 49514.972654, 2479.444301 
80.783326, 20.591045, 11.228481, 0.138408, 0.051073, 1.751802, 0.995353, 71061.538778, 2305.155894 
106.102123, 13.996283, 13.358720, 0.189398, 0.063330, 0.142893, 0.413714, 51544.573562, 2553.278710 
45.953383, 6.558579, 3.419756, 0.065235, 0.147325, 0.648835, 0.648835, 2000000000000000.000000, 1000000000000000.000000 
35.120275, 3.904467, 2.201031, 0.038423, 0.106701, 0.378007, 0.378007, 2000000000000000.000000, 1000000000000000.000000 
85.316112, 25.881571, 10.746174, 0.115791, 0.062616, 1.320749, 1.376007, 82361.853162, 2237.769947 
92.994024, 19.629722, 11.783146, 0.188958, 0.058716, 0.888017, 0.585141, 60401.719766, 2340.826007 
93.660084, 19.162223, 12.396651, 0.194825, 0.061917, 0.843037, 0.602709, 58185.261772, 2337.773621 
59.897551, 9.974900, 4.988474, 0.099746, 0.199616, 0.997439, 0.997439, 333079.902481, 4520.690479 
22.297597, 0.762911, 0.758480, 0.006687, 0.058616, 0.057440, 0.057440, 2000000000000000.000000, 1000000000000000.000000 
96.947948, 19.573672, 12.031881, 0.188358, 0.060378, 0.927950, 0.692592, 58615.268440, 2352.950996 
114.357072, 13.901329, 13.179962, 0.164230, 0.052371, 0.687564, 0.473581, 45299.532249, 2615.300256 
86.437726, 21.297300, 10.019083, 0.137274, 0.055365, 1.747910, 1.363473, 78319.934904, 2351.534523 
26.277032, 1.737873, 1.206166, 0.016536, 0.073539, 0.156926, 0.156926, 2000000000000000.000000, 1000000000000000.000000 
37.158968, 4.403947, 2.430384, 0.043468, 0.114346, 0.428974, 0.428974, 2000000000000000.000000, 1000000000000000.000000 
67.807033, 27.645245, 12.260832, 0.083075, 0.068846, 1.313239, 1.114730, 92250.636347, 2144.625768 
58.111686, 9.537363, 4.787565, 0.095326, 0.192919, 0.952792, 0.952792, 355984.971201, 4794.331685 
92.612222, 18.507314, 11.529086, 0.180852, 0.060606, 0.917664, 0.576347, 62612.778035, 2382.097504 
28.674345, 2.325215, 1.475864, 0.022469, 0.082529, 0.216859, 0.216859, 2000000000000000.000000, 1000000000000000.000000 
93.172770, 16.765121, 12.133077, 0.191932, 0.065497, 1.204401, 0.285737, 56854.844990, 2427.829520 
70.532584, 26.393904, 12.335294, 0.096947, 0.056346, 1.537415, 1.258531, 81042.076280, 2156.579727 
114.517160, 16.107596, 13.438414, 0.182964, 0.061078, 0.562734, 0.383924, 45764.392819, 2535.437595 
105.069160, 14.083594, 13.519988, 0.172862, 0.055428, 0.150123, 0.407295, 50685.093202, 2539.420802 
64.949828, 25.573251, 12.657020, 0.104910, 0.059300, 1.466499, 1.176142, 83478.249834, 2172.985233 
83.462884, 26.253193, 10.537860, 0.109769, 0.052466, 1.347410, 1.346990, 80732.406668, 2234.828980 
44.045342, 6.091109, 3.205101, 0.060512, 0.140170, 0.601134, 0.601134, 2000000000000000.000000, 1000000000000000.000000 
47.632869, 6.970053, 3.608698, 0.069391, 0.153623, 0.690822, 0.690822, 598274.524656, 7676.767699 
112.287145, 12.812328, 14.000174, 0.196666, 0.051647, 0.036126, 0.476489, 44101.588771, 2619.825338 
