101.339043, 20.506554, 15.960385, 0.253203, 0.063606, 0.636302, 0.774992, 43750.379326, 2328.310101 
40.313261, 5.176749, 2.785242, 0.051275, 0.126175, 0.507832, 0.507832, 2000000000000000.000000, 1000000000000000.000000 
52.733620, 8.219737, 4.182532, 0.082016, 0.172751, 0.818341, 0.818341, 449548.231827, 5911.498404 
77.948507, 28.712869, 13.304541, 0.118166, 0.051836, 1.542183, 1.215855, 66763.728282, 2147.990716 
35.382825, 3.968792, 2.230568, 0.039072, 0.107686, 0.384571, 0.384571, 2000000000000000.000000, 1000000000000000.000000 
110.885255, 14.394953, 19.427956, 0.137247, 0.062530, 0.746708, 0.554410, 40056.804771, 2518.647054 
70.793858, 32.524370, 13.639370, 0.120828, 0.058579, 1.251934, 1.037355, 69875.338260, 2127.921548 
88.793812, 24.465708, 12.825237, 0.212352, 0.060395, 1.646965, 0.499486, 54238.153290, 2218.418460 
106.755854, 20.648922, 15.877202, 0.207353, 0.059015, 0.747550, 0.203426, 39312.402751, 2377.092575 
99.428115, 20.246889, 16.712968, 0.260790, 0.050974, 0.653295, 0.688352, 39629.861987, 2320.626550 
49.113091, 7.332707, 3.775223, 0.073055, 0.159174, 0.727827, 0.727827, 546046.327734, 7058.614017 
52.391345, 8.135880, 4.144026, 0.081169, 0.171468, 0.809784, 0.809784, 457201.669365, 6002.704145 
128.183523, 13.145933, 17.121908, 0.189900, 0.056835, 0.797701, 0.002634, 26550.899960, 2746.992468 
46.131985, 6.602336, 3.439848, 0.065677, 0.147995, 0.653300, 0.653300, 2000000000000000.000000, 1000000000000000.000000 
105.787724, 18.870248, 16.092099, 0.227383, 0.056434, 0.720038, 0.036173, 36516.420716, 2383.350203 
106.671545, 19.629318, 15.789205, 0.233436, 0.053137, 0.704766, 0.029074, 36459.783131, 2382.593809 
78.228962, 29.710196, 13.224007, 0.125267, 0.050647, 1.649589, 1.096213, 64075.767555, 2149.714085 
96.035232, 23.665465, 16.366901, 0.242812, 0.056036, 0.870988, 0.927611, 44070.751275, 2275.842651 
85.624501, 24.067385, 12.349280, 0.221966, 0.069476, 1.385582, 0.535794, 59077.471817, 2215.251854 
124.193166, 14.246073, 17.132506, 0.197396, 0.055308, 0.938234, 0.335619, 29658.193370, 2667.209690 
64.312634, 30.895622, 13.249987, 0.136437, 0.052740, 1.655743, 1.392292, 71802.054139, 2113.436848 
109.832688, 14.331276, 19.707997, 0.143997, 0.057044, 0.779257, 0.515029, 36812.239909, 2512.372333 
45.401542, 6.423378, 3.357673, 0.063869, 0.145256, 0.635039, 0.635039, 2000000000000000.000000, 1000000000000000.000000 
35.198057, 3.923524, 2.209781, 0.038615, 0.106993, 0.379951, 0.379951, 2000000000000000.000000, 1000000000000000.000000 
96.014787, 23.603061, 16.552941, 0.247324, 0.053330, 0.838145, 0.927248, 43079.185097, 2278.242029 
39.187669, 4.900979, 2.658613, 0.048489, 0.121954, 0.479692, 0.479692, 2000000000000000.000000, 1000000000000000.000000 
104.858064, 19.749216, 16.184037, 0.231800, 0.052998, 0.642677, 0.003181, 36266.791798, 2367.081032 
55.087888, 8.796533, 4.447387, 0.087843, 0.181580, 0.877197, 0.877197, 403119.796239, 5357.519835 
85.796191, 23.374575, 12.884446, 0.219365, 0.066144, 1.399668, 0.561278, 56851.315693, 2215.455677 
77.233584, 30.904171, 13.486422, 0.114171, 0.058429, 1.596264, 1.047856, 67349.242192, 2147.654025 
99.390625, 19.736092, 16.432641, 0.260865, 0.067302, 0.595760, 0.626267, 42837.001299, 2322.966466 
22.429249, 0.795166, 0.773291, 0.007012, 0.059110, 0.060731, 0.060731, 2000000000000000.000000, 1000000000000000.000000 
96.599105, 21.899717, 16.509869, 0.244228, 0.057076, 0.707620, 0.935042, 44206.008854, 2286.073208 
45.083571, 6.345475, 3.321902, 0.063082, 0.144063, 0.627089, 0.627089, 2000000000000000.000000, 1000000000000000.000000 
114.310008, 14.113148, 16.445848, 0.175258, 0.058853, 1.071347, 0.406075, 35752.559506, 2545.050781 
96.920074, 21.438579, 16.820773, 0.253906, 0.056756, 0.662008, 0.642201, 41476.116077, 2294.135708 
83.119924, 27.146404, 12.942214, 0.114737, 0.051772, 1.769723, 1.187022, 65441.091014, 2175.136319 
31.283088, 2.964357, 1.769347, 0.028926, 0.092312, 0.282077, 0.282077, 2000000000000000.000000, 1000000000000000.000000 
58.277102, 9.577890, 4.806174, 0.095736, 0.193539, 0.956928, 0.956928, 353727.836619, 4767.359344 
123.908365, 13.515084, 16.506928, 0.170910, 0.054450, 0.976325, 0.066509, 29439.542763, 2670.609275 
110.886908, 14.939593, 19.131406, 0.140798, 0.066200, 0.652010, 0.571918, 42132.710077, 2507.779341 
56.568629, 9.159314, 4.613971, 0.091507, 0.187132, 0.914216, 0.914216, 378551.078816, 5064.006045 
35.998907, 4.119732, 2.299877, 0.040597, 0.109996, 0.399973, 0.399973, 2000000000000000.000000, 1000000000000000.000000 
33.295175, 3.457318, 1.995707, 0.033906, 0.099857, 0.332379, 0.332379, 2000000000000000.000000, 1000000000000000.000000 
103.239714, 18.277199, 16.842489, 0.212192, 0.056141, 1.030223, 0.086134, 35810.566682, 2372.518618 
59.049357, 9.767092, 4.893053, 0.097647, 0.196435, 0.976234, 0.976234, 343567.771049, 4645.962492 
101.671492, 20.079738, 16.092601, 0.231596, 0.066121, 0.675854, 0.085236, 39803.353679, 2335.526164 
56.829512, 9.223231, 4.643320, 0.092153, 0.188111, 0.920738, 0.920738, 374533.165222, 5015.992174 
104.216898, 12.402070, 19.429676, 0.170425, 0.054228, 0.904705, 0.387742, 33730.885731, 2525.038449 
72.917387, 29.402260, 13.868528, 0.113123, 0.063475, 1.700141, 1.275685, 71724.331211, 2128.390337 
120.943001, 16.308932, 16.900506, 0.183874, 0.061117, 1.285537, 0.284944, 32265.361907, 2594.081555 
25.328633, 1.505515, 1.099471, 0.014188, 0.069982, 0.133216, 0.133216, 2000000000000000.000000, 1000000000000000.000000 
92.089524, 23.265033, 16.918718, 0.243274, 0.059400, 0.769781, 0.928896, 45344.655436, 2252.451689 
115.319141, 13.996488, 16.667448, 0.185956, 0.054305, 1.147753, 0.141138, 31266.364805, 2556.736809 
52.073963, 8.058121, 4.108321, 0.080383, 0.170277, 0.801849, 0.801849, 464533.376446, 6090.041874 
109.423786, 18.898495, 15.761172, 0.240805, 0.054773, 0.699753, 0.006867, 35266.130874, 2416.714429 
87.016079, 27.997565, 13.656347, 0.106673, 0.061979, 1.751330, 0.949352, 64461.903469, 2192.382132 
105.228402, 19.550098, 16.264179, 0.258162, 0.053732, 0.724480, 0.790069, 39278.934439, 2372.799755 
123.000711, 14.956141, 16.954496, 0.199846, 0.052017, 1.093103, 0.227486, 28698.107688, 2638.802778 
116.667903, 14.566856, 16.874842, 0.182842, 0.070161, 1.154398, 0.156005, 33623.086428, 2559.529700 
106.271608, 20.545483, 15.599410, 0.236803, 0.061029, 0.739139, 0.166295, 38948.693693, 2370.498245 
94.037904, 22.225098, 17.046838, 0.247959, 0.050380, 0.568728, 1.185505, 44358.098724, 2271.299016 
83.887511, 25.442684, 12.099167, 0.230535, 0.055768, 1.518283, 0.575719, 58271.501860, 2199.467418 
96.645071, 18.869633, 16.517314, 0.262047, 0.074387, 0.632317, 0.779776, 45733.487610, 2316.696061 
83.488547, 29.558060, 13.741191, 0.121311, 0.060479, 1.637119, 1.083825, 64063.492041, 2175.371766 
54.711558, 8.704332, 4.405050, 0.086911, 0.180168, 0.867789, 0.867789, 409885.496764, 5438.312276 
91.008980, 21.551132, 17.082050, 0.245111, 0.051901, 0.819888, 0.957056, 43852.358859, 2255.413478 
59.048245, 31.808550, 13.702372, 0.119295, 0.061256, 1.028622, 1.387065, 82980.435450, 2110.642065 
91.673307, 21.762438, 16.892501, 0.239985, 0.052205, 0.502791, 1.231245, 46975.915980, 2256.041588 
95.344633, 22.381424, 16.882287, 0.251486, 0.052561, 0.636855, 0.914502, 42867.197231, 2278.748555 
58.865168, 32.622025, 14.128589, 0.136111, 0.061597, 1.156163, 1.426649, 77983.309736, 2107.686211 
91.520063, 21.699555, 16.889487, 0.249702, 0.061377, 0.566270, 1.196701, 48196.075569, 2255.538303 
53.395043, 32.652957, 13.457311, 0.122949, 0.058199, 0.987136, 1.386504, 86510.722171, 2124.660423 
118.687900, 16.535653, 16.828307, 0.201292, 0.054134, 1.207344, 0.171828, 30508.666846, 2558.836587 
38.841666, 4.816208, 2.619687, 0.047633, 0.120656, 0.471042, 0.471042, 2000000000000000.000000, 1000000000000000.000000 
98.343294, 22.976191, 16.801366, 0.246002, 0.060145, 0.765149, 0.892315, 43214.250315, 2302.263979 
120.446480, 14.713185, 16.521366, 0.187450, 0.057531, 0.854025, 0.203503, 32150.930082, 2602.816578 
87.291716, 24.409367, 12.759940, 0.228797, 0.065122, 1.533465, 0.468186, 55179.951506, 2212.424301 
69.721284, 31.619226, 13.925293, 0.126896, 0.058471, 1.112629, 1.122748, 70304.251139, 2121.244657 
84.639328, 23.773413, 12.453464, 0.232809, 0.050061, 1.460061, 0.516526, 55800.282704, 2213.148347 
64.393943, 29.093728, 13.291104, 0.129954, 0.067563, 1.676707, 1.212600, 76569.137547, 2121.517913 
59.032790, 9.763034, 4.891189, 0.097606, 0.196373, 0.975820, 0.975820, 343779.432076, 4648.491091 
82.114092, 25.350550, 12.667604, 0.251540, 0.060561, 1.425267, 0.410560, 56308.404796, 2184.217669 
92.445756, 23.557708, 17.158892, 0.245463, 0.058827, 0.746120, 0.729448, 43515.171316, 2258.086185 
23.116047, 0.963431, 0.850555, 0.008712, 0.061685, 0.077901, 0.077901, 2000000000000000.000000, 1000000000000000.000000 
58.002065, 9.510506, 4.775232, 0.095055, 0.192508, 0.950052, 0.950052, 357497.107055, 4812.401983 
55.781603, 8.966493, 4.525430, 0.089559, 0.184181, 0.894540, 0.894540, 391220.059043, 5215.379197 
125.191656, 13.462040, 16.958611, 0.170721, 0.064152, 0.908428, 0.149651, 31209.479786, 2691.991943 
79.377463, 30.182774, 13.647733, 0.118981, 0.052519, 1.647402, 1.057931, 63349.845267, 2155.466863 
84.012177, 23.173225, 12.554702, 0.233778, 0.060881, 1.476857, 0.582809, 57521.763702, 2217.409384 
103.727839, 23.150550, 16.011885, 0.253847, 0.053191, 0.596557, 0.977512, 42589.261414, 2342.209407 
68.597067, 30.382303, 13.206578, 0.135207, 0.053268, 1.708457, 1.192075, 68459.529034, 2119.702342 
30.844367, 2.856870, 1.719991, 0.027840, 0.090666, 0.271109, 0.271109, 2000000000000000.000000, 1000000000000000.000000 
35.118460, 3.904023, 2.200827, 0.038418, 0.106694, 0.377962, 0.377962, 2000000000000000.000000, 1000000000000000.000000 
124.330945, 13.101511, 17.337706, 0.177988, 0.065722, 0.896640, 0.081744, 29794.001922, 2686.479379 
95.309214, 23.535771, 15.571821, 0.247429, 0.053730, 0.664324, 0.978694, 46425.160295, 2261.438324 
85.408767, 24.179869, 12.341723, 0.212067, 0.060414, 1.523329, 0.566883, 58123.987801, 2213.270672 
54.652500, 8.689862, 4.398406, 0.086765, 0.179947, 0.866313, 0.866313, 410968.029936, 5451.237530 
32.264449, 3.204790, 1.879751, 0.031355, 0.095992, 0.306611, 0.306611, 2000000000000000.000000, 1000000000000000.000000 
101.985581, 19.985589, 16.574580, 0.258569, 0.058008, 0.676217, 0.795175, 40806.383830, 2342.674180 
79.814808, 30.717257, 12.915560, 0.129728, 0.055899, 1.471960, 1.289308, 67625.497125, 2160.094170 
40.954966, 5.333967, 2.857434, 0.052864, 0.128581, 0.523874, 0.523874, 2000000000000000.000000, 1000000000000000.000000 
118.343961, 14.476016, 16.883467, 0.202797, 0.056525, 1.000954, 0.314624, 31358.513917, 2580.940779 
104.355553, 20.434273, 16.554563, 0.257406, 0.056191, 0.614506, 0.782906, 40027.808874, 2361.431673 
116.300454, 13.053041, 17.236988, 0.171274, 0.052848, 1.174657, 0.181209, 30204.894677, 2587.109599 
26.995696, 1.913946, 1.287016, 0.018314, 0.076234, 0.174892, 0.174892, 2000000000000000.000000, 1000000000000000.000000 
104.131466, 21.069265, 15.883846, 0.203900, 0.058937, 0.787285, 0.243700, 40532.750787, 2349.082151 
81.664621, 29.465342, 14.053589, 0.126315, 0.061168, 1.747960, 1.171390, 63434.106067, 2165.965756 
103.890617, 19.010422, 17.001917, 0.219362, 0.055415, 1.003472, 0.051676, 34962.843072, 2371.559455 
71.534229, 31.230709, 13.119370, 0.124961, 0.054922, 1.367695, 1.222630, 70560.091493, 2127.684620 
94.897934, 20.229134, 16.782174, 0.256146, 0.055309, 0.621393, 0.745839, 42598.343317, 2289.102360 
35.005645, 3.876383, 2.188135, 0.038139, 0.106271, 0.375141, 0.375141, 2000000000000000.000000, 1000000000000000.000000 
37.899312, 4.585332, 2.513673, 0.045301, 0.117122, 0.447483, 0.447483, 2000000000000000.000000, 1000000000000000.000000 
21.390396, 0.540647, 0.656420, 0.004441, 0.055214, 0.034760, 0.034760, 2000000000000000.000000, 1000000000000000.000000 
57.046668, 9.276434, 4.667750, 0.092690, 0.188925, 0.926167, 0.926167, 371254.236615, 4976.807742 
115.949528, 16.510186, 16.509695, 0.198500, 0.071742, 1.045404, 0.286531, 36158.614095, 2520.629358 
42.837599, 5.795212, 3.069230, 0.057523, 0.135641, 0.570940, 0.570940, 2000000000000000.000000, 1000000000000000.000000 
113.991996, 15.962621, 19.480783, 0.139888, 0.058955, 0.763879, 0.632111, 39092.418122, 2542.445246 
93.510472, 23.287555, 16.721317, 0.236280, 0.051011, 0.648349, 1.032799, 44835.016346, 2260.512684 
77.853264, 30.020870, 13.411048, 0.123118, 0.053721, 1.740104, 1.083838, 64332.141883, 2148.084806 
112.343580, 14.259925, 19.986286, 0.144051, 0.067694, 0.785502, 0.556261, 39353.221376, 2543.720751 
58.700053, 32.507008, 14.080491, 0.133805, 0.055341, 1.010156, 1.374651, 76907.220064, 2108.112346 
42.789572, 5.783445, 3.063827, 0.057404, 0.135461, 0.569739, 0.569739, 2000000000000000.000000, 1000000000000000.000000 
83.226940, 23.614866, 13.129899, 0.222737, 0.062531, 1.578443, 0.489158, 55719.078117, 2200.121310 
51.061224, 7.810000, 3.994388, 0.077877, 0.166480, 0.776531, 0.776531, 489568.164138, 6388.001024 
107.066838, 12.342045, 19.248553, 0.152217, 0.051380, 0.874957, 0.422790, 33953.536171, 2536.638195 
37.233476, 4.422202, 2.438766, 0.043653, 0.114626, 0.430837, 0.430837, 2000000000000000.000000, 1000000000000000.000000 
82.856104, 23.596781, 12.384835, 0.229376, 0.058215, 1.427798, 0.498212, 58133.230561, 2210.972292 
