95.142413, 16.236093, 18.434000, 0.186309, 0.055491, 1.628970, 0.133154, 36023.218676, 2374.664814 
25.655687, 1.585643, 1.136265, 0.014998, 0.071209, 0.141392, 0.141392, 2000000000000000.000000, 1000000000000000.000000 
34.834108, 3.834356, 2.168837, 0.037714, 0.105628, 0.370853, 0.370853, 2000000000000000.000000, 1000000000000000.000000 
54.651912, 8.689718, 4.398340, 0.086763, 0.179945, 0.866298, 0.866298, 410978.851912, 5451.366562 
39.896278, 5.074588, 2.738331, 0.050243, 0.124611, 0.497407, 0.497407, 2000000000000000.000000, 1000000000000000.000000 
82.629467, 23.447319, 16.814141, 0.207468, 0.055098, 0.437938, 0.309651, 48017.836020, 2197.302345 
42.132114, 5.622368, 2.989863, 0.055777, 0.132995, 0.553303, 0.553303, 2000000000000000.000000, 1000000000000000.000000 
94.218067, 24.755239, 18.173119, 0.271615, 0.053574, 0.806507, 0.552423, 38284.861175, 2295.496605 
93.152342, 24.279542, 16.724111, 0.260981, 0.050709, 0.873048, 0.400738, 40339.416115, 2257.543363 
102.272288, 16.689372, 18.370026, 0.211445, 0.062125, 1.617419, 0.189733, 33274.700170, 2398.985078 
58.798772, 31.897503, 14.877376, 0.170039, 0.059102, 1.808434, 0.997498, 66603.724563, 2110.166723 
77.993029, 22.560404, 17.177452, 0.197913, 0.055372, 0.430674, 0.294141, 50739.850556, 2200.685955 
53.340685, 8.368468, 4.250827, 0.083518, 0.175028, 0.833517, 0.833517, 436583.146271, 5756.914354 
45.290301, 6.396124, 3.345159, 0.063593, 0.144839, 0.632258, 0.632258, 2000000000000000.000000, 1000000000000000.000000 
82.840894, 24.799510, 17.286887, 0.204541, 0.065434, 0.712805, 0.479363, 48931.273724, 2196.105179 
88.474611, 23.923832, 16.689062, 0.257241, 0.057766, 0.816835, 0.431622, 43578.855147, 2223.664044 
94.224892, 24.271195, 16.957370, 0.282736, 0.064347, 0.787934, 0.460190, 41205.616389, 2270.007279 
96.115699, 23.911397, 18.753913, 0.266467, 0.056728, 0.685833, 0.474798, 37209.130702, 2322.788494 
58.144157, 31.475085, 15.132497, 0.163448, 0.060792, 1.825846, 1.047966, 68039.361969, 2114.125036 
97.378930, 24.231776, 17.207089, 0.270915, 0.062623, 0.854706, 0.480234, 39731.440488, 2302.868475 
91.084843, 23.981838, 16.752055, 0.277341, 0.066218, 0.782122, 0.544420, 43642.121101, 2242.077763 
101.164441, 18.334631, 18.137502, 0.203827, 0.068194, 1.616110, 0.044295, 34557.219798, 2366.596329 
20.811739, 0.398876, 0.591321, 0.003009, 0.053044, 0.020293, 0.020293, 2000000000000000.000000, 1000000000000000.000000 
21.049173, 0.457047, 0.618032, 0.003597, 0.053934, 0.026229, 0.026229, 2000000000000000.000000, 1000000000000000.000000 
87.935078, 23.124829, 17.048799, 0.295074, 0.054935, 0.660651, 0.472925, 42292.732830, 2227.141771 
113.703942, 15.175251, 17.697720, 0.231912, 0.067266, 2.095701, 0.023937, 28037.083189, 2520.497681 
57.972986, 9.503381, 4.771961, 0.094983, 0.192399, 0.949325, 0.949325, 357900.450090, 4817.221992 
73.856751, 23.608449, 16.964991, 0.201997, 0.056346, 0.820317, 0.376709, 52734.153942, 2182.610284 
84.100592, 22.822532, 16.870969, 0.308640, 0.053384, 0.640788, 0.345274, 43505.092049, 2208.821353 
103.301306, 16.680241, 17.802463, 0.205607, 0.065532, 1.612191, 0.201929, 34565.838291, 2402.482204 
57.191640, 9.311952, 4.684059, 0.093049, 0.189469, 0.929791, 0.929791, 369097.573840, 4951.034543 
35.449467, 3.985120, 2.238065, 0.039237, 0.107936, 0.386237, 0.386237, 2000000000000000.000000, 1000000000000000.000000 
86.520829, 23.107871, 16.967770, 0.305944, 0.058098, 0.581012, 0.426304, 43227.591541, 2218.605891 
89.529165, 24.735038, 17.282513, 0.267833, 0.055877, 0.646807, 0.432373, 41845.285973, 2238.602745 
52.162230, 8.079746, 4.118251, 0.080602, 0.170608, 0.804056, 0.804056, 462471.047349, 6065.478183 
75.138658, 23.669799, 16.589278, 0.200364, 0.061152, 0.770925, 0.345943, 53331.564761, 2178.282275 
38.262382, 4.674284, 2.554518, 0.046199, 0.118484, 0.456560, 0.456560, 2000000000000000.000000, 1000000000000000.000000 
57.106252, 9.291032, 4.674453, 0.092838, 0.189148, 0.927656, 0.927656, 370364.744264, 4966.177828 
102.669497, 21.895672, 17.992499, 0.260287, 0.050255, 0.707166, 0.606499, 35823.611031, 2366.152040 
95.662504, 25.362570, 17.867056, 0.262565, 0.053492, 0.726962, 0.544276, 38828.829080, 2306.538333 
94.258468, 15.965217, 18.244924, 0.175656, 0.061175, 1.524643, 0.187870, 38644.472541, 2380.901161 
56.092027, 9.042547, 4.560353, 0.090328, 0.185345, 0.902301, 0.902301, 386121.848781, 5154.468573 
48.855721, 7.269652, 3.746269, 0.072418, 0.158209, 0.721393, 0.721393, 554477.046234, 7158.526498 
96.535626, 24.442572, 18.001323, 0.277574, 0.061793, 0.885772, 0.582792, 38734.981894, 2312.498869 
93.177678, 24.963742, 16.320539, 0.279062, 0.058314, 0.798869, 0.431690, 42046.853955, 2252.896313 
35.616075, 4.025938, 2.256808, 0.039650, 0.108560, 0.390402, 0.390402, 2000000000000000.000000, 1000000000000000.000000 
93.015471, 24.721118, 17.477239, 0.258701, 0.059868, 0.626292, 0.567436, 41922.570712, 2270.070411 
87.544270, 23.845413, 17.066321, 0.198659, 0.056615, 0.461991, 0.472607, 47001.728837, 2222.409885 
90.118793, 22.005395, 17.100660, 0.239111, 0.072792, 0.727168, 0.470742, 45598.241243, 2246.947559 
30.913463, 2.873798, 1.727765, 0.028011, 0.090925, 0.272837, 0.272837, 2000000000000000.000000, 1000000000000000.000000 
50.793527, 7.744414, 3.964272, 0.077214, 0.165476, 0.769838, 0.769838, 496637.276861, 6472.060224 
55.399526, 8.872884, 4.482447, 0.088614, 0.182748, 0.884988, 0.884988, 397684.954598, 5292.607452 
111.920517, 17.211155, 17.651476, 0.222727, 0.057738, 1.955538, 0.389624, 30803.868523, 2477.060632 
92.224996, 22.664518, 17.377228, 0.312639, 0.053540, 0.564084, 0.463259, 39468.046294, 2260.826753 
97.034848, 24.673598, 17.069539, 0.274986, 0.064177, 0.881653, 0.465274, 40081.363694, 2298.654218 
88.303757, 23.867789, 17.010506, 0.311746, 0.051148, 0.532612, 0.527538, 41835.063597, 2226.456975 
90.952773, 22.773088, 17.435843, 0.302656, 0.054598, 0.615237, 0.388110, 39778.165494, 2252.297445 
80.387971, 25.024785, 16.877945, 0.203141, 0.052382, 0.790775, 0.470630, 48269.573077, 2179.448420 
93.395849, 15.749979, 17.858951, 0.178955, 0.059301, 1.556904, 0.109194, 38768.107756, 2387.532615 
73.376842, 32.458036, 13.414595, 0.153091, 0.060857, 1.757131, 1.068666, 64136.189254, 2137.471183 
61.704038, 32.542463, 13.873445, 0.153570, 0.068132, 1.866596, 1.183354, 70903.967865, 2107.703196 
25.824484, 1.626999, 1.155254, 0.015416, 0.071842, 0.145612, 0.145612, 2000000000000000.000000, 1000000000000000.000000 
59.349668, 31.879893, 15.025465, 0.163845, 0.052005, 1.791544, 1.129027, 65492.062913, 2109.904261 
47.451546, 6.925629, 3.588299, 0.068943, 0.152943, 0.686289, 0.686289, 605348.906274, 7760.351573 
101.125489, 22.300154, 18.414189, 0.253909, 0.053156, 0.910537, 0.392518, 34762.265571, 2359.909177 
95.319457, 21.769589, 18.176974, 0.264309, 0.062336, 0.770792, 0.640670, 39779.371802, 2298.897522 
57.242779, 9.324481, 4.689813, 0.093176, 0.189660, 0.931069, 0.931069, 368342.874922, 4942.015426 
36.520176, 4.247443, 2.358520, 0.041887, 0.111951, 0.413004, 0.413004, 2000000000000000.000000, 1000000000000000.000000 
32.757169, 3.325506, 1.935181, 0.032574, 0.097839, 0.318929, 0.318929, 2000000000000000.000000, 1000000000000000.000000 
76.836414, 24.434608, 17.015986, 0.212467, 0.054905, 0.499124, 0.583934, 51901.205726, 2173.610572 
62.424852, 32.699317, 13.593440, 0.154705, 0.061759, 1.674946, 1.176092, 70167.727415, 2109.004886 
87.330074, 22.762261, 17.070515, 0.307571, 0.056459, 0.567706, 0.363631, 42180.287416, 2226.003875 
91.922207, 22.379391, 17.182376, 0.254588, 0.060880, 0.723135, 0.451699, 42114.757530, 2257.211035 
58.796293, 30.595629, 14.905827, 0.162777, 0.051660, 1.627578, 1.087826, 67437.646771, 2117.167947 
36.389438, 4.215412, 2.343812, 0.041564, 0.111460, 0.409736, 0.409736, 2000000000000000.000000, 1000000000000000.000000 
77.996137, 23.255633, 16.686170, 0.187190, 0.059884, 0.455720, 0.382850, 53467.631069, 2186.618979 
87.695632, 23.415907, 17.231229, 0.306952, 0.064194, 0.682059, 0.336725, 42178.444778, 2226.602467 
97.626869, 17.783222, 17.950268, 0.193891, 0.055164, 1.566672, 0.125452, 35595.958198, 2347.733302 
82.564299, 27.699201, 13.621851, 0.261239, 0.055043, 1.387189, 0.471537, 51995.223982, 2168.067358 
45.374019, 6.416635, 3.354577, 0.063801, 0.145153, 0.634350, 0.634350, 2000000000000000.000000, 1000000000000000.000000 
86.628692, 24.321526, 16.523201, 0.204297, 0.061509, 0.802118, 0.476086, 47744.885163, 2209.635369 
87.168793, 23.722103, 16.582418, 0.215593, 0.052070, 0.574081, 0.259183, 44673.239764, 2215.348915 
70.658954, 26.468882, 13.689257, 0.253675, 0.056410, 1.487553, 0.244902, 57443.424954, 2140.016729 
38.033336, 4.618167, 2.528750, 0.045633, 0.117625, 0.450833, 0.450833, 2000000000000000.000000, 1000000000000000.000000 
55.341621, 33.685712, 14.203260, 0.151013, 0.058492, 1.888686, 1.199988, 72257.307101, 2111.118672 
86.862321, 23.672402, 17.369055, 0.259917, 0.055688, 0.864295, 0.519076, 42890.871360, 2222.461441 
58.823284, 31.122360, 14.547508, 0.173363, 0.062776, 1.657146, 1.089912, 69407.033789, 2113.032129 
89.403177, 24.272497, 17.203337, 0.267964, 0.054974, 0.711985, 0.622345, 42669.137208, 2236.080646 
47.208052, 6.865973, 3.560906, 0.068340, 0.152030, 0.680201, 0.680201, 615108.974440, 7875.610131 
60.047671, 32.610085, 14.116451, 0.154808, 0.059581, 1.924977, 1.123648, 68672.968196, 2107.075180 
43.199392, 5.883851, 3.109932, 0.058418, 0.136998, 0.579985, 0.579985, 2000000000000000.000000, 1000000000000000.000000 
111.631394, 16.033467, 17.954221, 0.233659, 0.071612, 2.060437, 0.025816, 29065.000473, 2488.896742 
113.703226, 15.854045, 17.604600, 0.225255, 0.059160, 1.891511, 0.040879, 28246.521975, 2510.740195 
80.529140, 26.881887, 13.792114, 0.262754, 0.050865, 1.486638, 0.482038, 51825.823024, 2160.114431 
102.132345, 21.895020, 18.141089, 0.262025, 0.059528, 0.762021, 0.623018, 37149.628270, 2363.529059 
28.242035, 2.219299, 1.427229, 0.021399, 0.080908, 0.206051, 0.206051, 2000000000000000.000000, 1000000000000000.000000 
29.827012, 2.607618, 1.605539, 0.025322, 0.086851, 0.245675, 0.245675, 2000000000000000.000000, 1000000000000000.000000 
116.301579, 14.752719, 17.345646, 0.235274, 0.057432, 2.031562, 0.062182, 26840.796034, 2554.043303 
87.464426, 24.057948, 17.492424, 0.205022, 0.062358, 0.736531, 0.361229, 45067.464524, 2227.046103 
83.808939, 24.994435, 17.126265, 0.212657, 0.059713, 0.637720, 0.421866, 47189.580906, 2199.002469 
97.355368, 23.424198, 18.270707, 0.271943, 0.073792, 0.739327, 0.416576, 39274.681007, 2321.677157 
88.365635, 24.734543, 16.759978, 0.212597, 0.058474, 0.556177, 0.418397, 46068.670855, 2222.830192 
80.491781, 26.493074, 13.492499, 0.258459, 0.067849, 1.480465, 0.437200, 54690.493387, 2162.779579 
33.637286, 3.541135, 2.034195, 0.034752, 0.101140, 0.340932, 0.340932, 2000000000000000.000000, 1000000000000000.000000 
97.446595, 24.482019, 17.125211, 0.269655, 0.059948, 0.808128, 0.547090, 40038.938343, 2302.892984 
76.562708, 25.508164, 16.974776, 0.203325, 0.065405, 0.547031, 0.627577, 54530.788582, 2164.571928 
97.979013, 15.887264, 17.142696, 0.209262, 0.072825, 1.422350, 0.133336, 38626.854320, 2391.234690 
63.774188, 33.136350, 13.409310, 0.146248, 0.052770, 1.563605, 1.091299, 68113.832806, 2111.937466 
67.198369, 32.239597, 13.650164, 0.141510, 0.060529, 1.606727, 1.152266, 68625.636430, 2116.110171 
58.657878, 31.694971, 14.031118, 0.167755, 0.068562, 1.454594, 1.178274, 73567.915252, 2110.806871 
83.214292, 26.749521, 13.603336, 0.248829, 0.051175, 1.429022, 0.472058, 51672.465361, 2172.941192 
26.704916, 1.842704, 1.254303, 0.017595, 0.075143, 0.167623, 0.167623, 2000000000000000.000000, 1000000000000000.000000 
88.895156, 23.531626, 17.438711, 0.265671, 0.052396, 0.846402, 0.529069, 41339.597209, 2236.518676 
101.210278, 24.003661, 18.311071, 0.266059, 0.050365, 0.757275, 0.467519, 35176.969990, 2367.668732 
81.322371, 24.008973, 16.498663, 0.202859, 0.061188, 0.744551, 0.325511, 49517.552649, 2185.637640 
89.091533, 24.243676, 16.351934, 0.257085, 0.051385, 0.762641, 0.503533, 43596.313275, 2223.299906 
44.653656, 6.240146, 3.273536, 0.062018, 0.142451, 0.616341, 0.616341, 2000000000000000.000000, 1000000000000000.000000 
94.248141, 23.972807, 18.017814, 0.251796, 0.071529, 0.722531, 0.494180, 41838.240624, 2288.798880 
71.760948, 33.096037, 12.988197, 0.150373, 0.060915, 1.699965, 1.210723, 67512.120219, 2134.879290 
70.789321, 32.967378, 13.541783, 0.151754, 0.060025, 1.703583, 1.073250, 64892.783232, 2129.928667 
71.014185, 33.654473, 13.737282, 0.147922, 0.055125, 1.712481, 1.212850, 64037.075871, 2134.944407 
22.174517, 0.732757, 0.744633, 0.006382, 0.058154, 0.054363, 0.054363, 2000000000000000.000000, 1000000000000000.000000 
113.226211, 17.200156, 18.215293, 0.188893, 0.071177, 1.637799, 0.182311, 32171.768729, 2501.875329 
100.792557, 21.233840, 18.067537, 0.257001, 0.068034, 0.730395, 0.583413, 39040.176768, 2347.497340 
58.275579, 9.577517, 4.806003, 0.095732, 0.193533, 0.956889, 0.956889, 353748.482575, 4767.606030 
95.971438, 15.376213, 18.395614, 0.183167, 0.060150, 1.583320, 0.143462, 36510.777335, 2402.921694 
84.287013, 25.479333, 16.891375, 0.219499, 0.058369, 0.765571, 0.338702, 45902.944580, 2198.543402 
72.837401, 31.714875, 13.868257, 0.135365, 0.063436, 1.743524, 0.999120, 65238.256698, 2132.409414 
