34.522803, 3.758087, 2.133815, 0.036944, 0.104461, 0.363070, 0.363070, 2000000000000000.000000, 1000000000000000.000000 
56.850583, 11.972322, 5.439778, 0.102805, 0.058237, 1.047106, 0.945834, 196091.713163, 3991.388735 
25.517539, 1.551797, 1.120723, 0.014656, 0.070691, 0.137938, 0.137938, 2000000000000000.000000, 1000000000000000.000000 
61.279497, 11.870383, 6.040980, 0.099947, 0.070686, 0.890888, 1.185028, 193868.979386, 3782.818043 
47.500694, 6.937670, 3.593828, 0.069064, 0.153128, 0.687517, 0.687517, 603415.338377, 7737.509960 
65.221115, 11.492544, 5.698406, 0.109688, 0.072184, 0.560750, 0.996699, 190714.481282, 3820.645636 
61.070459, 13.278916, 6.274808, 0.101870, 0.052666, 0.818787, 0.793499, 160462.821418, 3482.653348 
62.890614, 12.658796, 6.124038, 0.002242, 0.071317, 0.991780, 0.990249, 883429.023358, 3571.232232 
31.971988, 3.133137, 1.846849, 0.030631, 0.094895, 0.299300, 0.299300, 2000000000000000.000000, 1000000000000000.000000 
58.360635, 12.524127, 5.867578, 0.027971, 0.056522, 1.290173, 1.117303, 277676.008951, 3754.106355 
64.480979, 13.897799, 5.624876, 0.015231, 0.056333, 1.465503, 1.048155, 327587.511548, 3454.736539 
65.819087, 12.687654, 5.629845, 0.002766, 0.070654, 1.022880, 0.895092, 805652.761006, 3606.578796 
62.209106, 13.743030, 6.179548, 0.023989, 0.059450, 1.148871, 0.836714, 259745.564179, 3401.189765 
56.276774, 13.255535, 5.806825, 0.098595, 0.055171, 1.089356, 0.899819, 180365.807693, 3683.094314 
55.312275, 11.382233, 5.757049, 0.103886, 0.060980, 0.956202, 1.032867, 206467.241239, 4174.517884 
63.697455, 12.617675, 6.321262, 0.020691, 0.065275, 1.189293, 0.843865, 295069.270034, 3531.396348 
37.421357, 4.468232, 2.459903, 0.044118, 0.115330, 0.435534, 0.435534, 2000000000000000.000000, 1000000000000000.000000 
74.906869, 9.838327, 5.929073, 0.125028, 0.057311, 0.775100, 0.956840, 156208.439309, 3971.100401 
57.620040, 12.687554, 5.873445, 0.014401, 0.055571, 1.252525, 1.032856, 372946.229720, 3742.583321 
20.435120, 0.306604, 0.548951, 0.002077, 0.051632, 0.010878, 0.010878, 2000000000000000.000000, 1000000000000000.000000 
64.687518, 11.687450, 5.836202, 0.022716, 0.060107, 0.833133, 0.938143, 312663.179883, 3766.142885 
61.127498, 13.799504, 6.641065, 0.014467, 0.057790, 1.248097, 1.035504, 333899.034722, 3349.409457 
65.443679, 8.688972, 6.028061, 0.137976, 0.055617, 1.095231, 0.968988, 178129.053683, 4665.698628 
64.689109, 14.044755, 5.924555, 0.021153, 0.062891, 1.491110, 1.143199, 290442.555988, 3368.274065 
60.634683, 12.313745, 4.976795, 0.023445, 0.065356, 1.155630, 1.061333, 344405.274538, 3924.803061 
60.486700, 13.178436, 6.070217, 0.104198, 0.059949, 0.901287, 0.826019, 168762.222180, 3543.629854 
52.345602, 8.124673, 4.138880, 0.081055, 0.171296, 0.808640, 0.808640, 458244.146517, 6015.124688 
63.060874, 9.329123, 5.449916, 0.126574, 0.052176, 0.845384, 0.753941, 187416.650259, 4551.773596 
61.720466, 12.430873, 5.220891, 0.115687, 0.055833, 0.461344, 0.991174, 188575.308378, 3816.990042 
58.860872, 12.828138, 6.157375, 0.016150, 0.080669, 1.280431, 1.047711, 410420.203162, 3638.412397 
63.797158, 13.414652, 7.275547, 0.017546, 0.051288, 1.246762, 1.103204, 276736.254403, 3283.795211 
54.274825, 8.597332, 4.355918, 0.085830, 0.178531, 0.856871, 0.856871, 418028.880688, 5535.529990 
55.789248, 10.926237, 6.075974, 0.109741, 0.053251, 0.996467, 0.803950, 192462.171179, 4286.889500 
54.378442, 13.304988, 6.228331, 0.029043, 0.055895, 1.091970, 0.848131, 261355.335016, 3687.897979 
72.762164, 9.506350, 5.815373, 0.122086, 0.058862, 0.577054, 0.991488, 169779.883797, 4125.165703 
43.004025, 5.835986, 3.087953, 0.057935, 0.136265, 0.575101, 0.575101, 2000000000000000.000000, 1000000000000000.000000 
45.413910, 6.426408, 3.359065, 0.063899, 0.145302, 0.635348, 0.635348, 2000000000000000.000000, 1000000000000000.000000 
63.470424, 13.927392, 5.886204, 0.017124, 0.051043, 1.334242, 1.190591, 305138.526007, 3408.173416 
66.228967, 10.640985, 5.474745, 0.089848, 0.054287, 1.175359, 0.794430, 179881.562721, 4037.006474 
28.279987, 2.228597, 1.431499, 0.021493, 0.081050, 0.207000, 0.207000, 2000000000000000.000000, 1000000000000000.000000 
64.863982, 12.114566, 5.995540, 0.108935, 0.064608, 0.918361, 1.106680, 173482.381310, 3650.123623 
66.502442, 13.144505, 4.508674, 0.053306, 0.072687, 0.887308, 1.050315, 259944.435718, 3879.987665 
65.293164, 7.931712, 6.024103, 0.131614, 0.057282, 1.152992, 1.091131, 193560.054403, 5097.007778 
58.852589, 11.942841, 5.448699, 0.101791, 0.069854, 1.105968, 1.021679, 200619.667497, 3932.514589 
58.704564, 12.797570, 5.751617, 0.105472, 0.071368, 1.147971, 0.866738, 184633.341884, 3708.466014 
63.335658, 11.924136, 6.293159, 0.031029, 0.055048, 1.241785, 1.096943, 246814.110443, 3680.003135 
36.556614, 4.256371, 2.362619, 0.041978, 0.112087, 0.413915, 0.413915, 2000000000000000.000000, 1000000000000000.000000 
56.273031, 13.421830, 5.956186, 0.012503, 0.068843, 1.376075, 1.003365, 425061.636015, 3630.561229 
61.087553, 14.254872, 6.525006, 0.015292, 0.051420, 1.262666, 1.068885, 305143.945376, 3298.130317 
60.690361, 10.826837, 5.870490, 0.103094, 0.063287, 1.002249, 0.792556, 188371.031445, 4091.921876 
25.440409, 1.532900, 1.112046, 0.014465, 0.070402, 0.136010, 0.136010, 2000000000000000.000000, 1000000000000000.000000 
26.935184, 1.899120, 1.280208, 0.018165, 0.076007, 0.173380, 0.173380, 2000000000000000.000000, 1000000000000000.000000 
57.485674, 10.237774, 6.479377, 0.117936, 0.055918, 1.035881, 0.854502, 190252.161274, 4462.102853 
32.930449, 3.367960, 1.954675, 0.033003, 0.098489, 0.323261, 0.323261, 2000000000000000.000000, 1000000000000000.000000 
69.999452, 11.392789, 4.856189, 0.114357, 0.053939, 0.766565, 1.002160, 182991.792577, 3985.792344 
59.872410, 9.968740, 4.985646, 0.099684, 0.199522, 0.996810, 0.996810, 333381.246379, 4524.288865 
51.222723, 7.849567, 4.012556, 0.078276, 0.167085, 0.780568, 0.780568, 485398.690617, 6338.405718 
53.548624, 8.419413, 4.274220, 0.084033, 0.175807, 0.838716, 0.838716, 432311.900874, 5705.967311 
67.646991, 13.916604, 6.260895, 0.019464, 0.058224, 1.316501, 0.965709, 272065.412066, 3283.299564 
67.611762, 10.799550, 6.501828, 0.030299, 0.060708, 1.208758, 1.038020, 255975.126968, 3799.842995 
69.159735, 14.585668, 7.138187, 0.021445, 0.055304, 1.239365, 1.034346, 236219.944367, 3052.728281 
66.862663, 10.630010, 5.844540, 0.083988, 0.056150, 1.118258, 0.748302, 175682.401032, 3954.984654 
55.222471, 11.998448, 5.899987, 0.105191, 0.064327, 1.119169, 0.831799, 193681.513620, 3990.974992 
65.011489, 9.230070, 5.476336, 0.128135, 0.055543, 1.097052, 1.042071, 186284.669179, 4505.573782 
60.026449, 12.223561, 5.805739, 0.022067, 0.051774, 1.286646, 1.152259, 299355.040204, 3777.052956 
36.963116, 4.355963, 2.408351, 0.042984, 0.113612, 0.424078, 0.424078, 2000000000000000.000000, 1000000000000000.000000 
61.366779, 12.997892, 6.198085, 0.031488, 0.063348, 1.223745, 1.031296, 253880.646796, 3534.858337 
59.590192, 12.671676, 6.570141, 0.024021, 0.056351, 0.920236, 0.763806, 268141.555769, 3602.724834 
71.957453, 12.163122, 4.229747, 0.123645, 0.061953, 0.722070, 1.012000, 200944.859538, 4103.696986 
55.724340, 13.543857, 6.306656, 0.031798, 0.059454, 1.063262, 0.850772, 250537.401134, 3582.894320 
46.369550, 6.660540, 3.466574, 0.066265, 0.148886, 0.659239, 0.659239, 651190.388895, 8301.145951 
56.487386, 13.646313, 6.141463, 0.010378, 0.057107, 1.441692, 0.991865, 410319.746363, 3558.739288 
62.552899, 14.127308, 6.293687, 0.012319, 0.051521, 1.225849, 1.088196, 347527.561685, 3322.757093 
73.033499, 12.364603, 4.708610, 0.120167, 0.068046, 0.622014, 0.960450, 188860.861222, 3860.933109 
25.154471, 1.462846, 1.079878, 0.013757, 0.069329, 0.128862, 0.128862, 2000000000000000.000000, 1000000000000000.000000 
25.967064, 1.661931, 1.171295, 0.015768, 0.072376, 0.149177, 0.149177, 2000000000000000.000000, 1000000000000000.000000 
31.156121, 2.933250, 1.755064, 0.028611, 0.091835, 0.278903, 0.278903, 2000000000000000.000000, 1000000000000000.000000 
48.907303, 7.282289, 3.752072, 0.072546, 0.158402, 0.722683, 0.722683, 552767.049235, 7138.265201 
57.324500, 12.437331, 5.858847, 0.111225, 0.054309, 1.072316, 0.826158, 176292.599628, 3807.061609 
62.336473, 13.136807, 5.467038, 0.117492, 0.060527, 0.800486, 0.991046, 176312.316887, 3629.628601 
60.975516, 14.178234, 7.054809, 0.031634, 0.051291, 1.292975, 1.063212, 209706.064952, 3250.155678 
61.023213, 11.602283, 6.224581, 0.022749, 0.069427, 0.920017, 0.909320, 334242.967932, 3832.357587 
52.165972, 11.847653, 6.144821, 0.103733, 0.072530, 1.106430, 0.852016, 211861.147418, 4195.735849 
57.380104, 12.129662, 5.473310, 0.107539, 0.061278, 0.999191, 1.013148, 195091.865384, 3932.147300 
58.117407, 9.538765, 4.788208, 0.095341, 0.192940, 0.952935, 0.952935, 355906.420049, 4793.392948 
59.523968, 11.974682, 5.430753, 0.097907, 0.061342, 0.986587, 1.057105, 197079.985944, 3909.803826 
63.673169, 12.061871, 6.210796, 0.021738, 0.061889, 1.255443, 1.044608, 303071.985383, 3653.776657 
63.388853, 11.586400, 5.017506, 0.102683, 0.056959, 1.053677, 0.945043, 191177.173773, 3997.478135 
58.913972, 13.163186, 6.344748, 0.017671, 0.059012, 1.338361, 0.957566, 315037.916991, 3549.910454 
20.085807, 0.221023, 0.509653, 0.001212, 0.050322, 0.002145, 0.002145, 2000000000000000.000000, 1000000000000000.000000 
64.714848, 13.329715, 5.901208, 0.007353, 0.051390, 1.498724, 1.194882, 470669.990563, 3469.075475 
55.312904, 13.168860, 6.625877, 0.032384, 0.071162, 1.062204, 0.799021, 266933.999612, 3650.431828 
67.344510, 11.035001, 5.894773, 0.023168, 0.059921, 0.663145, 0.788856, 304463.447223, 3838.237265 
30.073427, 2.667990, 1.633261, 0.025932, 0.087775, 0.251836, 0.251836, 2000000000000000.000000, 1000000000000000.000000 
60.719842, 11.341045, 6.181684, 0.101015, 0.051863, 0.966801, 0.747755, 171976.229111, 3914.740377 
37.797252, 4.560327, 2.502191, 0.045048, 0.116740, 0.444931, 0.444931, 2000000000000000.000000, 1000000000000000.000000 
66.604108, 13.682948, 6.840903, 0.024772, 0.056319, 1.293623, 1.097196, 239680.856204, 3237.228531 
56.620771, 10.629604, 6.245529, 0.101537, 0.060593, 0.896891, 0.891276, 203435.394500, 4347.600515 
67.981227, 11.809714, 5.498538, 0.118768, 0.064705, 0.975320, 0.800681, 168290.495253, 3752.725788 
68.850780, 11.251414, 6.019422, 0.124031, 0.054914, 0.785744, 0.886092, 156061.206037, 3738.485063 
64.530936, 11.541614, 5.644939, 0.097915, 0.060451, 1.033657, 1.054413, 182933.018918, 3835.754232 
62.167086, 14.467609, 6.712972, 0.016658, 0.062122, 1.346387, 1.021459, 304747.179667, 3223.433446 
67.752404, 12.789029, 5.166110, 0.103442, 0.056254, 0.902227, 0.865032, 174175.859280, 3686.909306 
69.000101, 10.647846, 5.927321, 0.120418, 0.070230, 0.686054, 0.960918, 174615.193758, 3886.579253 
65.799312, 9.750615, 5.992027, 0.131175, 0.051910, 1.114247, 1.024746, 167518.851814, 4223.526753 
54.749598, 12.987590, 5.559886, 0.017140, 0.053684, 1.246505, 1.015366, 348915.132495, 3822.804338 
61.597632, 12.324790, 6.513820, 0.032812, 0.079324, 1.175276, 0.808340, 264144.536140, 3618.572079 
45.171477, 6.367012, 3.331791, 0.063299, 0.144393, 0.629287, 0.629287, 2000000000000000.000000, 1000000000000000.000000 
21.845786, 0.652218, 0.707651, 0.005568, 0.056922, 0.046145, 0.046145, 2000000000000000.000000, 1000000000000000.000000 
57.639106, 14.168488, 5.738229, 0.101839, 0.056138, 0.983099, 0.944111, 174759.793722, 3509.980252 
67.141569, 12.192734, 4.839075, 0.110370, 0.055889, 0.957142, 0.896072, 182929.559401, 3887.344735 
66.357517, 12.918440, 4.387413, 0.050581, 0.050707, 0.831579, 1.050206, 240264.950008, 3962.872825 
58.944815, 12.734679, 5.726954, 0.018892, 0.061314, 1.270633, 1.162486, 350725.449124, 3718.131740 
64.122173, 12.469289, 5.831439, 0.119986, 0.060782, 0.717730, 1.006155, 169988.899854, 3629.886723 
63.555234, 13.746658, 6.970101, 0.039409, 0.056334, 1.275247, 1.048476, 197221.281814, 3267.078935 
65.288799, 13.790619, 6.431196, 0.008747, 0.054676, 1.160834, 0.860794, 394034.437238, 3302.037335 
71.239195, 11.210952, 4.787848, 0.132012, 0.053450, 0.870599, 1.077430, 177997.491180, 4029.766157 
61.514555, 13.115580, 6.670232, 0.016668, 0.051434, 1.242359, 1.091548, 304121.496106, 3450.671917 
46.118757, 6.599095, 3.438360, 0.065644, 0.147945, 0.652969, 0.652969, 2000000000000000.000000, 1000000000000000.000000 
59.580599, 11.204448, 6.103740, 0.020328, 0.063037, 1.317582, 1.066345, 348094.418699, 4004.295669 
65.369533, 10.287183, 6.014662, 0.086521, 0.054336, 1.179275, 0.824928, 177236.784159, 4066.328717 
41.223625, 5.399788, 2.887658, 0.053528, 0.129589, 0.530591, 0.530591, 2000000000000000.000000, 1000000000000000.000000 
59.766259, 13.103023, 6.180565, 0.033832, 0.055882, 1.190721, 0.724955, 222797.621877, 3558.462602 
58.164913, 12.693855, 5.581699, 0.103486, 0.071332, 0.962233, 1.033796, 197112.461125, 3772.783194 
69.694394, 9.679953, 5.175541, 0.134420, 0.055119, 1.067215, 1.042944, 175951.608074, 4282.378212 
60.721856, 13.167610, 6.866945, 0.025658, 0.077125, 1.185200, 0.722299, 271862.847721, 3443.334098 
69.074007, 11.986922, 5.643035, 0.130751, 0.072890, 0.852463, 0.892381, 167003.080730, 3672.452796 
57.166312, 10.807692, 5.711720, 0.028779, 0.050443, 1.334801, 0.882975, 277494.450291, 4268.207872 
