60.283886, 30.831974, 13.643130, 0.139793, 0.055371, 1.603819, 1.480547, 74726.454986, 2113.388906 
88.867102, 21.498994, 16.845369, 0.256973, 0.061409, 0.883329, 1.185351, 47552.812724, 2242.487891 
90.670301, 20.912047, 17.487433, 0.218534, 0.052307, 0.754244, 0.553412, 42567.513813, 2263.116466 
64.770283, 31.647063, 12.880937, 0.135177, 0.068519, 1.807836, 1.334453, 76201.705762, 2115.436977 
64.493716, 32.423639, 12.623766, 0.140553, 0.063354, 1.579379, 1.284393, 75375.617790, 2117.351863 
59.071372, 9.772486, 4.895529, 0.097702, 0.196518, 0.976784, 0.976784, 343286.923304, 4642.607271 
58.502707, 9.633163, 4.831555, 0.096294, 0.194385, 0.962568, 0.962568, 350696.339480, 4731.134814 
48.561233, 7.197502, 3.713139, 0.071689, 0.157105, 0.714031, 0.714031, 564441.409818, 7276.549773 
35.573840, 4.015591, 2.252057, 0.039545, 0.108402, 0.389346, 0.389346, 2000000000000000.000000, 1000000000000000.000000 
92.298259, 19.800342, 16.522675, 0.238175, 0.057791, 0.913199, 0.959575, 45609.346450, 2279.202115 
66.102556, 31.176399, 12.946357, 0.128557, 0.051813, 1.635555, 1.293765, 71711.599043, 2116.838997 
125.439068, 16.465047, 17.649166, 0.181298, 0.055085, 1.108032, 0.097343, 28241.304813, 2682.081487 
114.993456, 16.609182, 17.499839, 0.204623, 0.061944, 1.319411, 0.242373, 31677.098224, 2517.451102 
57.283876, 9.334550, 4.694436, 0.093278, 0.189815, 0.932097, 0.932097, 367738.675037, 4934.794768 
26.101375, 1.694837, 1.186405, 0.016101, 0.072880, 0.152534, 0.152534, 2000000000000000.000000, 1000000000000000.000000 
54.249890, 8.591223, 4.353113, 0.085768, 0.178437, 0.856247, 0.856247, 418503.620382, 5541.196637 
26.570299, 1.809723, 1.239159, 0.017261, 0.074639, 0.164257, 0.164257, 2000000000000000.000000, 1000000000000000.000000 
99.960510, 21.889003, 16.586238, 0.268135, 0.060193, 0.916085, 0.688434, 40425.884179, 2315.188151 
25.857932, 1.635193, 1.159017, 0.015498, 0.071967, 0.146448, 0.146448, 2000000000000000.000000, 1000000000000000.000000 
39.328969, 4.935597, 2.674509, 0.048839, 0.122484, 0.483224, 0.483224, 2000000000000000.000000, 1000000000000000.000000 
53.831533, 8.488726, 4.306048, 0.084733, 0.176868, 0.845788, 0.845788, 426633.035754, 5638.214698 
91.729351, 21.544892, 17.365000, 0.221972, 0.065171, 0.659764, 0.595486, 45163.656103, 2262.668433 
93.353029, 22.500424, 17.688707, 0.211025, 0.065853, 0.596765, 0.722567, 46021.482881, 2274.086143 
81.212021, 24.529361, 13.039604, 0.232545, 0.070737, 1.351101, 0.583042, 58594.584256, 2184.270140 
120.082720, 15.707148, 17.362147, 0.199959, 0.058704, 1.222858, 0.258846, 30173.542663, 2592.552527 
89.517587, 20.120428, 17.046836, 0.224086, 0.054586, 0.687063, 0.571050, 44492.964771, 2264.682074 
112.996247, 17.938980, 17.090123, 0.198831, 0.061261, 1.190698, 0.128528, 33167.174678, 2477.107941 
102.938807, 21.766089, 16.170713, 0.262865, 0.068303, 0.886954, 0.741243, 42210.895679, 2338.002397 
97.505112, 23.115375, 17.397154, 0.257406, 0.051580, 0.878891, 0.643014, 38732.414291, 2304.665832 
133.088956, 10.219276, 17.285315, 0.199854, 0.050202, 0.717666, 0.051744, 22278.481488, 2883.086012 
56.804708, 9.217153, 4.640530, 0.092092, 0.188018, 0.920118, 0.920118, 374911.446502, 5020.512753 
68.659805, 31.329932, 12.875974, 0.149474, 0.055675, 1.768926, 1.351891, 69108.240779, 2121.798291 
32.761402, 3.326543, 1.935658, 0.032584, 0.097855, 0.319035, 0.319035, 2000000000000000.000000, 1000000000000000.000000 
67.858979, 31.162529, 13.355072, 0.139790, 0.052046, 1.566603, 1.428169, 69263.014895, 2117.076715 
65.332219, 32.445373, 12.885269, 0.142612, 0.054827, 1.649601, 1.277275, 70939.911417, 2116.224793 
132.571934, 11.353886, 17.140239, 0.203900, 0.070326, 0.783516, 0.086914, 26808.729742, 2853.555358 
39.155054, 4.892988, 2.654944, 0.048409, 0.121831, 0.478876, 0.478876, 2000000000000000.000000, 1000000000000000.000000 
52.510683, 8.165117, 4.157452, 0.081464, 0.171915, 0.812767, 0.812767, 454503.975321, 5970.559967 
121.145168, 17.030151, 16.631504, 0.206968, 0.061838, 1.180325, 0.070533, 30668.109318, 2588.120581 
65.194614, 29.341419, 13.612370, 0.136240, 0.057593, 1.664960, 1.139983, 70666.669428, 2117.513669 
23.491357, 1.055382, 0.892778, 0.009641, 0.063093, 0.087284, 0.087284, 2000000000000000.000000, 1000000000000000.000000 
48.167743, 7.101097, 3.668871, 0.070715, 0.155629, 0.704194, 0.704194, 578314.617951, 7440.755070 
92.007902, 21.975571, 17.928687, 0.218162, 0.055170, 0.665302, 0.608004, 42386.099391, 2269.137664 
86.075591, 23.109214, 15.877309, 0.254228, 0.060535, 0.757827, 1.075691, 50603.937145, 2208.312119 
112.398881, 17.406852, 16.925493, 0.218970, 0.051068, 1.068888, 0.100382, 31378.940475, 2472.425400 
47.731215, 6.994148, 3.619762, 0.069635, 0.153992, 0.693280, 0.693280, 594504.452121, 7632.210373 
40.482458, 5.218202, 2.804276, 0.051694, 0.126809, 0.512061, 0.512061, 2000000000000000.000000, 1000000000000000.000000 
98.643044, 20.439429, 15.516052, 0.266418, 0.057597, 0.785364, 0.863738, 43977.842139, 2305.985712 
86.611478, 22.361762, 17.324940, 0.252441, 0.061156, 0.914766, 1.268049, 48060.876163, 2227.766140 
121.599743, 17.534036, 17.413228, 0.233219, 0.058002, 0.918886, 0.297025, 30070.490457, 2607.108911 
58.735327, 9.690155, 4.857724, 0.096870, 0.195257, 0.968383, 0.968383, 347625.985477, 4694.448128 
98.823308, 22.155840, 16.268874, 0.262944, 0.053192, 0.974733, 0.701230, 40484.373464, 2300.670986 
97.772252, 22.329730, 17.018203, 0.265305, 0.052924, 0.820696, 0.640277, 39362.483741, 2300.852655 
89.728728, 22.515857, 17.486211, 0.224881, 0.069453, 0.664291, 0.602489, 46419.246710, 2245.858352 
134.242597, 10.666111, 17.193459, 0.190417, 0.068669, 0.678878, 0.022790, 26258.820112, 2897.979232 
63.094711, 32.596429, 12.579425, 0.142945, 0.051159, 1.649851, 1.296283, 72255.593750, 2116.445809 
107.945097, 17.359084, 17.870077, 0.216552, 0.060201, 1.248920, 0.041466, 31677.686317, 2435.017600 
93.590229, 22.749127, 15.276924, 0.269946, 0.059262, 0.613670, 0.201410, 43818.750974, 2250.675891 
53.945789, 8.516718, 4.318901, 0.085016, 0.177297, 0.848645, 0.848645, 424381.629844, 5611.349206 
120.366236, 16.812464, 17.001758, 0.226627, 0.070475, 1.012868, 0.141486, 31485.203267, 2583.185219 
120.392384, 17.003605, 17.275275, 0.232559, 0.061566, 0.990910, 0.280931, 30630.694290, 2587.011925 
109.433300, 16.098806, 17.447519, 0.210497, 0.060683, 1.575980, 0.101187, 31462.944668, 2461.240419 
99.027293, 20.694535, 16.806314, 0.283502, 0.063099, 0.411168, 0.707444, 41954.046407, 2315.088697 
87.197659, 23.303591, 16.107601, 0.238567, 0.058731, 0.779275, 0.889387, 48849.783404, 2213.768883 
20.378795, 0.292805, 0.542614, 0.001938, 0.051420, 0.009470, 0.009470, 2000000000000000.000000, 1000000000000000.000000 
94.787764, 20.323617, 16.043988, 0.245940, 0.064037, 0.946367, 1.029585, 46685.831979, 2283.482849 
119.147109, 17.633616, 16.628916, 0.207560, 0.055420, 1.107543, 0.064928, 30702.762433, 2554.558896 
102.670888, 22.226310, 17.607648, 0.264489, 0.053033, 0.778818, 0.738213, 37309.771663, 2358.769833 
92.757205, 22.190462, 16.630614, 0.260303, 0.062755, 0.838845, 1.269631, 47075.850832, 2257.868421 
63.840712, 32.823999, 12.835562, 0.137715, 0.060252, 1.874804, 1.430920, 74048.271169, 2114.881319 
59.545774, 9.888715, 4.948900, 0.098876, 0.198297, 0.988644, 0.988644, 337348.184150, 4571.666140 
85.685371, 22.632678, 17.201889, 0.253064, 0.070607, 0.890649, 1.354955, 51258.383362, 2220.065283 
68.464968, 32.437493, 13.244423, 0.150552, 0.058387, 1.727780, 1.389857, 68663.226290, 2120.956694 
113.959397, 18.585523, 16.692417, 0.199267, 0.052133, 1.159975, 0.116870, 32502.458265, 2479.739632 
84.946514, 20.575146, 17.374412, 0.212474, 0.054371, 0.520722, 0.677979, 48043.646450, 2245.274811 
116.316724, 16.465670, 16.613465, 0.220045, 0.053506, 0.998376, 0.180657, 31286.707012, 2526.408559 
86.042888, 25.235139, 16.019668, 0.237438, 0.063021, 0.786433, 0.954746, 50617.448607, 2199.502457 
27.134663, 1.947992, 1.302650, 0.018658, 0.076755, 0.178367, 0.178367, 2000000000000000.000000, 1000000000000000.000000 
121.607283, 17.297310, 17.934816, 0.197026, 0.055729, 1.213427, 0.207155, 28973.869463, 2619.903804 
57.956067, 9.499236, 4.770058, 0.094941, 0.192335, 0.948902, 0.948902, 358135.538671, 4820.031498 
20.298521, 0.273138, 0.533584, 0.001739, 0.051119, 0.007463, 0.007463, 2000000000000000.000000, 1000000000000000.000000 
89.517933, 20.969099, 17.520732, 0.223406, 0.057611, 0.677746, 0.711853, 45023.406557, 2256.904904 
33.351106, 3.471021, 2.001999, 0.034044, 0.100067, 0.333778, 0.333778, 2000000000000000.000000, 1000000000000000.000000 
39.342475, 4.938906, 2.676028, 0.048873, 0.122534, 0.483562, 0.483562, 2000000000000000.000000, 1000000000000000.000000 
32.375619, 3.232027, 1.892257, 0.031630, 0.096409, 0.309390, 0.309390, 2000000000000000.000000, 1000000000000000.000000 
66.088752, 28.880469, 12.545891, 0.134058, 0.077570, 1.638502, 1.244121, 80833.869347, 2130.252621 
123.543916, 16.794108, 17.626377, 0.183709, 0.071639, 1.119545, 0.217636, 32613.497706, 2646.686399 
85.026389, 21.904537, 17.592137, 0.213836, 0.054716, 0.662753, 0.664849, 46664.623250, 2227.924567 
20.964122, 0.436210, 0.608464, 0.003386, 0.053615, 0.024103, 0.024103, 2000000000000000.000000, 1000000000000000.000000 
85.703619, 21.079587, 16.954514, 0.248071, 0.064965, 1.020452, 1.183187, 49555.100798, 2236.127265 
101.502823, 23.410010, 17.203912, 0.251673, 0.052849, 0.839035, 0.601536, 38172.160882, 2341.256852 
69.538549, 28.098524, 12.838647, 0.142428, 0.050768, 1.780992, 1.259546, 68763.954516, 2133.159986 
37.062062, 4.380205, 2.419482, 0.043229, 0.113983, 0.426552, 0.426552, 2000000000000000.000000, 1000000000000000.000000 
124.502031, 12.200791, 16.722705, 0.207475, 0.050647, 1.110634, 0.315899, 27020.092621, 2704.769307 
98.748031, 20.123279, 16.762937, 0.286833, 0.075685, 0.331834, 0.639793, 44047.683978, 2316.783319 
55.869772, 31.837053, 13.397908, 0.125564, 0.054935, 1.563212, 1.592581, 81315.720201, 2120.050730 
22.097822, 0.713966, 0.736005, 0.006192, 0.057867, 0.052446, 0.052446, 2000000000000000.000000, 1000000000000000.000000 
88.405333, 22.025108, 17.024724, 0.256386, 0.057139, 0.785124, 1.195224, 46959.369100, 2236.652256 
44.597080, 6.226285, 3.267172, 0.061878, 0.142239, 0.614927, 0.614927, 2000000000000000.000000, 1000000000000000.000000 
57.390787, 30.228948, 13.336050, 0.118085, 0.055953, 1.535399, 1.574822, 83123.187115, 2127.975018 
83.992886, 22.690233, 17.118101, 0.252239, 0.058316, 0.930830, 1.381282, 49598.013011, 2211.690381 
87.860252, 21.115297, 16.329521, 0.255971, 0.062445, 0.904070, 1.161671, 49188.946456, 2239.890016 
59.141745, 30.834736, 14.052615, 0.133508, 0.057041, 1.514013, 1.512810, 76618.954017, 2114.278403 
34.813440, 3.829293, 2.166512, 0.037663, 0.105550, 0.370336, 0.370336, 2000000000000000.000000, 1000000000000000.000000 
98.511584, 21.381355, 15.666811, 0.263464, 0.065732, 0.705864, 0.143840, 41300.984194, 2297.135773 
25.068715, 1.441835, 1.070230, 0.013545, 0.069008, 0.126718, 0.126718, 2000000000000000.000000, 1000000000000000.000000 
89.913282, 19.995929, 16.255512, 0.236714, 0.054136, 0.865263, 0.958317, 46799.719244, 2265.143272 
113.020065, 15.939002, 17.529022, 0.209343, 0.051996, 1.409726, 0.271138, 30251.930999, 2501.231021 
95.446599, 21.840322, 15.206310, 0.255293, 0.058212, 0.642993, 0.167640, 43232.563948, 2269.501826 
116.985499, 16.163742, 17.506833, 0.211466, 0.056183, 1.006160, 0.071170, 29409.704198, 2547.277443 
51.899119, 8.015284, 4.088651, 0.079950, 0.169622, 0.797478, 0.797478, 468672.871084, 6139.337634 
63.702319, 32.508664, 12.921960, 0.140346, 0.068874, 1.820512, 1.412869, 76235.576618, 2113.816080 
37.202693, 4.414660, 2.435303, 0.043577, 0.114510, 0.430067, 0.430067, 2000000000000000.000000, 1000000000000000.000000 
88.683864, 20.468722, 15.891956, 0.234432, 0.053524, 0.922798, 0.994023, 48133.424393, 2251.901080 
121.928391, 11.092363, 17.067144, 0.201848, 0.061939, 0.634179, 0.204773, 29606.195328, 2698.948175 
57.615824, 29.895084, 13.537257, 0.118567, 0.057688, 1.488943, 1.565293, 83438.762904, 2129.417365 
31.186779, 2.940761, 1.758513, 0.028687, 0.091950, 0.279669, 0.279669, 2000000000000000.000000, 1000000000000000.000000 
91.382285, 21.399191, 17.925028, 0.215993, 0.065141, 0.844806, 0.568929, 43697.789868, 2267.965214 
54.690172, 8.699092, 4.402644, 0.086858, 0.180088, 0.867254, 0.867254, 410276.838296, 5442.984924 
108.795889, 16.696446, 17.248497, 0.211177, 0.057661, 1.452713, 0.297280, 33200.483694, 2445.245555 
36.647550, 4.278650, 2.372849, 0.042203, 0.112428, 0.416189, 0.416189, 2000000000000000.000000, 1000000000000000.000000 
51.223602, 7.849782, 4.012655, 0.078278, 0.167089, 0.780590, 0.780590, 485376.218268, 6338.138164 
85.089482, 21.702511, 16.882281, 0.241309, 0.053821, 0.913345, 1.111017, 48008.635668, 2224.907860 
40.628127, 5.253891, 2.820664, 0.052055, 0.127355, 0.515703, 0.515703, 2000000000000000.000000, 1000000000000000.000000 
32.401821, 3.238446, 1.895205, 0.031695, 0.096507, 0.310046, 0.310046, 2000000000000000.000000, 1000000000000000.000000 
124.146534, 12.266296, 16.719169, 0.211310, 0.052550, 1.162495, 0.248339, 26779.804780, 2698.508022 
89.673020, 21.995859, 18.102933, 0.210687, 0.052614, 0.696008, 0.654447, 43095.919491, 2255.996297 
105.615898, 22.793973, 15.752117, 0.267997, 0.070695, 0.595437, 0.229864, 40387.163213, 2357.986074 
