57.510454, 9.390061, 4.719926, 0.093838, 0.190664, 0.937761, 0.937761, 364443.459738, 4895.414569 
54.029449, 8.537215, 4.328313, 0.085223, 0.177610, 0.850736, 0.850736, 422748.130481, 5591.855620 
44.509493, 6.204826, 3.257318, 0.061661, 0.141911, 0.612737, 0.612737, 2000000000000000.000000, 1000000000000000.000000 
87.956124, 22.132795, 17.666048, 0.304272, 0.068152, 0.476611, 0.344272, 42498.562940, 2239.906729 
103.308537, 15.978454, 17.914119, 0.218316, 0.053250, 1.643259, 0.153177, 31912.975528, 2416.149773 
108.125193, 21.012125, 18.562582, 0.211506, 0.057659, 2.045124, 0.163763, 30790.455936, 2442.092149 
88.996632, 21.131718, 18.073065, 0.306125, 0.050144, 0.444904, 0.348409, 39121.108218, 2258.268299 
72.761575, 27.916003, 13.928479, 0.253275, 0.061344, 1.539246, 0.052406, 54508.500101, 2131.240573 
96.441555, 19.740550, 18.158567, 0.197142, 0.055255, 1.401522, 0.140285, 36252.695951, 2317.546208 
68.886082, 27.401698, 13.712159, 0.237858, 0.051995, 1.611208, 0.097682, 57252.310871, 2130.676258 
48.696007, 7.230522, 3.728301, 0.072023, 0.157610, 0.717400, 0.717400, 559838.067642, 7222.034092 
50.198974, 7.598749, 3.897385, 0.075742, 0.163246, 0.754974, 0.754974, 513080.535488, 6667.454282 
100.142155, 16.843512, 18.301018, 0.218286, 0.051257, 1.473172, 0.215713, 33095.355700, 2381.624009 
73.295828, 26.677320, 13.355187, 0.253491, 0.061159, 1.592364, 0.368906, 57636.552649, 2143.017864 
74.388750, 27.491786, 13.393779, 0.256529, 0.058456, 1.574191, 0.411920, 56489.722350, 2139.534644 
73.278920, 30.566975, 15.260671, 0.183566, 0.065310, 1.568296, 1.214652, 59503.703375, 2136.410821 
91.175507, 24.537303, 17.042765, 0.285560, 0.062722, 1.023627, 0.663557, 42229.398639, 2247.092437 
67.952044, 32.160876, 15.564821, 0.147019, 0.058114, 1.600023, 0.814336, 59867.344182, 2125.276315 
22.234256, 0.747393, 0.751354, 0.006530, 0.058378, 0.055856, 0.055856, 2000000000000000.000000, 1000000000000000.000000 
83.222337, 24.298294, 18.017457, 0.295141, 0.061409, 0.504768, 0.211493, 42499.491575, 2208.805952 
62.629144, 32.859089, 14.362431, 0.151179, 0.063848, 1.830947, 0.850817, 65980.325675, 2108.759557 
72.906116, 31.444035, 14.476184, 0.148210, 0.062409, 1.551461, 1.179186, 63915.452360, 2133.547474 
63.290807, 31.659434, 14.418120, 0.148428, 0.050485, 2.053097, 1.129307, 64211.068879, 2108.544340 
69.501712, 31.767512, 15.388916, 0.161388, 0.059152, 1.518168, 1.133560, 60873.857141, 2127.550082 
52.171834, 8.082099, 4.119331, 0.080625, 0.170644, 0.804296, 0.804296, 462247.747871, 6062.818309 
85.777211, 25.380656, 17.864759, 0.296605, 0.053614, 0.477179, 0.252502, 40805.632824, 2222.247237 
87.862167, 22.697113, 18.225756, 0.290135, 0.057000, 0.783949, 0.500846, 40422.997180, 2243.294827 
55.279457, 8.843467, 4.468939, 0.088317, 0.182298, 0.881986, 0.881986, 399761.331882, 5317.408537 
92.904221, 22.683717, 19.461011, 0.255400, 0.064976, 0.779825, 0.411988, 38119.168398, 2302.605407 
86.366950, 26.899292, 17.892213, 0.294799, 0.064985, 0.668292, 0.302849, 41618.026151, 2234.043160 
79.519453, 27.046365, 13.028471, 0.255599, 0.069370, 1.503410, 0.353755, 56358.231280, 2159.992741 
74.918872, 26.548610, 18.607779, 0.281193, 0.061351, 0.635822, 0.485712, 46952.120945, 2175.565977 
63.754200, 32.083917, 16.039353, 0.155470, 0.060422, 1.503791, 0.935785, 62376.832552, 2117.413749 
68.667484, 27.074239, 13.676787, 0.233798, 0.052434, 1.599740, 0.452561, 59195.168852, 2133.892619 
93.294974, 19.366631, 18.710824, 0.191947, 0.051417, 1.381237, 0.148561, 36414.084598, 2307.562736 
87.936904, 24.016592, 20.106141, 0.290473, 0.052776, 0.678283, 0.574592, 37487.110990, 2277.741036 
93.049307, 22.006808, 19.420704, 0.267262, 0.064646, 0.686089, 0.420834, 37955.450782, 2302.227921 
98.134684, 24.633636, 17.396099, 0.273955, 0.052652, 0.878847, 0.374485, 37184.016902, 2316.071874 
31.213934, 2.947414, 1.761568, 0.028754, 0.092052, 0.280348, 0.280348, 2000000000000000.000000, 1000000000000000.000000 
77.937329, 27.026127, 13.792854, 0.250228, 0.054908, 1.565857, 0.368482, 53201.284781, 2149.854785 
40.528933, 5.229589, 2.809505, 0.051809, 0.126983, 0.513223, 0.513223, 2000000000000000.000000, 1000000000000000.000000 
85.857529, 22.677001, 18.861461, 0.295504, 0.056451, 0.772921, 0.477174, 40043.941651, 2241.050499 
69.980503, 30.930657, 14.668372, 0.176608, 0.059412, 1.631929, 1.284496, 61875.398012, 2121.891794 
75.960843, 25.682692, 18.098104, 0.284060, 0.050307, 0.511237, 0.487432, 46157.484900, 2174.576049 
60.575671, 33.177596, 14.633242, 0.183076, 0.064239, 1.813711, 1.096632, 65668.979517, 2107.792830 
68.790286, 32.925150, 15.717229, 0.177935, 0.057728, 1.605442, 1.207676, 58628.175901, 2134.558091 
71.640650, 31.905871, 14.772322, 0.169270, 0.069003, 1.657360, 1.104038, 62144.485295, 2132.217425 
94.612956, 23.276835, 18.220432, 0.308174, 0.060129, 0.612257, 0.359705, 37437.265731, 2294.045796 
92.069721, 23.126645, 19.536182, 0.261951, 0.057830, 0.817081, 0.484496, 37385.669876, 2297.965218 
100.134366, 19.549389, 17.608031, 0.219842, 0.060306, 1.849288, 0.448134, 36383.297236, 2341.116524 
87.907278, 24.002226, 19.651869, 0.291953, 0.068450, 0.849438, 0.444095, 39094.850504, 2267.844603 
71.815081, 27.267397, 13.992912, 0.238616, 0.054071, 1.534041, 0.438059, 56329.677544, 2132.782136 
85.150764, 23.471840, 19.114691, 0.285936, 0.058466, 0.768246, 0.476107, 40422.389761, 2238.261986 
49.896589, 7.524664, 3.863366, 0.074994, 0.162112, 0.747415, 0.747415, 521861.132182, 6771.716355 
82.299311, 27.494473, 14.101176, 0.267747, 0.051530, 1.352921, 0.571842, 50551.163510, 2166.687978 
87.115137, 25.740767, 18.305874, 0.291288, 0.065712, 0.428149, 0.375859, 41980.609554, 2241.488766 
40.117854, 5.128874, 2.763259, 0.050792, 0.125442, 0.502946, 0.502946, 2000000000000000.000000, 1000000000000000.000000 
22.384007, 0.784082, 0.768201, 0.006900, 0.058940, 0.059600, 0.059600, 2000000000000000.000000, 1000000000000000.000000 
58.577587, 32.274114, 14.466050, 0.179170, 0.056330, 1.753679, 1.123824, 67107.319912, 2108.689602 
25.292168, 1.496581, 1.095369, 0.014098, 0.069846, 0.132304, 0.132304, 2000000000000000.000000, 1000000000000000.000000 
97.811787, 20.027147, 18.344570, 0.191461, 0.063195, 1.366155, 0.090616, 36466.630960, 2328.560532 
71.206971, 30.719044, 14.758127, 0.149160, 0.053610, 1.637650, 1.147842, 61192.603164, 2125.777045 
93.570597, 22.614549, 18.901925, 0.263071, 0.056775, 0.789480, 0.433323, 37358.597953, 2296.959213 
28.769011, 2.348408, 1.486514, 0.022703, 0.082884, 0.219225, 0.219225, 2000000000000000.000000, 1000000000000000.000000 
88.895299, 21.368390, 17.887936, 0.285481, 0.050656, 0.706790, 0.712027, 40951.810766, 2253.491524 
26.154689, 1.707899, 1.192402, 0.016233, 0.073080, 0.153867, 0.153867, 2000000000000000.000000, 1000000000000000.000000 
28.759123, 2.345985, 1.485401, 0.022679, 0.082847, 0.218978, 0.218978, 2000000000000000.000000, 1000000000000000.000000 
97.256119, 18.844644, 18.256946, 0.190901, 0.054722, 1.457383, 0.122700, 35603.676624, 2333.248858 
89.457119, 26.566155, 17.856230, 0.303935, 0.053675, 0.584300, 0.354890, 39416.112318, 2256.836470 
65.584321, 32.581678, 15.217620, 0.168556, 0.051097, 1.603982, 1.195463, 60683.908802, 2117.218295 
65.686206, 32.774346, 15.123198, 0.164504, 0.053716, 1.537521, 1.088917, 61335.704903, 2117.711474 
71.443967, 26.053729, 14.594772, 0.258344, 0.067985, 1.418183, 0.284102, 55963.876909, 2141.255835 
69.257236, 28.008269, 13.450342, 0.242387, 0.059864, 1.547042, 0.136247, 58399.124360, 2127.923134 
59.746912, 32.014225, 14.955955, 0.183511, 0.061333, 1.769706, 0.965827, 65042.691980, 2108.974497 
61.996274, 31.283446, 15.211419, 0.158382, 0.059835, 1.523199, 0.951773, 65408.553667, 2110.387431 
89.124326, 26.207613, 18.161720, 0.290827, 0.067516, 0.602104, 0.439142, 41523.475707, 2257.978457 
20.926439, 0.426977, 0.604224, 0.003293, 0.053474, 0.023161, 0.023161, 2000000000000000.000000, 1000000000000000.000000 
55.798546, 8.970644, 4.527336, 0.089601, 0.184245, 0.894964, 0.894964, 390938.297757, 5212.012921 
76.546989, 26.140127, 13.454385, 0.245101, 0.057339, 1.536018, 0.289450, 55281.474692, 2152.839255 
98.173092, 20.514560, 17.867773, 0.192874, 0.066712, 1.925336, 0.445845, 38649.405060, 2322.110606 
72.051522, 25.927082, 14.939591, 0.244620, 0.056756, 1.476076, 0.418804, 54411.255651, 2142.773168 
88.048257, 25.306030, 17.424334, 0.282009, 0.063457, 1.058193, 0.570009, 42374.684989, 2231.094304 
88.641635, 25.160565, 17.311239, 0.288529, 0.054311, 1.067107, 0.673157, 41406.627300, 2233.293117 
85.579766, 25.647998, 17.908712, 0.284971, 0.061509, 0.422124, 0.502031, 43629.254477, 2222.327396 
96.461950, 23.172990, 19.395529, 0.266619, 0.071459, 0.702187, 0.438459, 37967.610068, 2337.728200 
88.020279, 23.123591, 18.811953, 0.268069, 0.065400, 0.808218, 0.396154, 40524.435973, 2252.205581 
38.026672, 4.616535, 2.528001, 0.045616, 0.117600, 0.450667, 0.450667, 2000000000000000.000000, 1000000000000000.000000 
71.763026, 26.666486, 14.246593, 0.261182, 0.053226, 1.355575, 0.336524, 55140.388099, 2136.398470 
37.260682, 4.428867, 2.441827, 0.043720, 0.114728, 0.431517, 0.431517, 2000000000000000.000000, 1000000000000000.000000 
87.332045, 26.499729, 17.897142, 0.290406, 0.066261, 0.560560, 0.319639, 41919.533078, 2239.373952 
86.570375, 22.387068, 17.924429, 0.292941, 0.051704, 0.848253, 0.344326, 40043.330573, 2233.904655 
55.662098, 8.937214, 4.511986, 0.089264, 0.183733, 0.891552, 0.891552, 393219.221175, 5239.261973 
104.646832, 16.348774, 18.426506, 0.224133, 0.058361, 1.595522, 0.189876, 31347.703844, 2422.876436 
83.772823, 25.276576, 18.156380, 0.300249, 0.053725, 0.615575, 0.161325, 40420.262276, 2213.485673 
65.111294, 31.851151, 14.849401, 0.154728, 0.065450, 1.656918, 1.038382, 65562.990318, 2112.156288 
105.560557, 20.563550, 18.723171, 0.228866, 0.070653, 2.022072, 0.116292, 31805.389182, 2412.785809 
72.683537, 27.938744, 14.320164, 0.234294, 0.058643, 1.583260, 0.345660, 54850.616013, 2130.256377 
90.578464, 22.128965, 17.701591, 0.302049, 0.060272, 0.641235, 0.642279, 41352.139537, 2255.807698 
38.017994, 4.614408, 2.527024, 0.045595, 0.117567, 0.450450, 0.450450, 2000000000000000.000000, 1000000000000000.000000 
90.789909, 26.415081, 18.447696, 0.290483, 0.057640, 0.574079, 0.485276, 39457.372633, 2281.215458 
70.644677, 31.881201, 15.286579, 0.161022, 0.057929, 1.634795, 1.173042, 60053.557371, 2131.788077 
71.516887, 31.738535, 14.786482, 0.163695, 0.060176, 1.696898, 1.066815, 60326.554720, 2130.959124 
66.798712, 32.333931, 15.229257, 0.170823, 0.067024, 1.658026, 1.040567, 62389.837835, 2119.755072 
49.268245, 7.370720, 3.792678, 0.073439, 0.159756, 0.731706, 0.731706, 541084.127488, 6999.783521 
90.930610, 23.576263, 19.271163, 0.261942, 0.064828, 0.704771, 0.373912, 38928.646355, 2283.764104 
40.431462, 5.205708, 2.798539, 0.051568, 0.126618, 0.510787, 0.510787, 2000000000000000.000000, 1000000000000000.000000 
68.493323, 26.265843, 15.067486, 0.256994, 0.059616, 1.417193, 0.442140, 56606.150156, 2139.906540 
41.933905, 5.573807, 2.967564, 0.055286, 0.132252, 0.548348, 0.548348, 2000000000000000.000000, 1000000000000000.000000 
92.719547, 23.463822, 19.031387, 0.252531, 0.053316, 0.543833, 0.410267, 37920.747314, 2294.127854 
20.846528, 0.407399, 0.595234, 0.003095, 0.053174, 0.021163, 0.021163, 2000000000000000.000000, 1000000000000000.000000 
24.572317, 1.320218, 1.014386, 0.012316, 0.067146, 0.114308, 0.114308, 2000000000000000.000000, 1000000000000000.000000 
74.214898, 25.907855, 13.573179, 0.251089, 0.061863, 1.581733, 0.531827, 57571.932821, 2149.491786 
79.737458, 26.468964, 18.346641, 0.286039, 0.052766, 0.706700, 0.485348, 43263.208788, 2194.269662 
40.494921, 5.221256, 2.805679, 0.051725, 0.126856, 0.512373, 0.512373, 2000000000000000.000000, 1000000000000000.000000 
42.714375, 5.765022, 3.055367, 0.057218, 0.135179, 0.567859, 0.567859, 2000000000000000.000000, 1000000000000000.000000 
54.253980, 8.592225, 4.353573, 0.085779, 0.178452, 0.856350, 0.856350, 418425.671557, 5540.266120 
98.823422, 25.564658, 16.967210, 0.267568, 0.060169, 0.948700, 0.397638, 39005.296639, 2319.070855 
82.957446, 24.021934, 17.767593, 0.297314, 0.057781, 0.395176, 0.191211, 42814.320048, 2205.112195 
24.987827, 1.422017, 1.061130, 0.013345, 0.068704, 0.124696, 0.124696, 2000000000000000.000000, 1000000000000000.000000 
84.281950, 24.821580, 17.820914, 0.289940, 0.052412, 0.503584, 0.137030, 40997.014579, 2211.263699 
59.702343, 9.927074, 4.966514, 0.099263, 0.198884, 0.992559, 0.992559, 335434.545307, 4548.810417 
98.909031, 19.356596, 18.145445, 0.215896, 0.052448, 1.984215, 0.371972, 34431.873901, 2339.266053 
97.764780, 25.432148, 16.865743, 0.267104, 0.052216, 0.795702, 0.275259, 38242.583198, 2305.390584 
20.852796, 0.408935, 0.595940, 0.003111, 0.053198, 0.021320, 0.021320, 2000000000000000.000000, 1000000000000000.000000 
56.351277, 9.106063, 4.589519, 0.090969, 0.186317, 0.908782, 0.908782, 381966.035290, 5104.812418 
98.265615, 20.154188, 18.412411, 0.230647, 0.061918, 1.719269, 0.480269, 36026.025673, 2332.695132 
85.664984, 28.519429, 13.625257, 0.257531, 0.054485, 1.424681, 0.696280, 51562.422016, 2185.091038 
56.242802, 9.079486, 4.577315, 0.090701, 0.185911, 0.906070, 0.906070, 383693.834961, 5125.457500 
