74.598197, 31.125569, 14.227658, 0.234474, 0.071880, 1.504869, 0.347431, 54955.453318, 2138.271441 
99.401057, 22.374631, 19.878332, 0.314000, 0.054301, 0.889118, 0.173901, 30964.850366, 2377.811867 
32.809982, 3.338446, 1.941123, 0.032705, 0.098037, 0.320250, 0.320250, 2000000000000000.000000, 1000000000000000.000000 
28.398560, 2.257647, 1.444838, 0.021786, 0.081495, 0.209964, 0.209964, 2000000000000000.000000, 1000000000000000.000000 
82.939068, 24.717183, 17.358592, 0.299094, 0.059765, 0.952519, 0.307269, 42954.858789, 2197.681321 
99.413699, 22.152962, 19.308929, 0.284369, 0.056262, 0.529646, 0.353091, 34265.032637, 2362.003705 
87.328424, 23.617157, 17.939476, 0.316882, 0.050317, 0.386614, 0.312690, 39776.448601, 2233.187092 
20.696030, 0.370527, 0.578303, 0.002723, 0.052610, 0.017401, 0.017401, 2000000000000000.000000, 1000000000000000.000000 
51.046484, 7.806389, 3.992729, 0.077840, 0.166424, 0.776162, 0.776162, 489952.234931, 6392.569027 
88.617010, 21.724907, 18.089538, 0.301273, 0.067711, 1.120361, 0.243957, 39384.881458, 2251.413856 
85.743161, 23.664407, 17.315859, 0.299557, 0.058460, 1.034246, 0.368638, 41791.702362, 2215.449183 
74.834605, 30.175312, 14.163345, 0.237021, 0.060695, 1.413131, 0.540838, 54950.479737, 2135.960248 
90.486681, 22.968415, 19.920276, 0.322118, 0.062318, 0.373166, 0.405491, 37248.132045, 2291.912218 
76.003876, 30.434084, 14.413915, 0.242604, 0.066197, 1.622476, 0.431619, 53240.970283, 2142.605930 
29.505434, 2.528831, 1.569361, 0.024526, 0.085645, 0.237636, 0.237636, 2000000000000000.000000, 1000000000000000.000000 
81.463437, 26.305657, 13.529922, 0.268224, 0.053223, 1.679804, 0.333470, 51659.483237, 2167.269552 
75.586899, 29.825194, 14.351734, 0.241745, 0.057046, 1.627466, 0.350566, 52362.600863, 2138.738979 
96.092888, 23.437722, 19.739547, 0.309960, 0.066809, 0.775271, 0.411933, 35238.606672, 2344.255640 
76.002331, 30.413352, 14.466316, 0.245286, 0.055201, 1.334873, 0.466587, 52414.266895, 2142.772097 
89.316806, 23.491661, 17.834353, 0.320299, 0.071380, 0.440178, 0.286774, 41276.947875, 2245.129481 
90.389858, 22.308531, 17.932469, 0.306128, 0.053160, 1.123666, 0.285871, 37494.442917, 2256.813248 
46.542924, 6.703016, 3.486079, 0.066694, 0.149536, 0.663573, 0.663573, 643397.200607, 8209.308359 
70.222019, 27.761628, 18.445156, 0.276926, 0.064490, 0.824814, 0.930202, 52049.583592, 2157.319965 
29.907720, 2.627391, 1.614619, 0.025522, 0.087154, 0.247693, 0.247693, 2000000000000000.000000, 1000000000000000.000000 
83.366760, 24.120544, 17.340413, 0.293060, 0.060278, 0.955871, 0.410316, 43506.814626, 2201.572614 
95.113317, 22.665384, 19.439374, 0.296384, 0.059148, 0.538816, 0.388798, 35825.631648, 2322.699121 
85.892694, 23.415552, 17.641930, 0.290507, 0.059451, 0.968791, 0.354127, 41514.088479, 2221.214366 
73.364692, 30.442753, 15.083388, 0.231383, 0.050220, 1.623244, 0.424436, 51159.855030, 2134.999589 
75.440155, 29.709792, 14.965998, 0.247000, 0.065694, 1.310498, 0.510376, 53022.339890, 2140.733808 
70.134406, 30.562530, 14.485911, 0.239812, 0.051719, 1.591193, 0.453339, 54416.023331, 2121.072995 
89.741362, 22.899412, 17.953481, 0.314403, 0.064511, 0.443116, 0.325705, 40443.002232, 2250.850843 
85.587337, 23.019903, 17.178307, 0.283752, 0.057699, 0.964822, 0.333417, 42443.400001, 2216.543631 
87.471186, 22.868847, 17.831673, 0.305095, 0.055855, 0.788594, 0.302366, 39907.825797, 2234.918531 
91.628019, 21.106254, 19.326910, 0.293299, 0.057440, 0.247502, 0.225855, 37086.586911, 2291.531234 
96.879327, 23.337742, 19.639719, 0.319537, 0.060749, 0.670072, 0.313312, 33923.205312, 2349.501882 
97.167481, 22.244988, 17.616999, 0.304533, 0.060530, 1.099517, 0.271341, 36139.912122, 2304.969837 
54.107656, 8.556376, 4.337111, 0.085416, 0.177904, 0.852691, 0.852691, 421232.444269, 5573.766569 
40.182530, 5.144720, 2.770535, 0.050952, 0.125684, 0.504563, 0.504563, 2000000000000000.000000, 1000000000000000.000000 
74.732624, 30.408311, 14.655846, 0.253966, 0.075598, 1.551297, 0.248163, 53031.437280, 2138.075564 
99.661547, 21.152637, 19.152666, 0.295495, 0.050614, 0.554107, 0.389023, 33288.195459, 2358.025874 
51.512530, 7.920570, 4.045160, 0.078994, 0.168172, 0.787813, 0.787813, 478089.994161, 6251.441450 
37.092397, 4.387637, 2.422895, 0.043304, 0.114096, 0.427310, 0.427310, 2000000000000000.000000, 1000000000000000.000000 
88.429180, 23.334962, 17.548636, 0.287345, 0.055124, 0.949126, 0.454163, 40588.467922, 2235.408813 
92.371194, 25.035577, 20.013377, 0.307022, 0.059127, 0.792886, 0.220555, 34465.968807, 2324.869151 
36.573951, 4.260618, 2.364569, 0.042021, 0.112152, 0.414349, 0.414349, 2000000000000000.000000, 1000000000000000.000000 
29.484281, 2.523649, 1.566982, 0.024474, 0.085566, 0.237107, 0.237107, 2000000000000000.000000, 1000000000000000.000000 
87.359170, 23.386294, 19.358321, 0.319650, 0.061312, 0.576670, 0.469977, 39027.244392, 2257.032127 
102.699693, 21.714894, 19.516528, 0.288812, 0.061682, 0.474717, 0.333959, 33571.662103, 2403.065315 
93.995992, 22.871346, 18.884557, 0.287267, 0.062685, 0.471341, 0.368524, 37912.830929, 2300.850438 
93.178258, 23.153834, 18.422942, 0.315991, 0.060409, 0.822183, 0.379517, 37066.863804, 2285.098250 
54.821234, 8.731202, 4.417389, 0.087183, 0.180580, 0.870531, 0.870531, 407890.288126, 5414.488283 
83.434035, 23.710398, 17.665635, 0.299076, 0.064799, 1.077656, 0.401581, 43006.645023, 2207.576358 
41.214508, 5.397554, 2.886632, 0.053506, 0.129554, 0.530363, 0.530363, 2000000000000000.000000, 1000000000000000.000000 
92.599241, 23.574999, 18.994588, 0.295856, 0.056798, 0.477815, 0.334118, 37058.237809, 2292.659205 
90.771070, 22.957225, 18.687160, 0.295640, 0.054669, 0.503808, 0.406903, 38238.807264, 2270.158942 
89.776931, 22.768534, 18.180253, 0.296594, 0.051444, 0.601192, 0.174420, 37777.075922, 2254.785022 
75.891691, 29.194959, 14.422907, 0.227619, 0.070405, 1.549883, 0.363006, 54299.460140, 2139.128395 
96.678050, 22.679743, 18.531876, 0.312643, 0.062099, 0.444293, 0.274390, 36284.915876, 2318.087210 
52.376818, 8.132320, 4.142392, 0.081133, 0.171413, 0.809420, 0.809420, 457532.257031, 6006.642839 
74.939573, 29.001737, 14.616911, 0.239734, 0.052209, 1.528512, 0.396931, 51991.524533, 2135.841121 
91.041202, 22.484162, 18.024345, 0.298137, 0.068288, 1.119096, 0.387131, 39236.272627, 2261.991963 
87.865141, 22.930317, 19.659343, 0.319658, 0.063750, 0.634974, 0.493223, 38646.030325, 2266.275133 
42.444131, 5.698812, 3.024965, 0.056549, 0.134165, 0.561103, 0.561103, 2000000000000000.000000, 1000000000000000.000000 
98.022012, 24.814798, 19.931847, 0.302810, 0.057210, 0.831947, 0.232818, 32575.056622, 2385.083621 
48.661926, 7.222172, 3.724467, 0.071938, 0.157482, 0.716548, 0.716548, 560995.167706, 7235.738736 
100.326246, 21.801957, 19.079327, 0.289457, 0.057198, 0.510372, 0.333130, 34187.184415, 2365.010951 
23.006682, 0.936637, 0.838252, 0.008442, 0.061275, 0.075167, 0.075167, 2000000000000000.000000, 1000000000000000.000000 
72.689933, 28.483843, 14.221374, 0.264749, 0.055413, 1.750469, 0.401846, 53838.488350, 2128.675620 
74.974102, 27.938795, 14.228073, 0.278469, 0.076408, 1.652335, 0.455482, 54912.033578, 2136.450475 
58.700946, 9.681732, 4.853856, 0.096785, 0.195129, 0.967524, 0.967524, 348076.289750, 4699.828561 
31.552860, 3.030451, 1.799697, 0.029593, 0.093323, 0.288822, 0.288822, 2000000000000000.000000, 1000000000000000.000000 
64.580226, 30.354301, 15.780886, 0.162009, 0.072310, 1.654800, 1.118681, 66014.365975, 2115.960881 
100.431816, 23.442966, 20.090266, 0.304721, 0.061399, 0.637035, 0.352350, 32942.360853, 2405.412208 
74.667997, 29.895605, 15.171013, 0.230216, 0.052251, 1.327509, 0.511249, 51588.392396, 2139.303257 
26.584668, 1.813244, 1.240775, 0.017297, 0.074692, 0.164617, 0.164617, 2000000000000000.000000, 1000000000000000.000000 
78.676403, 25.054774, 17.845062, 0.289375, 0.062333, 0.778275, 0.633221, 46685.147367, 2183.355462 
54.980007, 8.770102, 4.435251, 0.087576, 0.181175, 0.874500, 0.874500, 405036.212018, 5380.406557 
23.711917, 1.109420, 0.917591, 0.010187, 0.063920, 0.092798, 0.092798, 2000000000000000.000000, 1000000000000000.000000 
71.979371, 26.116307, 18.026083, 0.291926, 0.050042, 0.795996, 0.554105, 48087.113281, 2162.744723 
62.291807, 30.391946, 16.073280, 0.155797, 0.056714, 1.806771, 1.141367, 63688.842024, 2117.678608 
80.126796, 21.571893, 18.270622, 0.274883, 0.067688, 0.974907, 0.502194, 46146.066694, 2228.539248 
92.516852, 22.449535, 20.543692, 0.328999, 0.050598, 0.404284, 0.335228, 33502.700737, 2322.349709 
31.845899, 3.102245, 1.832664, 0.030319, 0.094422, 0.296147, 0.296147, 2000000000000000.000000, 1000000000000000.000000 
80.148934, 22.840190, 17.387320, 0.302282, 0.054728, 1.071215, 0.393187, 44340.860415, 2200.923661 
74.062623, 28.774594, 14.169046, 0.272160, 0.074748, 1.725598, 0.434584, 55085.009477, 2132.156911 
74.187886, 29.184351, 15.374340, 0.232659, 0.060041, 1.472791, 0.522293, 52226.703870, 2137.024031 
86.180532, 22.911993, 19.483169, 0.330454, 0.073087, 0.701999, 0.493531, 40350.113188, 2251.986878 
63.736598, 29.648536, 15.813321, 0.159658, 0.063332, 1.730613, 1.117325, 64834.252913, 2118.311372 
75.161341, 26.945531, 18.642060, 0.291157, 0.057323, 0.865326, 0.668072, 46031.668858, 2176.702234 
58.685972, 9.678063, 4.852172, 0.096748, 0.195072, 0.967149, 0.967149, 348272.782696, 4702.176416 
40.634980, 5.255570, 2.821435, 0.052072, 0.127381, 0.515874, 0.515874, 2000000000000000.000000, 1000000000000000.000000 
84.488538, 22.800957, 17.816962, 0.310262, 0.055521, 1.250872, 0.254307, 40302.106311, 2219.812259 
30.757602, 2.835613, 1.710230, 0.027625, 0.090341, 0.268940, 0.268940, 2000000000000000.000000, 1000000000000000.000000 
82.630283, 23.083007, 17.866084, 0.326422, 0.071808, 0.485943, 0.462331, 45150.857602, 2210.534921 
91.069358, 21.821112, 17.893040, 0.308308, 0.061976, 1.066774, 0.335069, 38415.055537, 2263.029760 
73.394467, 27.581323, 17.904882, 0.294072, 0.054934, 0.799641, 0.718187, 48010.718992, 2159.241830 
97.200007, 24.556475, 18.389658, 0.314880, 0.061629, 0.536683, 0.303145, 36358.914192, 2329.368168 
80.850862, 24.234196, 17.749053, 0.302014, 0.054107, 1.009805, 0.292979, 42596.004702, 2194.561844 
99.429055, 21.809025, 19.213290, 0.293858, 0.055567, 0.471779, 0.427051, 34539.993530, 2358.521470 
86.360425, 22.017347, 18.574132, 0.328493, 0.059564, 0.433665, 0.468510, 40790.942361, 2243.694288 
50.977141, 7.789399, 3.984928, 0.077668, 0.166164, 0.774429, 0.774429, 491767.099024, 6414.152140 
47.540589, 6.947444, 3.598316, 0.069163, 0.153277, 0.688515, 0.688515, 601854.628049, 7719.071005 
38.658825, 4.771412, 2.599118, 0.047181, 0.119971, 0.466471, 0.466471, 2000000000000000.000000, 1000000000000000.000000 
68.672929, 30.784280, 14.621057, 0.227258, 0.059278, 1.498043, 0.332442, 55667.011393, 2117.731152 
88.414462, 24.158075, 17.362378, 0.299829, 0.056452, 1.122936, 0.225822, 39552.900745, 2231.470299 
78.072846, 30.008513, 14.763402, 0.256260, 0.055235, 1.424836, 0.368203, 49964.805797, 2152.956431 
78.656943, 25.300035, 17.827563, 0.260951, 0.058305, 0.672550, 0.737863, 47854.627383, 2182.142672 
76.503493, 29.889111, 14.762289, 0.251502, 0.080350, 1.370978, 0.472643, 54308.306516, 2144.843125 
87.982131, 24.004505, 17.516075, 0.301512, 0.058054, 1.052582, 0.423585, 40504.414616, 2230.842073 
98.187870, 22.913307, 19.686509, 0.319211, 0.053112, 0.778200, 0.353025, 32434.404171, 2362.365898 
31.538268, 3.026876, 1.798055, 0.029557, 0.093269, 0.288457, 0.288457, 2000000000000000.000000, 1000000000000000.000000 
25.823588, 1.626779, 1.155154, 0.015413, 0.071838, 0.145590, 0.145590, 2000000000000000.000000, 1000000000000000.000000 
60.694049, 31.317872, 15.220876, 0.173717, 0.056254, 1.700995, 0.888244, 63566.028920, 2110.884748 
98.711768, 23.732982, 20.002411, 0.313914, 0.054246, 0.723218, 0.292997, 32044.790907, 2384.204458 
54.396849, 8.627228, 4.369646, 0.086132, 0.178988, 0.859921, 0.859921, 415721.099696, 5507.982159 
45.490818, 6.445250, 3.367717, 0.064090, 0.145591, 0.637270, 0.637270, 2000000000000000.000000, 1000000000000000.000000 
75.389037, 30.932544, 14.636046, 0.235162, 0.052600, 1.419221, 0.553922, 52296.540047, 2143.076651 
86.216456, 22.707928, 19.320155, 0.329494, 0.051791, 0.620612, 0.504667, 38298.285620, 2250.105491 
59.214123, 9.807460, 4.911589, 0.098055, 0.197053, 0.980353, 0.980353, 341477.325981, 4620.989020 
94.385495, 22.954513, 17.464182, 0.308870, 0.054587, 1.101277, 0.277953, 36857.314752, 2278.384167 
56.496665, 9.141683, 4.605875, 0.091329, 0.186862, 0.912417, 0.912417, 379674.883944, 5077.434855 
86.275346, 22.947317, 17.966722, 0.309485, 0.053496, 1.077170, 0.348447, 39553.894189, 2229.554284 
77.592934, 30.149615, 14.831547, 0.252084, 0.058934, 1.319457, 0.546181, 51456.279142, 2151.609016 
87.953797, 23.596061, 19.636427, 0.324746, 0.063835, 0.545224, 0.438603, 38479.019592, 2266.914021 
58.798167, 9.705551, 4.864794, 0.097025, 0.195493, 0.969954, 0.969954, 346806.012577, 4684.651135 
58.540279, 31.199091, 15.509821, 0.181781, 0.061733, 1.715788, 0.979146, 65935.915554, 2116.354109 
78.247054, 29.181276, 14.509165, 0.235203, 0.065267, 1.566934, 0.383716, 52229.022727, 2149.710953 
98.015322, 24.300706, 19.779809, 0.314323, 0.056894, 0.782075, 0.360429, 33121.166774, 2374.738613 
