40.196013, 2.260950, 2.156684, 0.097081, 0.195351, 0.149607, 0.168514, 2000000000000000.000000, 1000000000000000.000000 
56.058919, 9.762973, 3.945458, 0.048448, 0.059872, 0.334378, 0.511771, 318629.879255, 5035.556917 
28.901221, 5.782316, 0.823103, 0.052972, 0.088336, 0.297863, 0.051519, 1337276.539332, 17578.296567 
48.714501, 8.311486, 4.438303, 0.067031, 0.053457, 0.362592, 0.507354, 342843.463435, 6332.580777 
54.755943, 8.430822, 3.404462, 0.066776, 0.055453, 0.569585, 0.492816, 324302.561161, 5869.981584 
29.542857, 4.921084, 0.908971, 0.095219, 0.087602, 0.212514, 0.721337, 1320535.377577, 17916.052755 
49.624246, 9.629524, 3.990135, 0.025243, 0.054787, 0.402157, 0.607719, 436462.104072, 5402.038016 
54.273731, 8.889523, 3.903395, 0.075709, 0.059663, 0.218341, 0.468004, 302524.694261, 5477.427804 
56.916690, 8.040840, 3.903226, 0.049307, 0.054551, 0.417396, 0.194148, 312054.091522, 5761.529039 
54.309430, 9.312419, 3.643531, 0.066333, 0.055840, 0.543158, 0.437645, 299454.615697, 5398.513625 
59.759060, 3.456529, 3.377004, 0.075193, 0.091821, 0.249359, 0.909175, 2000000000000000.000000, 1000000000000000.000000 
36.447722, 4.384120, 1.732344, 0.039927, 0.145066, 0.282272, 0.470774, 2000000000000000.000000, 1000000000000000.000000 
54.178044, 7.272600, 3.607171, 0.075236, 0.050461, 0.074361, 0.489738, 344682.120500, 6542.931561 
51.808055, 7.383601, 4.350365, 0.069455, 0.064523, 0.079156, 0.490262, 380243.727843, 6771.222658 
48.180614, 9.918263, 3.614317, 0.047290, 0.066003, 0.323521, 0.814832, 406689.282668, 5491.363606 
58.527263, 7.281655, 3.715749, 0.063160, 0.058040, 0.454649, 0.862184, 353805.454342, 6189.213277 
40.342750, 7.762751, 4.306085, 0.052221, 0.096176, 0.530595, 0.351096, 2000000000000000.000000, 1000000000000000.000000 
59.674155, 7.702196, 3.222172, 0.063335, 0.050805, 0.300706, 0.811385, 352246.868438, 6118.432424 
50.292934, 9.750508, 4.029665, 0.079296, 0.069926, 0.334253, 0.394635, 302829.642216, 5295.893035 
52.047315, 8.981383, 3.971699, 0.071871, 0.065343, 0.160951, 0.436728, 321934.599768, 5549.857385 
38.877707, 5.218955, 0.509289, 0.046383, 0.097990, 0.780736, 0.581823, 2100548.196918, 23882.366256 
57.779322, 7.681252, 4.159022, 0.046129, 0.070090, 0.276363, 0.727994, 400682.907747, 5872.981923 
55.108214, 8.401135, 3.573617, 0.044885, 0.050285, 0.337507, 0.488874, 351608.971136, 5786.802551 
56.978249, 8.091817, 3.796519, 0.070339, 0.063149, 0.267493, 0.669891, 331739.934657, 5762.189984 
55.106758, 9.086785, 3.028472, 0.078312, 0.050976, 0.296536, 0.490265, 324301.000775, 5840.342522 
24.883711, 5.813968, 1.850116, 0.036218, 0.103364, 0.572632, 0.040507, 2000000000000000.000000, 1000000000000000.000000 
50.598734, 8.499492, 4.113316, 0.041005, 0.055538, 0.262659, 0.100720, 348781.803615, 5923.644187 
41.473254, 8.268420, 4.716715, 0.090096, 0.195610, 0.455136, 0.047918, 2000000000000000.000000, 1000000000000000.000000 
55.502954, 8.376272, 3.970803, 0.043689, 0.069913, 0.155074, 0.700768, 412482.859908, 5643.386202 
54.892394, 8.097276, 3.952010, 0.040072, 0.056792, 0.453873, 0.392334, 359903.988946, 5847.013451 
56.401049, 6.404458, 4.050990, 0.015194, 0.141377, 0.436237, 0.682697, 1074560.823191, 7176.079831 
58.721446, 8.342810, 3.701701, 0.055763, 0.057672, 0.097285, 0.866710, 361255.997476, 5589.738989 
54.849180, 8.420206, 4.087912, 0.043495, 0.069855, 0.241110, 0.681587, 403594.936770, 5634.825506 
32.810782, 2.061937, 1.670486, 0.095680, 0.070627, 0.463539, 0.405086, 2000000000000000.000000, 1000000000000000.000000 
53.544039, 8.708412, 3.396515, 0.048956, 0.054629, 0.307601, 0.643063, 373558.429308, 5805.750524 
58.522857, 8.665800, 3.051596, 0.048197, 0.064396, 0.276044, 0.801534, 417384.017555, 5867.693957 
48.280608, 9.614772, 3.327260, 0.082980, 0.062814, 0.652520, 0.598805, 331805.978764, 5738.998364 
45.263550, 9.342196, 3.477270, 0.052983, 0.067280, 0.454383, 0.264334, 380729.422138, 6011.173250 
56.501594, 7.921700, 3.193645, 0.061702, 0.052984, 0.316766, 0.764613, 366247.919699, 6158.191644 
55.549360, 1.818301, 2.786461, 0.029562, 0.081375, 0.480757, 0.259522, 2000000000000000.000000, 1000000000000000.000000 
55.562892, 9.835731, 2.877315, 0.064934, 0.064777, 0.255001, 0.730571, 379608.365180, 5732.780513 
56.762101, 8.524924, 3.537483, 0.041117, 0.055027, 0.194535, 0.820247, 401504.813181, 5667.538573 
49.597049, 8.870528, 4.222946, 0.071043, 0.051958, 0.312488, 0.334576, 305148.382131, 5777.198410 
43.962169, 1.912349, 1.490146, 0.003795, 0.088837, 0.847677, 0.858180, 2000000000000000.000000, 1000000000000000.000000 
59.631753, 2.850497, 1.310936, 0.022679, 0.118914, 0.520303, 0.940278, 2037162.845878, 15951.592666 
45.028472, 9.714503, 3.951087, 0.072285, 0.052260, 0.246751, 0.369514, 323920.208069, 5746.122768 
55.377322, 8.453474, 4.354815, 0.040480, 0.072204, 0.193339, 0.632635, 407088.475874, 5538.237586 
21.993958, 7.418833, 1.476374, 0.021633, 0.121691, 0.666885, 0.880710, 2046104.515649, 14395.563102 
43.686663, 9.566945, 3.774022, 0.086637, 0.075156, 0.782606, 0.561690, 350584.355683, 5983.902474 
51.427369, 7.036467, 2.350844, 0.081037, 0.175671, 0.206820, 0.736554, 682080.598770, 7689.044106 
53.059993, 9.673232, 3.967470, 0.031331, 0.063289, 0.381912, 0.460683, 388089.092748, 5189.987905 
46.170547, 7.817053, 4.680203, 0.072746, 0.053628, 0.319149, 0.431556, 2000000000000000.000000, 1000000000000000.000000 
51.010862, 2.756528, 1.243756, 0.064568, 0.148254, 0.079961, 0.512657, 1521664.538450, 18124.005752 
56.715723, 8.818099, 3.661623, 0.082597, 0.052654, 0.279766, 0.800481, 300225.939108, 5484.424638 
56.244470, 8.943805, 3.948090, 0.076423, 0.056114, 0.139203, 0.399328, 285278.589248, 5337.859190 
45.802048, 9.155075, 4.189495, 0.097654, 0.050467, 0.693710, 0.596056, 306497.272586, 6005.900911 
49.725043, 9.673659, 4.044375, 0.083390, 0.059998, 0.314149, 0.454848, 295435.344961, 5363.088898 
37.746535, 5.400797, 3.267533, 0.067362, 0.176331, 0.591888, 0.805328, 2000000000000000.000000, 1000000000000000.000000 
56.515901, 8.054067, 4.657529, 0.038205, 0.071814, 0.347385, 0.831156, 428278.395833, 5685.085711 
51.203549, 8.864474, 4.110753, 0.027164, 0.057443, 0.083820, 0.872671, 504117.795083, 5647.975396 
46.972335, 2.319504, 0.558057, 0.056737, 0.095908, 0.615919, 0.278717, 2011286.085577, 27942.812898 
53.252068, 9.680743, 2.877203, 0.063481, 0.055862, 0.075110, 0.854826, 391800.567455, 5841.365750 
56.386832, 8.982224, 2.575618, 0.056567, 0.060490, 0.134303, 0.876231, 447171.138596, 6308.998390 
22.022151, 1.383702, 4.193106, 0.084964, 0.145568, 0.967391, 0.107934, 2000000000000000.000000, 1000000000000000.000000 
56.628466, 9.180616, 4.335305, 0.025281, 0.062204, 0.170701, 0.866163, 470201.424701, 5106.416512 
57.304440, 4.366029, 4.827343, 0.052521, 0.078076, 0.215577, 0.026237, 2000000000000000.000000, 1000000000000000.000000 
43.527030, 6.005605, 1.935112, 0.087748, 0.072406, 0.411924, 0.388641, 595269.830175, 9848.059658 
55.240760, 7.740708, 4.342295, 0.076835, 0.061512, 0.092179, 0.361012, 312222.055920, 6025.661965 
58.360866, 8.347793, 4.403131, 0.048143, 0.061286, 0.268126, 0.765498, 346919.028457, 5396.273329 
52.326012, 6.240573, 3.081173, 0.091537, 0.077257, 0.558470, 0.993934, 456068.286232, 7813.464973 
51.421292, 4.605545, 2.874257, 0.019139, 0.185485, 0.799636, 0.842275, 1729586.292907, 11105.178828 
53.384806, 6.410660, 4.558508, 0.084876, 0.177330, 0.509704, 0.878943, 2000000000000000.000000, 1000000000000000.000000 
43.709853, 2.635045, 2.921304, 0.062828, 0.108539, 0.806364, 0.687172, 2000000000000000.000000, 1000000000000000.000000 
54.160004, 9.169009, 4.570411, 0.037907, 0.065572, 0.471688, 0.436043, 346797.124408, 5215.198798 
51.914776, 8.102834, 4.172123, 0.086082, 0.064953, 0.152701, 0.494205, 327857.554024, 6073.094791 
52.370038, 7.045428, 2.007225, 0.056754, 0.167930, 0.527702, 0.358968, 713399.096222, 8195.078902 
55.607302, 9.680414, 3.392548, 0.082570, 0.052542, 0.140964, 0.707405, 305963.684900, 5361.168953 
33.272806, 2.006180, 0.821704, 0.088153, 0.149324, 0.242968, 0.804576, 2000000000000000.000000, 1000000000000000.000000 
54.526149, 8.733720, 4.084238, 0.043085, 0.050672, 0.099744, 0.707003, 361760.540415, 5489.595420 
56.324434, 7.299835, 4.118233, 0.043909, 0.064355, 0.060272, 0.786811, 444955.457962, 6278.416473 
46.933468, 8.779972, 4.393508, 0.069945, 0.050032, 0.327007, 0.403694, 328929.677920, 6175.003148 
36.658726, 5.110534, 4.360771, 0.047965, 0.081577, 0.592814, 0.953964, 2000000000000000.000000, 1000000000000000.000000 
56.317151, 8.115736, 4.395605, 0.050379, 0.068731, 0.254183, 0.738188, 374592.048326, 5669.936554 
59.869643, 0.913675, 0.704593, 0.088290, 0.146338, 0.247154, 0.153303, 2667028.528813, 48509.243643 
54.924687, 8.561189, 3.899878, 0.040279, 0.065985, 0.154397, 0.699109, 416888.227546, 5600.646206 
53.644070, 9.370494, 3.922982, 0.072233, 0.064242, 0.295339, 0.483860, 304242.819197, 5295.223462 
37.071988, 2.699094, 3.025040, 0.084900, 0.065199, 0.409896, 0.736859, 2000000000000000.000000, 1000000000000000.000000 
55.571867, 5.163139, 1.910478, 0.068061, 0.105597, 0.046882, 0.777535, 765238.717319, 9762.395501 
52.814593, 8.866569, 3.499292, 0.081016, 0.059757, 0.247037, 0.641438, 328384.450432, 5721.226985 
48.016396, 2.455544, 2.707366, 0.071284, 0.192015, 0.371489, 0.472869, 2000000000000000.000000, 1000000000000000.000000 
54.315659, 9.257036, 4.037820, 0.048346, 0.060204, 0.330605, 0.492651, 330923.289390, 5271.501088 
54.644875, 8.489999, 3.807324, 0.061645, 0.076854, 0.461351, 0.306718, 334699.441712, 5681.178558 
49.749221, 9.443655, 4.032856, 0.067972, 0.063714, 0.071523, 0.446715, 329986.256887, 5470.264827 
30.475941, 3.892076, 4.419347, 0.035821, 0.192880, 0.617462, 0.517909, 2000000000000000.000000, 1000000000000000.000000 
56.940930, 8.617631, 3.944494, 0.044288, 0.053123, 0.157869, 0.787546, 362794.125253, 5451.300380 
58.545724, 9.359252, 3.541580, 0.044238, 0.055583, 0.301245, 0.753861, 357290.149756, 5283.612333 
43.947911, 8.250770, 0.715169, 0.027942, 0.053264, 0.818634, 0.629685, 1406281.746581, 16449.762662 
59.201957, 8.612201, 3.848457, 0.069951, 0.054370, 0.402355, 0.882924, 302614.227692, 5388.783486 
45.544777, 8.837632, 4.611126, 0.076583, 0.050424, 0.144222, 0.375095, 2000000000000000.000000, 1000000000000000.000000 
30.151740, 5.103774, 1.110486, 0.021507, 0.186368, 0.855699, 0.767559, 2548223.061724, 16092.971169 
23.813856, 1.633523, 0.869990, 0.090875, 0.148896, 0.767687, 0.447166, 2000000000000000.000000, 1000000000000000.000000 
46.020430, 9.820784, 3.438029, 0.080012, 0.058446, 0.476219, 0.507102, 332355.806802, 5743.373274 
54.571432, 9.292532, 4.998100, 0.024147, 0.100196, 0.808901, 0.572650, 483086.371007, 5096.481431 
51.669330, 9.264568, 4.052276, 0.033323, 0.055448, 0.094400, 0.843995, 433476.536952, 5419.072416 
33.388190, 8.723368, 3.954330, 0.073147, 0.120883, 0.736574, 0.871912, 2000000000000000.000000, 1000000000000000.000000 
51.900482, 8.472082, 4.109156, 0.041936, 0.058489, 0.140771, 0.780180, 415729.418282, 5824.075972 
59.686468, 7.885579, 4.757330, 0.033960, 0.102826, 0.391166, 0.213488, 410523.031130, 5544.093102 
50.230251, 7.779924, 3.790028, 0.042428, 0.052465, 0.383427, 0.321174, 388446.331036, 6499.651552 
22.408355, 1.882759, 2.780519, 0.065710, 0.077703, 0.516216, 0.128381, 2000000000000000.000000, 1000000000000000.000000 
47.389161, 4.803902, 2.596059, 0.088360, 0.121233, 0.288584, 0.403891, 717705.562013, 11305.597288 
52.521969, 3.027647, 3.471218, 0.026902, 0.188482, 0.168399, 0.127008, 2000000000000000.000000, 1000000000000000.000000 
50.270468, 4.743171, 2.151669, 0.065339, 0.138047, 0.190776, 0.633328, 877997.017080, 10648.385945 
58.398652, 8.823013, 3.530581, 0.033647, 0.055767, 0.292188, 0.711642, 405679.784600, 5484.983720 
46.627567, 2.861217, 4.088598, 0.003642, 0.118906, 0.133690, 0.807775, 2000000000000000.000000, 1000000000000000.000000 
57.225076, 8.542653, 3.857290, 0.037868, 0.057119, 0.109509, 0.875406, 414165.446123, 5502.393656 
54.147023, 9.495817, 3.984476, 0.048417, 0.050388, 0.279320, 0.603751, 319926.492067, 5199.676779 
58.558390, 7.953054, 2.832906, 0.058118, 0.063870, 0.337298, 0.779555, 415251.223059, 6350.576974 
57.431199, 9.590249, 3.243442, 0.047486, 0.060084, 0.004824, 0.871757, 406498.640599, 5438.815595 
45.415113, 0.208046, 4.310456, 0.091382, 0.116152, 0.753599, 0.424402, 2000000000000000.000000, 1000000000000000.000000 
56.135985, 8.921117, 3.769405, 0.034924, 0.062750, 0.136610, 0.776619, 432700.365626, 5419.569176 
51.203008, 8.465787, 3.779158, 0.032445, 0.059046, 0.309082, 0.323755, 412449.687035, 5933.929432 
45.794867, 8.071699, 4.217409, 0.077495, 0.194104, 0.202833, 0.510931, 2000000000000000.000000, 1000000000000000.000000 
32.621749, 9.908479, 1.341673, 0.004205, 0.081069, 0.723413, 0.671370, 2135979.219519, 10223.338955 
20.027745, 1.314722, 0.632069, 0.053483, 0.162651, 0.544972, 0.936092, 2000000000000000.000000, 1000000000000000.000000 
57.458579, 8.023761, 3.901488, 0.037207, 0.057622, 0.059582, 0.817791, 429349.599142, 5740.206117 
53.519940, 9.043012, 4.278200, 0.030470, 0.075341, 0.198730, 0.431409, 433942.842125, 5360.625905 
57.790150, 9.233930, 3.574103, 0.054468, 0.056029, 0.484072, 0.273233, 299502.706336, 5330.950527 
27.627727, 5.396640, 0.544217, 0.084095, 0.060545, 0.251392, 0.897787, 1747875.446292, 23893.654688 
