92.968040, 24.773395, 18.566024, 0.252756, 0.052411, 0.738149, 0.424418, 38021.970164, 2292.560442 
27.896945, 2.134752, 1.388406, 0.020545, 0.079614, 0.197424, 0.197424, 2000000000000000.000000, 1000000000000000.000000 
103.449312, 24.033718, 18.500065, 0.269174, 0.054631, 0.748882, 0.515489, 35065.579843, 2400.127906 
30.049496, 2.662127, 1.630568, 0.025872, 0.087686, 0.251237, 0.251237, 2000000000000000.000000, 1000000000000000.000000 
104.878869, 19.579300, 18.057986, 0.217106, 0.057805, 1.815710, 0.412380, 33632.655988, 2392.069107 
84.813085, 25.560344, 17.577648, 0.299631, 0.054470, 0.700666, 0.448055, 42113.531600, 2211.503386 
86.329198, 24.602478, 17.383934, 0.292624, 0.050374, 0.729803, 0.420519, 41349.461647, 2217.806859 
102.508783, 20.107200, 18.328021, 0.221643, 0.061859, 2.010152, 0.325465, 33680.191041, 2370.962861 
70.892829, 26.911039, 14.106573, 0.248624, 0.052260, 1.551915, 0.253128, 55537.636481, 2134.007536 
97.764500, 24.512027, 17.577617, 0.270440, 0.054235, 0.706490, 0.393364, 37755.622997, 2315.690782 
86.733652, 26.923591, 16.970377, 0.205075, 0.060706, 0.592232, 0.274791, 45831.846849, 2220.024907 
22.435286, 0.796645, 0.773970, 0.007027, 0.059132, 0.060882, 0.060882, 2000000000000000.000000, 1000000000000000.000000 
67.790349, 32.714283, 13.754150, 0.165448, 0.051792, 1.628324, 1.175186, 63446.103838, 2119.013457 
58.941705, 32.402481, 14.792509, 0.141797, 0.066787, 2.062874, 1.151336, 70746.786013, 2108.489344 
102.876802, 19.306323, 18.197266, 0.212645, 0.050499, 1.795282, 0.247965, 32480.851550, 2375.269004 
95.559633, 19.130291, 18.493876, 0.194383, 0.051111, 1.422873, 0.198167, 35814.003557, 2321.457586 
59.534015, 9.885834, 4.947577, 0.098847, 0.198253, 0.988350, 0.988350, 337492.825362, 4573.393765 
98.082325, 24.974245, 18.836073, 0.255821, 0.055135, 0.642145, 0.451322, 36721.192751, 2354.465142 
88.203121, 26.603516, 17.055810, 0.210915, 0.063846, 0.543373, 0.303920, 45769.819123, 2231.101520 
52.298348, 8.113095, 4.133564, 0.080938, 0.171119, 0.807459, 0.807459, 459326.061436, 6028.013998 
98.209048, 23.556256, 18.921387, 0.257102, 0.053427, 0.703068, 0.556160, 36407.515040, 2346.857355 
82.626120, 25.576702, 17.575836, 0.298072, 0.061314, 0.741836, 0.351879, 43426.277000, 2197.982587 
100.121931, 25.121850, 18.578404, 0.264834, 0.054491, 0.661136, 0.434018, 36005.518047, 2372.108851 
63.744146, 30.669687, 14.618215, 0.165123, 0.056583, 1.787977, 1.092026, 64549.427954, 2110.295711 
95.752568, 24.201915, 18.274987, 0.265208, 0.058444, 0.700563, 0.452500, 38257.598401, 2309.596504 
85.271421, 25.722270, 17.861129, 0.296628, 0.050727, 0.613662, 0.377126, 40888.204764, 2219.573140 
87.330785, 27.909659, 13.367209, 0.242828, 0.052221, 1.609280, 0.418077, 50514.221624, 2194.261803 
103.806017, 19.019224, 18.056572, 0.223941, 0.052201, 1.885041, 0.535649, 33304.093574, 2383.674221 
65.459519, 31.252804, 15.065860, 0.167104, 0.051751, 1.534401, 1.108608, 61676.946854, 2112.888928 
100.630158, 22.918285, 18.232962, 0.262086, 0.053059, 0.815427, 0.597591, 36297.136333, 2352.787937 
93.533674, 23.060777, 19.096571, 0.262389, 0.061005, 0.803430, 0.437814, 37716.026845, 2301.585765 
57.741652, 9.446705, 4.745936, 0.094411, 0.191531, 0.943541, 0.943541, 361142.606507, 4855.967326 
99.549839, 23.073436, 18.117550, 0.275565, 0.061343, 0.735905, 0.489786, 37343.721617, 2339.284245 
32.267357, 3.205503, 1.880078, 0.031362, 0.096003, 0.306684, 0.306684, 2000000000000000.000000, 1000000000000000.000000 
84.738987, 25.743501, 17.393067, 0.283975, 0.059373, 0.666957, 0.548441, 44083.279069, 2208.543516 
95.324138, 23.729864, 19.040897, 0.252091, 0.061100, 0.778296, 0.578842, 38504.685556, 2320.554117 
63.841142, 31.428603, 15.131998, 0.164032, 0.063248, 1.681114, 1.084000, 64757.994132, 2110.960216 
86.076108, 25.511331, 17.981011, 0.304411, 0.057588, 0.631400, 0.355861, 40887.339607, 2226.702098 
47.099565, 6.839393, 3.548701, 0.068071, 0.151623, 0.677489, 0.677489, 619556.762121, 7928.113368 
43.444258, 5.943843, 3.137479, 0.059025, 0.137916, 0.586106, 0.586106, 2000000000000000.000000, 1000000000000000.000000 
82.741475, 24.634732, 18.037219, 0.277594, 0.058255, 0.694928, 0.303977, 42714.448997, 2205.791222 
87.789068, 29.183877, 13.966048, 0.247751, 0.057047, 1.571213, 0.631377, 49844.510957, 2201.380261 
112.101361, 14.876815, 18.064860, 0.193054, 0.053537, 1.714723, 0.055654, 28289.619528, 2510.709953 
91.741816, 23.710001, 18.308278, 0.250604, 0.063541, 0.729482, 0.484871, 40950.265743, 2271.851280 
93.972087, 23.492998, 18.954085, 0.253536, 0.064613, 0.713014, 0.515654, 39414.954822, 2304.143969 
36.332110, 4.201367, 2.337362, 0.041422, 0.111245, 0.408303, 0.408303, 2000000000000000.000000, 1000000000000000.000000 
59.880979, 9.970840, 4.986610, 0.099705, 0.199554, 0.997024, 0.997024, 333278.465815, 4523.061539 
97.301998, 24.173776, 19.154766, 0.259470, 0.064557, 0.799887, 0.632198, 38284.788632, 2347.523310 
43.664595, 5.997826, 3.162267, 0.059570, 0.138742, 0.591615, 0.591615, 2000000000000000.000000, 1000000000000000.000000 
42.506638, 5.714126, 3.031997, 0.056704, 0.134400, 0.562666, 0.562666, 2000000000000000.000000, 1000000000000000.000000 
80.446686, 29.274420, 13.521590, 0.252733, 0.064732, 1.561542, 0.625020, 54705.773228, 2158.546961 
109.946328, 15.370047, 17.891133, 0.194063, 0.065012, 1.715131, 0.232280, 32035.685450, 2480.403041 
55.036829, 8.784023, 4.441643, 0.087716, 0.181388, 0.875921, 0.875921, 404024.539512, 5368.324843 
63.946295, 30.945776, 15.224850, 0.176134, 0.061151, 1.731015, 0.920931, 62221.458927, 2111.675424 
58.400678, 9.608166, 4.820076, 0.096042, 0.194003, 0.960017, 0.960017, 352060.682107, 4747.437648 
61.102258, 30.540408, 14.984279, 0.161812, 0.055100, 1.623188, 0.928673, 65279.974201, 2112.709332 
53.438343, 8.392394, 4.261814, 0.083760, 0.175394, 0.835959, 0.835959, 434566.731563, 5732.863984 
24.780128, 1.371131, 1.037764, 0.012831, 0.067925, 0.119503, 0.119503, 2000000000000000.000000, 1000000000000000.000000 
88.313751, 25.050041, 17.353460, 0.277563, 0.055171, 1.056224, 0.568233, 41448.982785, 2231.312775 
27.539760, 2.047241, 1.348223, 0.019661, 0.078274, 0.188494, 0.188494, 2000000000000000.000000, 1000000000000000.000000 
91.730667, 23.563569, 19.258677, 0.263963, 0.051128, 0.692981, 0.361587, 36629.686871, 2290.470577 
59.749936, 9.938734, 4.971868, 0.099381, 0.199062, 0.993748, 0.993748, 334857.289351, 4541.916288 
87.890656, 23.265753, 18.941116, 0.247468, 0.056676, 0.729085, 0.517640, 40719.428925, 2253.369290 
60.695524, 30.839838, 14.477881, 0.167704, 0.055147, 1.531679, 1.124511, 67541.131475, 2111.033258 
89.936062, 23.428319, 18.556027, 0.265851, 0.065652, 0.769590, 0.452923, 40669.998369, 2261.559725 
85.708313, 27.657041, 13.732482, 0.247914, 0.054174, 1.536058, 0.256117, 49543.718050, 2184.555699 
89.831133, 24.352191, 17.730463, 0.288362, 0.053745, 0.656190, 0.335617, 39586.699805, 2247.537421 
95.774578, 18.748565, 18.798656, 0.196242, 0.057055, 1.430083, 0.181274, 35824.735282, 2330.777059 
87.609802, 23.664608, 18.463654, 0.292302, 0.062127, 0.725821, 0.375446, 40225.278434, 2243.138161 
95.852710, 18.762549, 19.110437, 0.198319, 0.050471, 1.494334, 0.158458, 34118.446830, 2334.975313 
46.155507, 6.608099, 3.442495, 0.065735, 0.148083, 0.653888, 0.653888, 2000000000000000.000000, 1000000000000000.000000 
44.445827, 6.189228, 3.250156, 0.061503, 0.141672, 0.611146, 0.611146, 2000000000000000.000000, 1000000000000000.000000 
114.203174, 15.149749, 17.943548, 0.191226, 0.058942, 1.609529, 0.201767, 29807.693976, 2528.578604 
62.959648, 31.034550, 15.205168, 0.161497, 0.056372, 1.646879, 0.967167, 63502.491163, 2110.928652 
103.903913, 19.263709, 17.854637, 0.213354, 0.055080, 1.915332, 0.531051, 34363.533912, 2380.281455 
64.129950, 31.088401, 14.831446, 0.166181, 0.063646, 1.746666, 0.916102, 64068.507677, 2110.311570 
58.798427, 9.705615, 4.864823, 0.097026, 0.195494, 0.969961, 0.969961, 346802.612844, 4684.610581 
26.287989, 1.740557, 1.207399, 0.016563, 0.073580, 0.157200, 0.157200, 2000000000000000.000000, 1000000000000000.000000 
81.974378, 25.043414, 16.688297, 0.209233, 0.064873, 0.605314, 0.364249, 49665.241605, 2184.559481 
34.057571, 3.644105, 2.081477, 0.035792, 0.102716, 0.351439, 0.351439, 2000000000000000.000000, 1000000000000000.000000 
85.314479, 23.290718, 18.011484, 0.302060, 0.065386, 0.374272, 0.198754, 42208.256302, 2223.348456 
44.239845, 6.138762, 3.226983, 0.060994, 0.140899, 0.605996, 0.605996, 2000000000000000.000000, 1000000000000000.000000 
57.696810, 9.435718, 4.740891, 0.094300, 0.191363, 0.942420, 0.942420, 361778.046808, 4863.561015 
96.750740, 23.543846, 18.888570, 0.276731, 0.083648, 0.662111, 0.408116, 39921.038473, 2330.440839 
96.112315, 19.708683, 18.998756, 0.190134, 0.055889, 1.452487, 0.235391, 35825.952797, 2326.875254 
83.227506, 25.132073, 17.924001, 0.290614, 0.064504, 0.627512, 0.396513, 43692.816903, 2206.457755 
93.197860, 23.772203, 19.097105, 0.264177, 0.052639, 0.615915, 0.410808, 36992.958931, 2301.280928 
30.871057, 2.863409, 1.722994, 0.027906, 0.090766, 0.271776, 0.271776, 2000000000000000.000000, 1000000000000000.000000 
49.238736, 7.363490, 3.789358, 0.073366, 0.159645, 0.730968, 0.730968, 542021.084562, 7010.893001 
81.612799, 28.128532, 13.571449, 0.246453, 0.064683, 1.489226, 0.363631, 53336.989521, 2163.338812 
87.052068, 25.934855, 17.705498, 0.288808, 0.062910, 0.716990, 0.557767, 42815.550164, 2230.630080 
47.383424, 6.908939, 3.580635, 0.068774, 0.152688, 0.684586, 0.684586, 608048.930396, 7792.243360 
104.326091, 18.606207, 17.812666, 0.219265, 0.062196, 1.860630, 0.474670, 34726.490376, 2388.059442 
55.585489, 32.160357, 15.407730, 0.161929, 0.062942, 1.769229, 1.029211, 70117.575712, 2119.813407 
47.220848, 6.869108, 3.562345, 0.068372, 0.152078, 0.680521, 0.680521, 614588.448887, 7869.464870 
27.420487, 2.018019, 1.334805, 0.019366, 0.077827, 0.185512, 0.185512, 2000000000000000.000000, 1000000000000000.000000 
70.026576, 25.867631, 14.188855, 0.268546, 0.069298, 1.490817, 0.435571, 58528.853188, 2144.499874 
113.849847, 15.112713, 18.138221, 0.206358, 0.057114, 1.610500, 0.121134, 28259.301399, 2526.918710 
69.181804, 31.105579, 15.209206, 0.168009, 0.058359, 1.569323, 1.111614, 60588.522569, 2122.590570 
90.453896, 23.235906, 18.565769, 0.259462, 0.057282, 0.766416, 0.503494, 39737.327916, 2265.609511 
36.425858, 4.224335, 2.347909, 0.041654, 0.111597, 0.410646, 0.410646, 2000000000000000.000000, 1000000000000000.000000 
99.576382, 25.649488, 18.681371, 0.258887, 0.056896, 0.627721, 0.483472, 37035.744858, 2374.193106 
53.405845, 8.384432, 4.258158, 0.083679, 0.175272, 0.835146, 0.835146, 435235.657691, 5740.842859 
46.329526, 6.650734, 3.462072, 0.066166, 0.148736, 0.658238, 0.658238, 653015.565932, 8322.648690 
71.534112, 25.768239, 14.193071, 0.265398, 0.051047, 1.442926, 0.504480, 55978.607124, 2145.402127 
96.805993, 23.336643, 18.918793, 0.264926, 0.055991, 0.521773, 0.526272, 37394.840865, 2330.603663 
73.629906, 26.786836, 13.825613, 0.258218, 0.055659, 1.565784, 0.414223, 55491.916482, 2139.675990 
91.165399, 24.045069, 18.558387, 0.259500, 0.053782, 0.669957, 0.597707, 39708.826241, 2272.740638 
21.155686, 0.483143, 0.630015, 0.003860, 0.054334, 0.028892, 0.028892, 2000000000000000.000000, 1000000000000000.000000 
28.952035, 2.393249, 1.507104, 0.023156, 0.083570, 0.223801, 0.223801, 2000000000000000.000000, 1000000000000000.000000 
39.249560, 4.916142, 2.665575, 0.048643, 0.122186, 0.481239, 0.481239, 2000000000000000.000000, 1000000000000000.000000 
83.139955, 23.666522, 17.629468, 0.303575, 0.057539, 0.453009, 0.281713, 43165.627225, 2206.026545 
73.673299, 26.070021, 16.742661, 0.221539, 0.063137, 0.451328, 0.851704, 56977.092685, 2152.251343 
92.811960, 24.727761, 18.209413, 0.278577, 0.054704, 0.708304, 0.378162, 38095.645762, 2282.980724 
70.360131, 26.419809, 14.419327, 0.260129, 0.056547, 1.490393, 0.396848, 56090.697183, 2137.463858 
86.575249, 29.483147, 13.996274, 0.249742, 0.068084, 1.627202, 0.584812, 51178.291326, 2194.884264 
85.668994, 26.260382, 17.845334, 0.299072, 0.059517, 0.637006, 0.355806, 41592.875426, 2224.206344 
85.872815, 28.240225, 13.635096, 0.244215, 0.052367, 1.570431, 0.622497, 51011.433204, 2185.895413 
23.979083, 1.174875, 0.947647, 0.010848, 0.064922, 0.099477, 0.099477, 2000000000000000.000000, 1000000000000000.000000 
45.439765, 6.432742, 3.361974, 0.063963, 0.145399, 0.635994, 0.635994, 2000000000000000.000000, 1000000000000000.000000 
39.083544, 4.875468, 2.646899, 0.048232, 0.121563, 0.477089, 0.477089, 2000000000000000.000000, 1000000000000000.000000 
25.641478, 1.582162, 1.134666, 0.014963, 0.071156, 0.141037, 0.141037, 2000000000000000.000000, 1000000000000000.000000 
83.632423, 29.134731, 13.820728, 0.258477, 0.069563, 1.604313, 0.593981, 52745.563922, 2175.137580 
98.322703, 23.672450, 18.680282, 0.261313, 0.057050, 0.689694, 0.495877, 36913.795431, 2342.726640 
92.178839, 24.104790, 17.674656, 0.267572, 0.055143, 0.965599, 0.427883, 39207.631241, 2264.771997 
50.548778, 7.684451, 3.936738, 0.076608, 0.164558, 0.763719, 0.763719, 503278.800488, 6551.003565 
79.696988, 24.739851, 17.942324, 0.308330, 0.070213, 0.571665, 0.223080, 44916.504671, 2189.879434 
91.855929, 22.828946, 18.796861, 0.245391, 0.054332, 0.789195, 0.434661, 38406.552531, 2280.713550 
