50.751709, 7.734169, 3.959567, 0.077110, 0.165319, 0.768793, 0.768793, 497759.782797, 6485.404696 
62.991248, 32.865511, 14.952905, 0.163352, 0.060056, 1.860991, 1.037533, 63545.363798, 2111.043308 
71.569167, 30.758098, 14.588889, 0.230331, 0.052701, 1.520591, 0.474315, 53908.962493, 2126.429840 
47.652877, 6.974955, 3.610949, 0.069441, 0.153698, 0.691322, 0.691322, 597503.757105, 7667.659022 
96.524223, 24.996611, 19.835557, 0.298153, 0.052619, 0.578526, 0.532038, 34699.821372, 2366.046902 
64.170216, 30.267486, 15.434442, 0.163982, 0.073605, 1.634057, 1.101247, 67131.190055, 2113.973357 
102.975835, 24.051605, 20.362736, 0.325709, 0.060029, 0.615904, 0.424582, 31737.121599, 2455.896223 
49.836878, 7.510035, 3.856649, 0.074846, 0.161888, 0.745922, 0.745922, 523630.043460, 6792.713986 
49.101681, 7.329912, 3.773939, 0.073027, 0.159131, 0.727542, 0.727542, 546414.776027, 7062.981598 
73.736290, 25.216576, 14.332918, 0.253514, 0.050361, 1.690638, 0.499176, 54238.476178, 2152.419370 
94.437457, 23.623346, 19.763627, 0.319672, 0.058690, 0.767659, 0.418930, 34626.806394, 2328.612924 
36.806529, 4.317600, 2.390735, 0.042596, 0.113024, 0.420163, 0.420163, 2000000000000000.000000, 1000000000000000.000000 
34.762271, 3.816756, 2.160755, 0.037537, 0.105359, 0.369057, 0.369057, 2000000000000000.000000, 1000000000000000.000000 
82.240281, 24.788688, 14.333224, 0.283399, 0.060963, 1.534255, 0.300245, 49667.281379, 2176.542230 
77.837527, 28.083298, 13.950501, 0.263382, 0.051167, 1.699893, 0.445620, 51957.689031, 2146.406016 
57.155255, 9.303038, 4.679966, 0.092959, 0.189332, 0.928881, 0.928881, 369636.436761, 4957.474296 
89.148546, 22.967819, 19.451382, 0.322098, 0.050568, 0.491797, 0.428215, 36731.824635, 2271.795383 
59.681247, 31.686311, 15.257534, 0.170663, 0.053906, 1.842047, 0.976405, 63893.103712, 2110.947954 
70.065741, 30.220156, 14.462490, 0.242686, 0.053389, 1.410316, 0.353683, 54642.980804, 2120.470723 
101.444380, 16.326419, 18.502631, 0.217840, 0.067432, 1.805747, 0.271904, 33830.393142, 2400.714428 
94.975462, 23.488304, 17.524568, 0.323303, 0.061394, 1.017837, 0.318382, 37290.344914, 2284.726242 
22.559474, 0.827071, 0.787941, 0.007335, 0.059598, 0.063987, 0.063987, 2000000000000000.000000, 1000000000000000.000000 
106.993680, 16.217598, 18.607600, 0.209985, 0.050830, 1.931647, 0.309488, 29721.784673, 2446.858687 
80.181880, 25.738411, 13.829866, 0.273843, 0.055246, 1.717435, 0.417799, 51766.780582, 2164.107536 
86.640778, 24.535967, 17.961263, 0.288160, 0.055806, 1.031594, 0.258389, 39644.238445, 2228.471950 
91.969371, 23.727748, 19.023298, 0.319027, 0.054114, 0.412727, 0.340383, 36577.343830, 2288.187725 
83.711271, 25.444442, 13.700950, 0.276982, 0.053844, 1.553827, 0.295066, 50161.443191, 2180.356226 
36.686143, 4.288105, 2.377191, 0.042298, 0.112573, 0.417154, 0.417154, 2000000000000000.000000, 1000000000000000.000000 
100.916664, 15.586261, 18.353346, 0.223231, 0.068352, 1.768654, 0.194471, 33660.798454, 2412.721123 
94.785794, 24.812936, 20.341795, 0.308399, 0.060661, 0.606877, 0.240612, 33851.700436, 2358.839676 
89.414094, 22.015168, 18.696953, 0.305210, 0.056023, 0.329184, 0.343977, 38932.678435, 2262.715641 
59.533440, 9.885693, 4.947512, 0.098845, 0.198250, 0.988336, 0.988336, 337499.887813, 4573.478205 
79.212984, 22.119301, 18.259868, 0.326654, 0.058189, 0.631433, 0.356484, 44258.539254, 2218.420249 
51.571632, 7.935050, 4.051809, 0.079140, 0.168394, 0.789291, 0.789291, 476626.127266, 6234.019157 
56.895220, 9.239329, 4.650712, 0.092316, 0.188357, 0.922381, 0.922381, 373534.806177, 5004.061656 
68.686128, 29.760103, 14.208595, 0.243474, 0.070152, 1.488038, 0.313087, 57768.971967, 2117.368079 
48.210751, 7.111634, 3.673710, 0.070822, 0.155790, 0.705269, 0.705269, 576765.954346, 7422.431545 
75.835127, 27.160503, 18.239878, 0.272208, 0.054755, 0.759741, 0.733874, 46962.531945, 2173.680677 
87.396825, 25.520471, 17.697483, 0.293232, 0.057021, 0.867137, 0.269535, 40126.585366, 2231.506832 
93.873853, 23.730080, 19.239724, 0.317231, 0.062949, 0.796414, 0.392531, 35955.841021, 2310.838580 
26.487418, 1.789417, 1.229835, 0.017056, 0.074328, 0.162185, 0.162185, 2000000000000000.000000, 1000000000000000.000000 
86.127655, 22.017141, 18.293287, 0.293597, 0.063486, 0.601419, 0.176175, 40730.727242, 2239.019212 
76.783530, 25.709651, 14.043641, 0.251043, 0.056579, 1.774113, 0.541230, 53902.509736, 2153.432680 
38.242165, 4.669331, 2.552244, 0.046149, 0.118408, 0.456054, 0.456054, 2000000000000000.000000, 1000000000000000.000000 
104.059604, 15.960926, 18.577208, 0.204684, 0.055262, 1.801210, 0.372273, 32054.181368, 2425.870777 
81.090972, 24.206349, 17.045366, 0.285465, 0.056827, 0.662800, 0.627084, 46676.366897, 2188.087796 
84.348830, 22.469403, 18.304266, 0.304964, 0.063361, 0.634555, 0.397066, 42338.017977, 2227.554447 
99.779025, 23.945752, 18.364346, 0.322231, 0.058658, 0.647341, 0.389165, 35127.012371, 2352.442193 
44.356261, 6.167284, 3.240079, 0.061282, 0.141336, 0.608907, 0.608907, 2000000000000000.000000, 1000000000000000.000000 
41.409194, 5.445252, 2.908534, 0.053988, 0.130284, 0.535230, 0.535230, 2000000000000000.000000, 1000000000000000.000000 
95.147226, 23.904154, 19.823239, 0.305175, 0.065548, 0.806495, 0.499422, 35830.715611, 2339.703664 
101.122122, 23.484220, 18.052976, 0.324339, 0.057543, 0.662719, 0.342693, 34724.346536, 2356.700518 
105.312022, 16.542916, 18.761857, 0.212755, 0.065555, 1.820714, 0.363721, 32486.570236, 2429.263433 
100.977853, 23.125242, 18.120900, 0.322454, 0.050789, 0.755828, 0.424772, 33974.441075, 2354.891994 
37.050143, 4.377285, 2.418141, 0.043199, 0.113938, 0.426254, 0.426254, 2000000000000000.000000, 1000000000000000.000000 
98.192264, 24.423221, 19.976642, 0.320843, 0.052082, 0.713034, 0.226418, 31701.644455, 2384.187822 
96.260053, 23.971141, 19.393508, 0.297879, 0.052176, 0.704080, 0.374260, 34199.898636, 2340.875256 
54.619344, 8.681739, 4.394676, 0.086683, 0.179823, 0.865484, 0.865484, 411578.294263, 5458.523717 
90.331132, 22.626674, 18.388400, 0.325544, 0.052166, 0.496196, 0.359931, 37735.407675, 2262.203491 
75.550459, 26.692835, 13.593805, 0.274892, 0.054633, 1.731613, 0.461429, 54640.451742, 2145.606517 
99.802807, 22.930133, 19.740872, 0.308922, 0.058400, 0.856607, 0.438409, 32902.538379, 2382.667943 
93.370597, 24.204177, 19.618179, 0.303599, 0.064463, 0.719546, 0.223311, 35442.020936, 2317.996655 
88.163188, 23.886622, 19.395945, 0.329431, 0.060707, 0.421081, 0.437342, 38578.344967, 2264.382029 
94.004511, 23.864772, 19.532693, 0.294729, 0.068536, 0.832303, 0.269039, 35965.310238, 2319.990227 
79.716094, 26.718925, 17.766009, 0.281441, 0.051448, 0.782124, 0.680605, 44784.172775, 2185.616341 
79.501452, 25.042760, 18.048946, 0.264475, 0.054009, 0.675682, 0.678981, 45946.870587, 2189.332446 
91.013475, 23.397491, 19.530191, 0.313381, 0.070494, 0.806201, 0.356901, 37322.161935, 2289.374447 
46.769904, 6.758626, 3.511614, 0.067256, 0.150387, 0.669248, 0.669248, 633464.069730, 8092.194331 
91.408131, 23.955085, 18.554352, 0.299697, 0.066417, 1.122266, 0.280729, 37486.058813, 2274.438338 
71.469526, 29.471117, 13.761823, 0.235441, 0.053161, 1.516054, 0.356031, 56094.848535, 2124.553642 
81.632248, 25.688352, 13.826064, 0.267912, 0.054301, 1.805256, 0.321816, 50681.519449, 2169.787334 
96.344221, 23.957878, 20.072233, 0.306177, 0.059516, 0.644006, 0.256221, 33514.863880, 2360.388041 
21.690556, 0.614186, 0.690188, 0.005184, 0.056340, 0.042264, 0.042264, 2000000000000000.000000, 1000000000000000.000000 
91.346921, 25.903340, 18.330321, 0.297931, 0.055643, 1.010463, 0.333418, 37296.729660, 2279.580947 
90.060411, 22.536987, 17.960770, 0.331437, 0.064352, 0.486015, 0.312861, 39690.922106, 2254.165498 
36.501545, 4.242879, 2.356424, 0.041841, 0.111881, 0.412539, 0.412539, 2000000000000000.000000, 1000000000000000.000000 
91.387320, 24.262100, 19.643488, 0.310681, 0.057833, 0.721330, 0.395037, 36034.001019, 2299.454365 
47.708819, 6.988661, 3.617242, 0.069579, 0.153908, 0.692720, 0.692720, 595358.897479, 7642.309772 
97.274386, 24.251728, 19.799971, 0.306848, 0.055576, 0.737356, 0.301092, 33150.727078, 2366.081118 
95.460305, 25.344831, 19.877272, 0.323443, 0.068588, 0.733032, 0.542412, 36144.737510, 2358.709604 
90.739217, 22.847130, 18.317509, 0.317123, 0.071594, 0.378049, 0.409504, 40939.018943, 2263.671570 
44.385020, 6.174330, 3.243315, 0.061353, 0.141444, 0.609625, 0.609625, 2000000000000000.000000, 1000000000000000.000000 
92.930072, 22.916669, 18.573063, 0.305741, 0.058685, 0.513228, 0.347290, 37530.009163, 2285.500678 
89.347470, 22.273646, 18.007998, 0.297869, 0.057901, 0.631372, 0.231811, 39170.811956, 2251.294598 
64.972526, 30.195094, 15.458852, 0.162214, 0.074360, 1.754914, 1.125848, 66581.604000, 2114.708509 
49.767640, 7.493072, 3.848859, 0.074675, 0.161629, 0.744191, 0.744191, 525695.960427, 6817.234639 
90.242753, 23.279674, 17.451350, 0.293012, 0.054491, 1.045683, 0.353874, 39206.143787, 2246.346164 
20.302572, 0.274130, 0.534039, 0.001749, 0.051135, 0.007564, 0.007564, 2000000000000000.000000, 1000000000000000.000000 
93.791267, 23.762273, 19.726032, 0.295153, 0.050118, 0.532214, 0.325153, 34517.422110, 2321.952692 
81.434982, 24.225428, 14.107664, 0.283572, 0.064645, 1.573859, 0.441769, 51672.422548, 2179.420756 
43.718038, 6.010919, 3.168279, 0.059702, 0.138943, 0.592951, 0.592951, 2000000000000000.000000, 1000000000000000.000000 
53.906994, 8.507213, 4.314537, 0.084920, 0.177151, 0.847675, 0.847675, 425143.438734, 5620.439886 
87.830657, 22.200039, 18.231953, 0.300916, 0.061136, 0.634685, 0.215916, 39688.955412, 2245.686160 
74.810195, 29.834086, 14.618917, 0.234354, 0.051918, 1.397559, 0.530874, 52713.196815, 2136.551021 
21.388003, 0.540061, 0.656150, 0.004435, 0.055205, 0.034700, 0.034700, 2000000000000000.000000, 1000000000000000.000000 
90.820130, 23.438376, 19.305757, 0.309718, 0.054039, 0.558863, 0.362669, 36512.729386, 2283.122261 
106.423572, 15.762825, 18.488852, 0.214205, 0.060798, 1.933204, 0.355621, 31324.838459, 2447.157553 
91.602364, 23.833067, 17.991572, 0.326938, 0.053031, 0.416509, 0.294681, 37901.198634, 2265.146278 
87.392179, 24.530809, 17.736506, 0.289223, 0.050678, 1.049040, 0.281428, 39224.024595, 2230.073533 
87.134120, 24.152557, 18.556072, 0.311187, 0.071510, 0.665462, 0.309065, 40673.588107, 2241.500129 
93.448911, 24.399024, 20.067694, 0.312148, 0.072416, 0.749916, 0.418081, 36500.133223, 2332.062071 
36.417659, 4.222326, 2.346987, 0.041634, 0.111566, 0.410441, 0.410441, 2000000000000000.000000, 1000000000000000.000000 
76.365811, 27.245203, 13.537251, 0.257925, 0.066701, 1.683517, 0.470476, 56012.321375, 2145.094487 
91.253641, 22.367095, 17.911353, 0.297997, 0.067944, 0.585012, 0.269686, 40003.196954, 2262.192897 
83.952300, 24.926076, 13.898079, 0.267927, 0.055926, 1.448122, 0.338584, 50216.925258, 2183.791112 
32.308964, 3.215696, 1.884758, 0.031465, 0.096159, 0.307724, 0.307724, 2000000000000000.000000, 1000000000000000.000000 
93.947445, 23.438453, 18.687281, 0.295703, 0.056338, 0.616257, 0.451819, 37188.835067, 2297.950142 
85.617666, 24.447331, 18.093391, 0.294491, 0.063776, 1.079537, 0.390946, 41075.083813, 2223.767770 
105.005753, 16.747572, 18.429079, 0.214648, 0.052180, 1.890001, 0.288950, 30872.937309, 2420.327502 
95.891041, 22.624594, 18.384101, 0.299843, 0.062172, 0.472625, 0.499606, 38299.877841, 2307.578883 
66.671088, 30.208576, 15.405985, 0.167331, 0.063891, 1.490762, 1.078062, 63381.162238, 2116.450604 
31.784231, 3.087137, 1.825726, 0.030166, 0.094191, 0.294606, 0.294606, 2000000000000000.000000, 1000000000000000.000000 
82.893806, 25.265269, 14.280409, 0.263979, 0.058654, 1.697630, 0.396003, 49757.150948, 2176.127174 
86.268525, 23.810858, 17.546782, 0.292484, 0.055134, 1.064820, 0.400351, 40962.139208, 2220.814197 
101.178367, 23.817637, 20.556189, 0.314319, 0.063513, 0.753912, 0.212010, 31193.297749, 2434.794807 
96.239417, 24.898323, 19.511319, 0.298444, 0.064046, 0.504753, 0.433465, 36575.842387, 2352.095685 
90.405266, 23.096997, 17.781827, 0.305687, 0.058440, 1.022759, 0.286358, 38464.053012, 2252.549569 
86.288876, 23.606357, 17.382600, 0.299113, 0.063107, 1.139065, 0.338738, 41593.520145, 2219.509656 
23.724389, 1.112475, 0.918994, 0.010218, 0.063966, 0.093110, 0.093110, 2000000000000000.000000, 1000000000000000.000000 
97.487176, 23.855329, 20.452017, 0.327315, 0.061885, 0.650447, 0.284485, 32571.936812, 2384.155269 
53.752989, 8.469482, 4.297211, 0.084539, 0.176574, 0.843825, 0.843825, 428194.663540, 5656.847549 
96.217204, 23.187618, 19.435353, 0.301332, 0.053859, 0.825725, 0.451030, 34262.399678, 2336.232664 
95.227568, 25.205674, 19.381363, 0.300055, 0.052706, 0.734431, 0.279713, 34225.360929, 2340.064364 
70.064647, 29.670248, 13.880906, 0.245502, 0.067831, 1.594340, 0.308520, 57416.419238, 2120.700502 
93.738191, 23.075057, 18.663726, 0.299350, 0.054952, 0.581005, 0.462725, 37139.417229, 2294.530805 
29.547003, 2.539016, 1.574038, 0.024629, 0.085801, 0.238675, 0.238675, 2000000000000000.000000, 1000000000000000.000000 
47.388520, 6.910187, 3.581209, 0.068787, 0.152707, 0.684713, 0.684713, 607846.161919, 7789.848408 
24.969805, 1.417602, 1.059103, 0.013300, 0.068637, 0.124245, 0.124245, 2000000000000000.000000, 1000000000000000.000000 
