100.606906, 19.898407, 20.373222, 0.318520, 0.061019, 1.231799, 0.144656, 29341.435532, 2394.116183 
92.566644, 21.446575, 19.993166, 0.337257, 0.055035, 0.930820, 0.304903, 33345.540803, 2309.682407 
56.544638, 9.153436, 4.611272, 0.091448, 0.187042, 0.913616, 0.913616, 378924.974840, 5068.473944 
92.908810, 22.272747, 20.163104, 0.338003, 0.060614, 1.058040, 0.496382, 34090.060404, 2316.833406 
65.145242, 30.740158, 15.437730, 0.249681, 0.051863, 1.780132, 0.277359, 53952.310543, 2114.112035 
80.827694, 23.853254, 17.582258, 0.310412, 0.058878, 0.631550, 0.297247, 44084.866901, 2194.935431 
69.017559, 29.539051, 15.504642, 0.253273, 0.066808, 1.363454, 0.165497, 53329.350233, 2121.929336 
100.844914, 21.262036, 19.832159, 0.320018, 0.065389, 1.331809, 0.132414, 30399.222715, 2387.268118 
87.230750, 22.654608, 17.346110, 0.309272, 0.055785, 0.616232, 0.228726, 40868.385214, 2229.004603 
58.023089, 31.672850, 14.587936, 0.243664, 0.062652, 1.617868, 0.264944, 62153.662198, 2112.054005 
77.499487, 23.994983, 17.991587, 0.316168, 0.067892, 0.967786, 0.235323, 45099.865971, 2188.848599 
81.572670, 23.935651, 16.294202, 0.301093, 0.067284, 0.935833, 0.428524, 47271.133795, 2185.672486 
81.775059, 24.083570, 17.839950, 0.316836, 0.057320, 0.596681, 0.344615, 43050.235020, 2200.303057 
88.246161, 22.315730, 19.697839, 0.301534, 0.061551, 0.774062, 0.388598, 37752.186685, 2270.506049 
67.395776, 29.934115, 16.034967, 0.245418, 0.052174, 1.346915, 0.131502, 51688.594351, 2121.980695 
81.191755, 29.034669, 16.292246, 0.231440, 0.064271, 1.634553, 0.404784, 46730.769645, 2182.588624 
99.463230, 21.618703, 17.762371, 0.335926, 0.062892, 0.950101, 0.253552, 34813.270496, 2328.894358 
83.476527, 24.637671, 17.390474, 0.305995, 0.059359, 0.914378, 0.216765, 42149.780141, 2201.088660 
49.097943, 7.328996, 3.773519, 0.073017, 0.159117, 0.727449, 0.727449, 546535.571211, 7064.413380 
59.953152, 9.988522, 4.994730, 0.099884, 0.199824, 0.998829, 0.998829, 332415.491075, 4512.756323 
24.053261, 1.193049, 0.955992, 0.011032, 0.065200, 0.101332, 0.101332, 2000000000000000.000000, 1000000000000000.000000 
81.005621, 28.897025, 15.088718, 0.238555, 0.062935, 1.662954, 0.129531, 47886.034575, 2166.863327 
68.058962, 30.830843, 15.458480, 0.256032, 0.053641, 1.798440, 0.138971, 51561.406646, 2120.200233 
56.319661, 9.098317, 4.585962, 0.090891, 0.186199, 0.907992, 0.907992, 382467.986720, 5110.810208 
96.080804, 22.769576, 20.125779, 0.304344, 0.070567, 0.856423, 0.309600, 34463.278132, 2349.762960 
90.480841, 22.241392, 18.955683, 0.322695, 0.060417, 0.958797, 0.242305, 36265.092831, 2273.395081 
46.497020, 6.691770, 3.480915, 0.066580, 0.149364, 0.662426, 0.662426, 645442.969161, 8233.419696 
88.317887, 24.981791, 18.660113, 0.314130, 0.056215, 0.952711, 0.138443, 36954.274119, 2254.649588 
89.394393, 21.641310, 18.989323, 0.309386, 0.076183, 1.089655, 0.274133, 38402.627608, 2268.828559 
90.044609, 23.154672, 17.096022, 0.317313, 0.064720, 1.337669, 0.204405, 39422.457210, 2240.688707 
100.981214, 21.732375, 19.634091, 0.300634, 0.052040, 1.191794, 0.054648, 29759.619922, 2385.904876 
43.740815, 6.016500, 3.170842, 0.059759, 0.139028, 0.593520, 0.593520, 2000000000000000.000000, 1000000000000000.000000 
88.724029, 22.402916, 17.513861, 0.340620, 0.054173, 1.335269, 0.272061, 38231.375201, 2240.703620 
102.595282, 21.691431, 19.795227, 0.321509, 0.056124, 1.062470, 0.024419, 29100.733081, 2409.361835 
83.365618, 25.110457, 18.788123, 0.310499, 0.053545, 0.744916, 0.055168, 38716.865159, 2221.242330 
82.447917, 25.625337, 16.521968, 0.217093, 0.056707, 1.313562, 0.435400, 46457.353690, 2183.959072 
78.320291, 23.727044, 17.837205, 0.313921, 0.055970, 0.952827, 0.250920, 43945.402999, 2191.494846 
45.710358, 6.499038, 3.392415, 0.064633, 0.146414, 0.642759, 0.642759, 2000000000000000.000000, 1000000000000000.000000 
59.841729, 9.961224, 4.982194, 0.099608, 0.199406, 0.996043, 0.996043, 333749.732728, 4528.689475 
95.146507, 22.387551, 21.137347, 0.335278, 0.051476, 1.157302, 0.300859, 30232.928594, 2363.753681 
89.657785, 22.333440, 18.912378, 0.313896, 0.064697, 1.123677, 0.357879, 37476.995267, 2266.637106 
84.969696, 22.556150, 20.243057, 0.326571, 0.053118, 1.053657, 0.398361, 36605.732041, 2259.146971 
87.101884, 22.751381, 19.825360, 0.320820, 0.067704, 1.050638, 0.298126, 37280.722932, 2264.253310 
48.162193, 7.099737, 3.668247, 0.070701, 0.155608, 0.704055, 0.704055, 578515.017531, 7443.126227 
28.262721, 2.224367, 1.429556, 0.021450, 0.080985, 0.206568, 0.206568, 2000000000000000.000000, 1000000000000000.000000 
92.804682, 21.260133, 20.877434, 0.337521, 0.067631, 1.036899, 0.304248, 33087.383547, 2330.016794 
85.530683, 24.903544, 18.799257, 0.322085, 0.051031, 0.878095, 0.077268, 37218.856486, 2235.729247 
76.646891, 29.589460, 14.946451, 0.235273, 0.052219, 1.702949, 0.023756, 48631.619719, 2145.706011 
88.792235, 23.286550, 17.070412, 0.313208, 0.057837, 1.383121, 0.215286, 39469.177732, 2231.889046 
94.297823, 22.554595, 20.208323, 0.331973, 0.057426, 0.991652, 0.441377, 33203.350279, 2332.164443 
90.785549, 21.761291, 19.097660, 0.309002, 0.057918, 0.913451, 0.186665, 35758.797097, 2279.252156 
89.579439, 23.269845, 19.180977, 0.311611, 0.054275, 1.127208, 0.349911, 36029.087363, 2270.188512 
97.337368, 22.180801, 18.105403, 0.344095, 0.052432, 0.960119, 0.138944, 33511.926239, 2315.115847 
93.581114, 20.979046, 20.510495, 0.333740, 0.052560, 0.837555, 0.225084, 31857.713987, 2329.026005 
87.987290, 21.966683, 17.310435, 0.313206, 0.054421, 1.460520, 0.238826, 39125.850123, 2237.656986 
90.952893, 21.682309, 19.188540, 0.314177, 0.068543, 0.916108, 0.295290, 37011.555422, 2282.212282 
27.840564, 2.120938, 1.382063, 0.020405, 0.079402, 0.196014, 0.196014, 2000000000000000.000000, 1000000000000000.000000 
54.092723, 8.552717, 4.335431, 0.085379, 0.177848, 0.852318, 0.852318, 421521.019615, 5577.210653 
48.434335, 7.166412, 3.698863, 0.071375, 0.156629, 0.710858, 0.710858, 568843.849385, 7328.672285 
32.001644, 3.140403, 1.850185, 0.030704, 0.095006, 0.300041, 0.300041, 2000000000000000.000000, 1000000000000000.000000 
67.397633, 31.462493, 15.038973, 0.243990, 0.053210, 1.765135, 0.172523, 53030.655315, 2117.384706 
68.123424, 31.239419, 15.384600, 0.251252, 0.061152, 1.844891, 0.084561, 51991.163171, 2120.873895 
74.201029, 22.956576, 18.073002, 0.318207, 0.067226, 0.590450, 0.322548, 48943.343655, 2204.584379 
89.725291, 21.936420, 17.301745, 0.324817, 0.056735, 1.323937, 0.280081, 38676.127378, 2247.185752 
77.857376, 23.747379, 17.694236, 0.314840, 0.058534, 0.714759, 0.354492, 45600.002217, 2188.858135 
43.132408, 5.867440, 3.102396, 0.058253, 0.136747, 0.578310, 0.578310, 2000000000000000.000000, 1000000000000000.000000 
88.220464, 23.044834, 17.728243, 0.334654, 0.066533, 1.334036, 0.317541, 39337.673878, 2237.372742 
91.927843, 21.818572, 21.138135, 0.340245, 0.053552, 1.112880, 0.353668, 31809.631519, 2328.711242 
45.154569, 6.362869, 3.329889, 0.063258, 0.144330, 0.628864, 0.628864, 2000000000000000.000000, 1000000000000000.000000 
103.882517, 20.544533, 19.522438, 0.298945, 0.055310, 1.194997, 0.107260, 29267.351309, 2412.269736 
21.395050, 0.541787, 0.656943, 0.004453, 0.055231, 0.034876, 0.034876, 2000000000000000.000000, 1000000000000000.000000 
87.653848, 22.789481, 17.061923, 0.332874, 0.053934, 1.483476, 0.313860, 39607.697930, 2227.492858 
55.098074, 8.799028, 4.448533, 0.087868, 0.181618, 0.877452, 0.877452, 402939.805674, 5355.370214 
90.057062, 21.972314, 17.040358, 0.327430, 0.050800, 1.322271, 0.212231, 38269.241582, 2246.239966 
78.773636, 23.052503, 17.235148, 0.298250, 0.068204, 0.867822, 0.030949, 45547.851020, 2194.451843 
73.407803, 29.346728, 15.200326, 0.249106, 0.079629, 1.576823, 0.124661, 52360.295232, 2133.183224 
102.015906, 21.341414, 19.413769, 0.309007, 0.051725, 1.247114, 0.195658, 29959.114395, 2390.445367 
23.232696, 0.992010, 0.863678, 0.009001, 0.062123, 0.080817, 0.080817, 2000000000000000.000000, 1000000000000000.000000 
94.433451, 23.057962, 19.866241, 0.347069, 0.066519, 0.964308, 0.428349, 34340.749818, 2327.741937 
85.580370, 23.512919, 18.218505, 0.310642, 0.052415, 0.568452, 0.397236, 40422.845023, 2226.839140 
69.377259, 28.044102, 15.093576, 0.234908, 0.075449, 1.547769, 0.121257, 55464.317074, 2124.889610 
80.076648, 24.289002, 17.291506, 0.298598, 0.057147, 0.809235, 0.140895, 43928.330310, 2186.260306 
90.220514, 21.127955, 19.887510, 0.327432, 0.059246, 1.070040, 0.378896, 35147.593731, 2291.255640 
71.012443, 29.223305, 15.364487, 0.245373, 0.060405, 1.592930, 0.217319, 52043.517471, 2126.269244 
91.718800, 21.542850, 21.058946, 0.327563, 0.053671, 1.115071, 0.430263, 32468.336481, 2324.676428 
76.496160, 23.853652, 18.192159, 0.325694, 0.054860, 0.497643, 0.318992, 45301.797950, 2191.003294 
91.544177, 21.961005, 20.802237, 0.335211, 0.054048, 1.139850, 0.384551, 32593.542149, 2318.045757 
87.450029, 21.650948, 19.768567, 0.340989, 0.061208, 0.832705, 0.332529, 36819.570875, 2269.476428 
93.282863, 21.488843, 21.679909, 0.334952, 0.056659, 1.151118, 0.283413, 30652.292251, 2353.409406 
70.006211, 28.507826, 14.770092, 0.242904, 0.052085, 1.573465, 0.127280, 53263.311464, 2123.124652 
96.018910, 22.083641, 20.695450, 0.335996, 0.062320, 0.954791, 0.380153, 32162.178931, 2359.806166 
89.274337, 21.900563, 19.960641, 0.331678, 0.065724, 0.994737, 0.237859, 35561.314864, 2283.298609 
59.224361, 30.941305, 14.580640, 0.246326, 0.059253, 1.730894, 0.230430, 60944.197677, 2113.179141 
92.621792, 21.484340, 18.936928, 0.320131, 0.061301, 0.847823, 0.284283, 35902.071904, 2290.825168 
83.039415, 27.111989, 16.707218, 0.227845, 0.051279, 1.454199, 0.461794, 44387.443206, 2191.242553 
51.480323, 7.912679, 4.041536, 0.078914, 0.168051, 0.787008, 0.787008, 478891.467205, 6260.979835 
85.494918, 22.224523, 19.790249, 0.337073, 0.070228, 0.945439, 0.353429, 38551.370269, 2255.920788 
71.457433, 31.002016, 15.316229, 0.249979, 0.058898, 1.791968, 0.125133, 50475.466359, 2131.112138 
88.419894, 22.947401, 17.345031, 0.336538, 0.064884, 1.338798, 0.295352, 39697.504919, 2234.162204 
94.692678, 23.017961, 17.462698, 0.322154, 0.053798, 1.404156, 0.164145, 35659.535027, 2280.895426 
63.054341, 29.684817, 15.369334, 0.256269, 0.056139, 1.853312, 0.295823, 56461.597135, 2116.322280 
66.461570, 30.824315, 15.400039, 0.256497, 0.057487, 1.774095, 0.110713, 52910.156952, 2116.086443 
87.679966, 24.626526, 18.773106, 0.318091, 0.056162, 0.770421, 0.083698, 37044.155552, 2250.478587 
81.090553, 24.615088, 17.606740, 0.316233, 0.079241, 0.969985, 0.176890, 44285.888039, 2192.124360 
79.924096, 24.453466, 17.110165, 0.316981, 0.050614, 0.842779, 0.258289, 43768.832093, 2182.866474 
26.765409, 1.857525, 1.261109, 0.017744, 0.075370, 0.169135, 0.169135, 2000000000000000.000000, 1000000000000000.000000 
44.965927, 6.316652, 3.308667, 0.062791, 0.143622, 0.624148, 0.624148, 2000000000000000.000000, 1000000000000000.000000 
57.488527, 9.384689, 4.717459, 0.093784, 0.190582, 0.937213, 0.937213, 364759.693622, 4899.193904 
70.316765, 29.137630, 14.857241, 0.245027, 0.067282, 1.587425, 0.120700, 53913.493078, 2122.425749 
23.370188, 1.025696, 0.879146, 0.009341, 0.062638, 0.084255, 0.084255, 2000000000000000.000000, 1000000000000000.000000 
36.650254, 4.279312, 2.373154, 0.042209, 0.112438, 0.416256, 0.416256, 2000000000000000.000000, 1000000000000000.000000 
87.338162, 21.674970, 19.743711, 0.336284, 0.064104, 1.018208, 0.377988, 37115.431713, 2268.303693 
42.135050, 5.623087, 2.990193, 0.055784, 0.133006, 0.553376, 0.553376, 2000000000000000.000000, 1000000000000000.000000 
58.050790, 9.522444, 4.780714, 0.095176, 0.192690, 0.951270, 0.951270, 356823.350442, 4804.350554 
93.787777, 20.720453, 21.168113, 0.336676, 0.053906, 0.940425, 0.479107, 31776.300663, 2344.954773 
90.696262, 22.511803, 17.092264, 0.314227, 0.056653, 1.333829, 0.062206, 38012.574241, 2247.430360 
33.190965, 3.431786, 1.983984, 0.033648, 0.099466, 0.329774, 0.329774, 2000000000000000.000000, 1000000000000000.000000 
89.733507, 23.321522, 17.039304, 0.338951, 0.055804, 1.410581, 0.277836, 38760.011667, 2237.451910 
36.154085, 4.157751, 2.317335, 0.040981, 0.110578, 0.403852, 0.403852, 2000000000000000.000000, 1000000000000000.000000 
30.187568, 2.695954, 1.646101, 0.026214, 0.088203, 0.254689, 0.254689, 2000000000000000.000000, 1000000000000000.000000 
48.935259, 7.289138, 3.755217, 0.072615, 0.158507, 0.723381, 0.723381, 551844.531687, 7127.334191 
22.278442, 0.758218, 0.756325, 0.006639, 0.058544, 0.056961, 0.056961, 2000000000000000.000000, 1000000000000000.000000 
52.671586, 8.204539, 4.175553, 0.081862, 0.172518, 0.816790, 0.816790, 450916.407533, 5927.805393 
49.321606, 7.383794, 3.798681, 0.073571, 0.159956, 0.733040, 0.733040, 539397.860070, 6979.787710 
97.863222, 21.403424, 18.256077, 0.347924, 0.054782, 1.000265, 0.157553, 33122.437425, 2322.921765 
40.115693, 5.128345, 2.763015, 0.050786, 0.125434, 0.502892, 0.502892, 2000000000000000.000000, 1000000000000000.000000 
85.333426, 22.331361, 20.072933, 0.332535, 0.056840, 1.090515, 0.328788, 36639.869373, 2259.200457 
68.656053, 29.912922, 16.332410, 0.252645, 0.052031, 1.706200, 0.229993, 50048.296807, 2127.381140 
