97.189954, 23.645791, 19.170658, 0.328014, 0.068808, 0.955218, 0.225393, 34158.365782, 2342.784066 
57.571225, 9.404950, 4.726763, 0.093989, 0.190892, 0.939281, 0.939281, 363569.859282, 4884.974477 
88.161061, 23.905643, 17.475992, 0.305742, 0.062044, 1.022749, 0.117180, 39571.939082, 2231.571051 
22.078541, 0.709243, 0.733836, 0.006144, 0.057795, 0.051964, 0.051964, 2000000000000000.000000, 1000000000000000.000000 
70.224345, 29.584075, 14.274081, 0.245766, 0.069017, 1.504811, 0.480852, 57391.758637, 2120.780003 
73.789866, 28.641717, 14.848149, 0.227507, 0.055031, 1.512880, 0.477354, 53108.063622, 2132.572437 
56.221834, 9.074349, 4.574956, 0.090649, 0.185832, 0.905546, 0.905546, 384029.636978, 5129.470005 
103.254039, 21.627510, 19.224620, 0.287394, 0.059710, 0.604671, 0.318142, 33087.505466, 2401.464546 
82.892063, 24.246033, 17.291725, 0.311505, 0.068443, 1.041348, 0.326569, 43708.237216, 2198.209904 
67.107957, 31.210897, 14.541121, 0.239049, 0.061339, 1.561164, 0.325333, 56359.999955, 2114.338817 
85.416812, 22.207842, 16.649972, 0.291688, 0.064955, 1.120440, 0.373750, 44169.404329, 2218.514222 
48.295296, 7.132348, 3.683221, 0.071031, 0.156107, 0.707382, 0.707382, 573745.126927, 7386.684925 
83.571190, 24.677740, 17.225826, 0.297755, 0.065234, 0.941156, 0.397611, 43968.229712, 2199.484481 
77.825365, 24.484120, 17.198005, 0.313718, 0.056691, 1.026354, 0.183140, 44852.982847, 2177.047244 
90.120406, 23.351448, 16.794238, 0.309917, 0.062239, 1.027357, 0.297812, 40804.027356, 2237.053200 
97.862719, 22.123347, 19.323237, 0.320147, 0.057476, 0.874695, 0.332310, 33147.612734, 2345.705237 
76.206456, 30.019741, 14.965544, 0.234141, 0.050426, 1.506121, 0.569750, 50908.766676, 2145.251074 
57.188822, 9.311261, 4.683742, 0.093042, 0.189458, 0.929721, 0.929721, 369139.257839, 4951.532605 
86.768075, 25.521450, 17.846688, 0.297982, 0.069798, 0.982377, 0.311461, 41335.066243, 2229.439619 
56.372056, 9.111154, 4.591856, 0.091021, 0.186395, 0.909301, 0.909301, 381636.850817, 5100.879026 
88.931715, 23.617764, 19.760480, 0.294963, 0.053979, 0.628816, 0.439718, 37129.477735, 2277.265134 
73.029471, 27.502262, 18.396101, 0.281866, 0.060223, 0.805515, 0.588905, 47960.660678, 2164.821417 
76.808753, 24.284829, 17.558845, 0.292827, 0.051586, 1.218629, 0.323517, 44983.604400, 2180.083316 
92.372890, 22.802600, 17.870986, 0.304032, 0.050610, 1.140425, 0.115404, 35941.169959, 2268.878933 
67.815317, 29.556839, 14.680193, 0.245930, 0.056043, 1.533445, 0.352896, 55665.076289, 2116.578761 
75.143092, 28.447577, 14.910253, 0.237746, 0.057234, 1.506399, 0.531048, 52521.134962, 2137.569373 
100.917070, 22.846397, 17.611259, 0.307253, 0.056829, 1.158429, 0.284511, 34491.930870, 2341.815533 
100.394483, 22.481519, 19.833968, 0.308488, 0.050835, 0.886542, 0.189409, 30531.918521, 2389.010448 
27.711696, 2.089366, 1.367566, 0.020086, 0.078919, 0.192792, 0.192792, 2000000000000000.000000, 1000000000000000.000000 
31.341250, 2.978606, 1.775891, 0.029070, 0.092530, 0.283531, 0.283531, 2000000000000000.000000, 1000000000000000.000000 
30.475839, 2.766581, 1.678532, 0.026928, 0.089284, 0.261896, 0.261896, 2000000000000000.000000, 1000000000000000.000000 
102.103390, 22.728907, 19.880512, 0.297298, 0.054205, 1.029474, 0.196029, 30329.831115, 2413.488698 
32.698472, 3.311126, 1.928578, 0.032429, 0.097619, 0.317462, 0.317462, 2000000000000000.000000, 1000000000000000.000000 
80.798691, 24.899897, 16.845737, 0.302521, 0.065090, 0.808082, 0.199355, 45242.494240, 2181.370239 
76.494702, 24.629230, 17.579268, 0.296979, 0.065276, 1.134359, 0.364753, 46634.855849, 2176.564777 
90.446856, 25.219016, 19.936080, 0.315998, 0.058758, 0.761180, 0.130944, 34712.870227, 2304.629788 
76.142967, 26.723827, 17.772531, 0.257342, 0.067590, 0.784377, 0.658326, 49758.994988, 2168.413884 
71.579621, 29.157972, 14.861267, 0.229803, 0.057616, 1.413370, 0.324372, 53844.393580, 2125.623385 
68.710031, 26.605138, 18.839630, 0.292777, 0.051184, 0.850978, 0.670814, 49591.648536, 2168.615354 
74.502590, 27.966921, 15.025642, 0.232844, 0.055950, 1.438617, 0.440741, 52414.325893, 2136.287272 
49.350779, 7.390941, 3.801963, 0.073643, 0.160065, 0.733769, 0.733769, 538480.328738, 6968.906547 
95.851101, 22.170017, 19.187446, 0.327108, 0.058950, 0.898434, 0.190362, 33444.241883, 2322.826860 
94.754229, 22.427891, 19.628598, 0.322676, 0.054126, 0.984029, 0.283937, 33056.194563, 2322.681979 
96.537712, 21.679454, 19.267215, 0.299324, 0.055045, 0.579190, 0.494006, 35230.916698, 2330.221676 
99.458433, 22.790431, 18.423969, 0.305406, 0.056398, 1.106172, 0.266607, 33576.353160, 2344.135081 
69.789342, 26.422287, 18.740136, 0.289327, 0.053406, 0.812340, 0.509287, 48778.584366, 2168.418394 
74.736775, 28.380600, 15.548934, 0.238206, 0.064077, 1.459520, 0.420985, 51620.034713, 2139.585632 
91.400926, 24.483440, 17.708208, 0.294034, 0.054808, 1.142337, 0.416717, 38388.497507, 2259.899013 
77.390443, 24.955833, 17.008168, 0.314740, 0.060306, 0.883646, 0.401396, 46783.344686, 2170.620250 
80.250054, 25.006597, 17.684503, 0.297392, 0.062375, 0.888216, 0.204594, 43630.427715, 2187.992779 
83.294941, 22.825537, 17.417073, 0.305159, 0.069262, 0.979371, 0.473366, 44589.356974, 2210.538852 
82.141303, 23.848607, 17.046016, 0.318759, 0.051020, 1.037772, 0.379111, 42962.386343, 2194.507130 
95.283807, 24.422432, 19.674917, 0.319556, 0.062665, 0.769320, 0.358514, 34726.710110, 2341.511183 
37.515693, 4.491345, 2.470515, 0.044351, 0.115684, 0.437892, 0.437892, 2000000000000000.000000, 1000000000000000.000000 
94.267864, 23.787785, 19.894828, 0.310266, 0.061601, 0.787350, 0.321923, 34570.641037, 2331.330262 
77.125458, 28.592700, 15.455327, 0.241657, 0.060302, 1.486695, 0.464880, 50204.686893, 2149.106750 
84.129837, 29.772230, 14.875006, 0.229643, 0.051166, 1.398568, 0.476704, 48033.400914, 2187.967252 
65.445850, 30.360671, 14.799570, 0.249062, 0.060549, 1.691696, 0.306809, 56492.662650, 2112.361595 
91.544368, 24.157524, 17.569529, 0.292869, 0.055167, 1.167442, 0.349712, 38332.929502, 2257.903567 
87.383578, 25.940005, 17.130495, 0.295088, 0.054098, 0.919511, 0.262572, 40697.106413, 2223.330962 
106.206686, 22.271801, 19.551299, 0.291443, 0.066447, 1.065531, 0.265960, 31238.449496, 2453.597875 
69.462486, 29.456073, 14.764538, 0.245212, 0.057407, 1.472102, 0.374954, 54854.396522, 2119.878409 
79.025719, 29.654100, 15.236835, 0.267743, 0.051010, 1.399599, 0.358064, 47715.548443, 2160.338773 
86.408141, 23.491314, 18.172324, 0.303620, 0.064828, 1.327551, 0.143620, 39050.742568, 2231.118675 
66.954500, 30.352699, 14.780328, 0.247160, 0.071385, 1.503921, 0.279972, 56905.266419, 2114.335616 
36.577553, 4.261500, 2.364975, 0.042029, 0.112166, 0.414439, 0.414439, 2000000000000000.000000, 1000000000000000.000000 
72.159690, 29.111979, 15.086061, 0.234324, 0.054513, 1.441460, 0.441457, 52948.257134, 2128.223128 
24.604796, 1.328175, 1.018040, 0.012397, 0.067268, 0.115120, 0.115120, 2000000000000000.000000, 1000000000000000.000000 
80.376528, 28.739747, 15.610870, 0.232072, 0.059419, 1.398812, 0.499258, 48905.599987, 2167.694219 
69.401675, 29.694696, 14.939915, 0.243821, 0.061265, 1.640323, 0.405638, 54679.347393, 2120.063146 
27.348372, 2.000351, 1.326692, 0.019187, 0.077556, 0.183709, 0.183709, 2000000000000000.000000, 1000000000000000.000000 
24.999235, 1.424813, 1.062414, 0.013373, 0.068747, 0.124981, 0.124981, 2000000000000000.000000, 1000000000000000.000000 
101.803945, 22.368709, 19.909803, 0.312413, 0.066343, 0.823338, 0.140474, 31384.410279, 2407.597401 
45.863361, 6.536524, 3.409628, 0.065012, 0.146988, 0.646584, 0.646584, 2000000000000000.000000, 1000000000000000.000000 
96.149114, 23.692471, 18.281991, 0.319561, 0.062143, 1.057522, 0.226189, 35252.952346, 2311.147016 
99.628216, 23.401485, 17.869105, 0.301222, 0.056631, 1.058206, 0.283983, 34806.977108, 2335.911802 
93.795682, 24.951541, 19.484334, 0.316826, 0.059410, 0.786059, 0.231756, 34613.518635, 2324.962515 
101.531408, 21.553373, 20.013754, 0.305234, 0.059050, 0.934136, 0.071098, 30040.343904, 2401.614505 
46.401162, 6.668285, 3.470131, 0.066343, 0.149004, 0.660029, 0.660029, 649755.804858, 8284.243224 
54.016371, 8.534011, 4.326842, 0.085191, 0.177561, 0.850409, 0.850409, 423002.664494, 5594.893163 
66.208703, 30.619808, 14.560302, 0.241037, 0.056317, 1.442339, 0.356465, 56825.631928, 2112.538307 
73.244764, 27.028539, 18.665401, 0.289948, 0.053751, 0.887731, 0.586159, 46303.382506, 2169.945918 
67.944241, 30.274300, 14.766164, 0.245783, 0.056435, 1.590740, 0.368262, 55092.977712, 2116.161391 
100.643169, 24.517589, 19.816709, 0.303328, 0.052135, 0.661641, 0.426107, 32545.148286, 2411.049667 
65.087109, 29.751372, 14.545330, 0.249160, 0.057971, 1.708613, 0.248160, 57154.192524, 2113.449754 
92.573504, 22.517328, 19.242058, 0.283488, 0.050398, 0.728371, 0.357071, 35594.926986, 2294.975724 
80.176690, 24.011274, 16.887874, 0.314293, 0.059547, 1.162615, 0.236059, 44472.653910, 2184.821303 
80.079024, 23.652199, 17.076035, 0.321197, 0.063091, 1.136161, 0.187006, 44291.136087, 2189.237587 
88.804090, 25.638637, 17.301022, 0.299483, 0.075242, 1.019877, 0.348665, 42173.948549, 2235.784883 
69.554252, 29.703821, 14.372882, 0.264504, 0.066437, 1.604659, 0.303887, 55651.133975, 2119.191983 
100.326616, 22.563998, 17.677445, 0.302429, 0.062441, 1.085158, 0.261634, 35218.465297, 2336.399499 
34.780146, 3.821136, 2.162766, 0.037581, 0.105426, 0.369504, 0.369504, 2000000000000000.000000, 1000000000000000.000000 
101.395965, 21.670945, 19.837552, 0.304624, 0.059105, 0.977235, 0.159695, 30695.697039, 2395.860505 
95.574814, 23.497006, 18.043795, 0.321979, 0.060515, 1.099498, 0.253761, 35683.455403, 2299.943457 
78.967154, 29.567737, 14.860746, 0.257386, 0.070414, 1.505462, 0.402363, 51038.623487, 2156.507598 
77.276259, 29.692622, 15.222690, 0.257451, 0.055036, 1.466991, 0.447100, 49398.508124, 2151.195221 
81.907961, 24.043807, 18.008239, 0.297187, 0.064110, 0.796344, 0.215564, 42809.565049, 2203.190566 
85.198183, 23.607040, 17.827914, 0.304900, 0.051883, 1.408600, 0.212050, 39242.635183, 2219.030919 
24.666902, 1.343391, 1.025027, 0.012551, 0.067501, 0.116673, 0.116673, 2000000000000000.000000, 1000000000000000.000000 
70.695859, 30.534189, 14.778136, 0.245947, 0.057028, 1.633153, 0.384381, 53481.091842, 2123.721097 
21.654039, 0.605239, 0.686079, 0.005094, 0.056203, 0.041351, 0.041351, 2000000000000000.000000, 1000000000000000.000000 
91.083747, 22.728289, 19.430299, 0.287740, 0.054190, 0.597814, 0.226972, 35988.262070, 2286.480768 
92.337248, 21.743755, 17.034519, 0.305707, 0.057760, 1.236864, 0.200947, 38285.023842, 2261.755133 
52.280276, 8.108668, 4.131531, 0.080894, 0.171051, 0.807007, 0.807007, 459741.169571, 6032.959340 
76.725095, 24.441671, 16.923065, 0.307057, 0.064353, 0.891904, 0.349954, 47870.919276, 2172.549037 
105.058889, 22.221061, 19.261077, 0.305996, 0.065312, 0.772499, 0.127874, 31378.301229, 2428.791320 
66.635394, 29.188704, 14.500948, 0.252520, 0.055972, 1.660601, 0.333894, 56626.064708, 2116.376889 
47.420352, 6.917986, 3.584790, 0.068865, 0.152826, 0.685509, 0.685509, 606582.413677, 7774.921759 
92.562894, 23.641960, 17.970496, 0.317775, 0.054090, 1.040349, 0.215018, 36335.788662, 2272.340717 
80.491741, 25.116159, 17.435774, 0.285944, 0.050746, 0.958828, 0.232535, 42968.185612, 2185.697621 
88.835625, 25.262674, 16.969455, 0.290436, 0.071993, 1.001488, 0.247879, 42196.476360, 2229.625059 
88.735370, 22.740865, 17.714640, 0.297303, 0.055145, 1.000090, 0.315104, 39286.847392, 2241.545465 
58.552701, 9.645412, 4.837179, 0.096418, 0.194573, 0.963818, 0.963818, 350031.783041, 4723.193941 
48.419690, 7.162824, 3.697215, 0.071339, 0.156574, 0.710492, 0.710492, 569356.250326, 7334.737829 
28.002855, 2.160699, 1.400321, 0.020807, 0.080011, 0.200071, 0.200071, 2000000000000000.000000, 1000000000000000.000000 
20.925138, 0.426659, 0.604078, 0.003290, 0.053469, 0.023128, 0.023128, 2000000000000000.000000, 1000000000000000.000000 
89.035967, 22.860610, 17.947533, 0.298379, 0.057710, 1.351511, 0.198632, 37954.300286, 2246.168119 
45.240064, 6.383816, 3.339507, 0.063469, 0.144650, 0.631002, 0.631002, 2000000000000000.000000, 1000000000000000.000000 
86.699511, 23.850198, 17.196634, 0.297645, 0.050584, 1.035578, 0.394187, 40842.718505, 2218.861053 
71.994551, 30.174827, 14.155214, 0.225575, 0.056182, 1.482822, 0.330368, 55044.498038, 2125.687894 
77.740875, 30.633299, 15.089082, 0.264381, 0.061400, 1.510919, 0.359843, 49469.474648, 2157.008165 
81.049400, 23.846401, 16.671635, 0.299863, 0.072632, 0.924485, 0.380844, 47196.930220, 2187.263282 
86.391512, 24.333109, 17.690938, 0.302870, 0.052039, 1.074303, 0.397065, 40030.051692, 2222.708284 
78.710812, 30.488308, 15.725427, 0.240872, 0.061472, 1.396583, 0.544945, 49299.382326, 2168.788592 
102.886794, 22.085704, 17.837630, 0.311206, 0.058578, 1.224744, 0.301940, 33388.843993, 2365.630446 
69.413828, 29.336645, 14.609366, 0.251797, 0.054925, 1.607020, 0.393902, 54754.433711, 2119.650659 
96.278826, 23.791872, 17.982203, 0.328636, 0.061810, 1.148914, 0.278140, 35596.290071, 2306.385294 
89.857313, 25.153339, 17.414577, 0.299408, 0.064248, 0.916167, 0.253823, 40150.932128, 2244.297649 
