98.476244, 22.630483, 19.608180, 0.310331, 0.057366, 0.892179, 0.132107, 31871.731618, 2361.736108 
72.329683, 27.420455, 18.527674, 0.272093, 0.058386, 0.802242, 0.901955, 49766.925324, 2164.520476 
91.986774, 21.258624, 19.052310, 0.314342, 0.058155, 0.514973, 0.306338, 36608.242011, 2288.909119 
80.716988, 28.510336, 14.547900, 0.240861, 0.054688, 1.384496, 0.592365, 50982.954616, 2160.669622 
30.261842, 2.714151, 1.654457, 0.026398, 0.088482, 0.256546, 0.256546, 2000000000000000.000000, 1000000000000000.000000 
78.811758, 24.404786, 16.936898, 0.288161, 0.052738, 0.726832, 0.697192, 47543.673948, 2177.996109 
82.630374, 24.492288, 18.175694, 0.275868, 0.053110, 0.856712, 0.666811, 43188.474016, 2207.450264 
89.312797, 25.345196, 18.659352, 0.308907, 0.062568, 0.981177, 0.382511, 38283.638109, 2264.838913 
51.511037, 7.920204, 4.044992, 0.078990, 0.168166, 0.787776, 0.787776, 478127.077763, 6251.882971 
70.554979, 30.697734, 14.573684, 0.240055, 0.054370, 1.514429, 0.457348, 54363.943997, 2122.841540 
21.996461, 0.689133, 0.724602, 0.005941, 0.057487, 0.049912, 0.049912, 2000000000000000.000000, 1000000000000000.000000 
88.866817, 24.057684, 18.794551, 0.303500, 0.053337, 0.465868, 0.391531, 38503.969425, 2258.599141 
93.967350, 22.100104, 19.825602, 0.304751, 0.064664, 0.337923, 0.299273, 36270.130226, 2318.771080 
91.847622, 20.201474, 19.621797, 0.289385, 0.053443, 0.437625, 0.304156, 35968.458779, 2303.187118 
20.883780, 0.416526, 0.599425, 0.003187, 0.053314, 0.022095, 0.022095, 2000000000000000.000000, 1000000000000000.000000 
96.188705, 24.309811, 19.600176, 0.324728, 0.050793, 0.795953, 0.438962, 33318.640674, 2348.489534 
41.208060, 5.395975, 2.885907, 0.053490, 0.129530, 0.530202, 0.530202, 2000000000000000.000000, 1000000000000000.000000 
78.637753, 26.821197, 13.463778, 0.265754, 0.058376, 1.756521, 0.397081, 53767.234019, 2154.697445 
53.713412, 8.459786, 4.292759, 0.084441, 0.176425, 0.842835, 0.842835, 428985.870708, 5666.287575 
92.082947, 23.651182, 18.543519, 0.326668, 0.053422, 0.756016, 0.311876, 36183.630137, 2279.110636 
72.175903, 29.625798, 14.793943, 0.222887, 0.059802, 1.552930, 0.320852, 53747.229856, 2127.246561 
93.478198, 23.475623, 19.113888, 0.304275, 0.065597, 0.486994, 0.332416, 37433.676954, 2302.954863 
93.563513, 25.950123, 19.508336, 0.300573, 0.064153, 0.733752, 0.234396, 35735.089941, 2333.081996 
97.217062, 22.800210, 19.855277, 0.312289, 0.066140, 0.780249, 0.390436, 34361.332288, 2355.291277 
87.412132, 23.950001, 18.421432, 0.277528, 0.060100, 1.174929, 0.418258, 39695.765959, 2241.038282 
47.606636, 6.963626, 3.605747, 0.069326, 0.153525, 0.690166, 0.690166, 599288.035603, 7688.744193 
88.882673, 22.969668, 17.836726, 0.308051, 0.059003, 1.125346, 0.332191, 39034.821983, 2243.288262 
78.172359, 29.768856, 13.569333, 0.276902, 0.065081, 1.784992, 0.393777, 53443.189923, 2148.808609 
92.073183, 22.936526, 19.932796, 0.331602, 0.055737, 0.441581, 0.428125, 35437.842251, 2306.061192 
20.488636, 0.319716, 0.554972, 0.002209, 0.051832, 0.012216, 0.012216, 2000000000000000.000000, 1000000000000000.000000 
75.170514, 30.107406, 14.599490, 0.244306, 0.050566, 1.493584, 0.492396, 51781.152530, 2138.699758 
67.206725, 30.170032, 16.286013, 0.154680, 0.060495, 1.720496, 1.184826, 61413.814570, 2123.687216 
53.913678, 8.508851, 4.315289, 0.084936, 0.177176, 0.847842, 0.847842, 425011.993347, 5618.871343 
81.379660, 25.783344, 18.201718, 0.267782, 0.063749, 0.723685, 0.705492, 46019.044789, 2200.291458 
97.086861, 22.938334, 19.505457, 0.292472, 0.055976, 0.509579, 0.351843, 34649.548526, 2345.751432 
79.044852, 30.080469, 14.682315, 0.253429, 0.056694, 1.364985, 0.489328, 50600.461178, 2157.759655 
96.625793, 23.621053, 19.704507, 0.310240, 0.055584, 0.695576, 0.290885, 33387.305526, 2350.510316 
87.925544, 23.059932, 17.533349, 0.303694, 0.060138, 0.883731, 0.239289, 40253.011715, 2233.007214 
90.217096, 22.698332, 18.311124, 0.324064, 0.052513, 0.402927, 0.355653, 38189.680248, 2260.028413 
51.423111, 7.898662, 4.035100, 0.078772, 0.167837, 0.785578, 0.785578, 480321.762821, 6278.000489 
50.359033, 7.637963, 3.915391, 0.076139, 0.163846, 0.758976, 0.758976, 508549.360159, 6613.629358 
71.535563, 30.215226, 14.375512, 0.234993, 0.052851, 1.608480, 0.439836, 54259.170267, 2124.600410 
79.302969, 30.732505, 14.984535, 0.238541, 0.058498, 1.451192, 0.387675, 49668.728371, 2165.321703 
70.644847, 30.916576, 14.161405, 0.256329, 0.069862, 1.451836, 0.620612, 57599.612126, 2122.619765 
87.221367, 22.766384, 19.581363, 0.324828, 0.052976, 0.672138, 0.479643, 37453.098449, 2260.654003 
75.322846, 30.004142, 15.056437, 0.236743, 0.063554, 1.385810, 0.487963, 52586.609120, 2141.752705 
97.368668, 24.094451, 19.487528, 0.292924, 0.051766, 0.561694, 0.408996, 34285.427078, 2356.769574 
92.991994, 21.677110, 18.921668, 0.315123, 0.061777, 0.497360, 0.331911, 37009.088348, 2292.894774 
75.651328, 30.008481, 13.915631, 0.255672, 0.069986, 1.667064, 0.439099, 54866.907447, 2138.530160 
88.690532, 23.347572, 18.086374, 0.300476, 0.064548, 0.642415, 0.313112, 40381.317312, 2244.816410 
71.654027, 29.332138, 14.328699, 0.219981, 0.058272, 1.581213, 0.383004, 55487.532476, 2124.628881 
80.714496, 24.446690, 18.412542, 0.266738, 0.057754, 0.799591, 0.767445, 45413.878217, 2201.615355 
77.392386, 27.166827, 13.612809, 0.276271, 0.059217, 1.723142, 0.427182, 53838.534459, 2148.219845 
88.256579, 22.364947, 17.891908, 0.304366, 0.053916, 1.108187, 0.300342, 38702.801825, 2242.778019 
37.558693, 4.501880, 2.475353, 0.044458, 0.115845, 0.438967, 0.438967, 2000000000000000.000000, 1000000000000000.000000 
28.772029, 2.349147, 1.486853, 0.022711, 0.082895, 0.219301, 0.219301, 2000000000000000.000000, 1000000000000000.000000 
94.659192, 22.870965, 17.455075, 0.305613, 0.058298, 0.898132, 0.346885, 37865.429152, 2280.531219 
96.705738, 24.278135, 19.850077, 0.324298, 0.060153, 0.655303, 0.425121, 34202.504805, 2361.175271 
42.788704, 5.783232, 3.063729, 0.057402, 0.135458, 0.569718, 0.569718, 2000000000000000.000000, 1000000000000000.000000 
65.952561, 30.695163, 15.907432, 0.160099, 0.054935, 1.732466, 1.121958, 60508.740166, 2118.389753 
82.261470, 21.886368, 18.313735, 0.280654, 0.052326, 0.991440, 0.473483, 42352.899193, 2226.998288 
88.379104, 25.008732, 19.581550, 0.332495, 0.064589, 0.441945, 0.495589, 38864.623232, 2275.000852 
66.620473, 31.192608, 16.135601, 0.148125, 0.064551, 1.743970, 1.196693, 63344.395120, 2122.480016 
96.001537, 22.982572, 19.383887, 0.304308, 0.069096, 0.618697, 0.392077, 36500.430588, 2331.649021 
92.515598, 22.506375, 18.090239, 0.295066, 0.054943, 0.960934, 0.324544, 37161.811755, 2273.840475 
74.132769, 30.931002, 14.565767, 0.241289, 0.063340, 1.516790, 0.550980, 54036.756924, 2136.998533 
81.670440, 24.220772, 17.258530, 0.298463, 0.055702, 1.013251, 0.322347, 43403.304057, 2192.490532 
77.950831, 26.884456, 13.757973, 0.262257, 0.051428, 1.730835, 0.562919, 53135.524502, 2150.628504 
87.406839, 24.837373, 17.999291, 0.279115, 0.054547, 1.144111, 0.465712, 39941.663771, 2234.905738 
92.548451, 21.696839, 19.241457, 0.310190, 0.076613, 0.528419, 0.262979, 38111.271635, 2295.028759 
95.038443, 23.830009, 18.387360, 0.296434, 0.056013, 0.575895, 0.440436, 37313.115198, 2303.318756 
87.743721, 22.810814, 18.229452, 0.283023, 0.058592, 0.950770, 0.408253, 40036.109111, 2242.183837 
94.326225, 24.734925, 18.380864, 0.296513, 0.063757, 0.525848, 0.452760, 38928.783006, 2301.141984 
80.408445, 24.711281, 18.222004, 0.270088, 0.067224, 0.837875, 0.736243, 46916.764882, 2196.689549 
75.282964, 29.906335, 14.364687, 0.240386, 0.050005, 1.412274, 0.511576, 52641.941410, 2137.702758 
72.863197, 27.014131, 13.791796, 0.275244, 0.051493, 1.690459, 0.349214, 54789.503943, 2136.944249 
74.200854, 29.768343, 14.423879, 0.235988, 0.052478, 1.546336, 0.378057, 52703.265294, 2133.324949 
89.726264, 23.007097, 18.106842, 0.317074, 0.052222, 0.414741, 0.286343, 38511.677641, 2252.819842 
93.492601, 25.345199, 19.780964, 0.307848, 0.050938, 0.845806, 0.156959, 33184.572194, 2333.616638 
93.883629, 22.642258, 18.901440, 0.294346, 0.054864, 0.475420, 0.356223, 36562.597467, 2299.739010 
72.670515, 29.956850, 14.745261, 0.219966, 0.060693, 1.608352, 0.411401, 54053.803084, 2129.160358 
84.053251, 23.109550, 17.886138, 0.298642, 0.067691, 0.626612, 0.297124, 43276.729057, 2216.526052 
93.207448, 22.641165, 19.407770, 0.292180, 0.055638, 0.552826, 0.383977, 36140.205410, 2304.100150 
96.867875, 22.347901, 17.898778, 0.309299, 0.056019, 1.153326, 0.316757, 35303.811743, 2307.125728 
79.242261, 30.056232, 13.256827, 0.272336, 0.052491, 1.724221, 0.512841, 53318.250755, 2154.727675 
74.267004, 29.538974, 14.787405, 0.242261, 0.067622, 1.529464, 0.596524, 54415.788559, 2134.545896 
95.931075, 24.905277, 19.908836, 0.304825, 0.054029, 0.791076, 0.300828, 33252.785280, 2360.286130 
88.854796, 23.630893, 17.608051, 0.310874, 0.056628, 1.114273, 0.239579, 38813.607758, 2238.445622 
89.845764, 23.775810, 17.524159, 0.320153, 0.064307, 1.154750, 0.269655, 39157.811609, 2244.021613 
75.323916, 29.648631, 13.888665, 0.263090, 0.069505, 1.554098, 0.361879, 54757.481458, 2136.678354 
29.023100, 2.410659, 1.515099, 0.023332, 0.083837, 0.225577, 0.225577, 2000000000000000.000000, 1000000000000000.000000 
39.415415, 4.956777, 2.684234, 0.049053, 0.122808, 0.485385, 0.485385, 2000000000000000.000000, 1000000000000000.000000 
91.095858, 23.244997, 18.771555, 0.318622, 0.050998, 0.821857, 0.355561, 36113.793949, 2274.461584 
91.536274, 22.117257, 19.112980, 0.315912, 0.071223, 0.619600, 0.294125, 37869.596523, 2284.209978 
87.043283, 23.166460, 19.948003, 0.322848, 0.064612, 0.523367, 0.338677, 38150.897084, 2265.818104 
83.518252, 23.393431, 17.645715, 0.286719, 0.050264, 0.924585, 0.384649, 41914.077625, 2209.518497 
73.127105, 26.809117, 18.316882, 0.299880, 0.062952, 0.825621, 0.731687, 48752.849067, 2165.185065 
101.882699, 22.044501, 19.207694, 0.294357, 0.050243, 0.505814, 0.345697, 32549.305961, 2386.876235 
93.490881, 23.963701, 19.587766, 0.324065, 0.060607, 0.846490, 0.475119, 35436.265707, 2316.806240 
95.406285, 21.508743, 19.422546, 0.293708, 0.052314, 0.226027, 0.253367, 34959.047974, 2322.786282 
27.969638, 2.152561, 1.396584, 0.020725, 0.079886, 0.199241, 0.199241, 2000000000000000.000000, 1000000000000000.000000 
91.118792, 23.991429, 17.434985, 0.311331, 0.061375, 1.106534, 0.278515, 38826.072267, 2252.161137 
88.562890, 23.810521, 18.205854, 0.333566, 0.060931, 0.483910, 0.497998, 40334.269483, 2245.544377 
31.616895, 3.046139, 1.806901, 0.029752, 0.093563, 0.290422, 0.290422, 2000000000000000.000000, 1000000000000000.000000 
101.740573, 22.342495, 19.757427, 0.317427, 0.068725, 0.732371, 0.407312, 33415.134678, 2402.171945 
93.237037, 26.231208, 19.372137, 0.293931, 0.056383, 0.752057, 0.244723, 35337.747250, 2328.711239 
59.606741, 30.833783, 15.069835, 0.180312, 0.054865, 1.819214, 0.892529, 64200.622243, 2114.000373 
52.586765, 8.183757, 4.166011, 0.081652, 0.172200, 0.814669, 0.814669, 452800.579169, 5950.260828 
46.306601, 6.645117, 3.459493, 0.066109, 0.148650, 0.657665, 0.657665, 654065.447212, 8335.016529 
91.386082, 23.447451, 17.714882, 0.297110, 0.058573, 0.925588, 0.334258, 38775.005624, 2258.458788 
32.802324, 3.336569, 1.940261, 0.032686, 0.098009, 0.320058, 0.320058, 2000000000000000.000000, 1000000000000000.000000 
87.347037, 23.602064, 18.059036, 0.269235, 0.062603, 1.190533, 0.421475, 40850.679915, 2235.097038 
81.761594, 29.381391, 14.537095, 0.232099, 0.064108, 1.444276, 0.577218, 51876.127327, 2168.734359 
57.311547, 9.341329, 4.697549, 0.093346, 0.189918, 0.932789, 0.932789, 367332.974736, 4929.946413 
57.155967, 9.303212, 4.680046, 0.092961, 0.189335, 0.928899, 0.928899, 369625.884463, 4957.348150 
92.907350, 23.329615, 17.793365, 0.306446, 0.051504, 0.975308, 0.332082, 36976.490404, 2271.722715 
94.989974, 22.945663, 19.517662, 0.304955, 0.061861, 0.862914, 0.276118, 34532.061769, 2324.442921 
47.893939, 7.034015, 3.638068, 0.070038, 0.154602, 0.697348, 0.697348, 588367.155875, 7559.654359 
87.889540, 23.163462, 19.933475, 0.328822, 0.053421, 0.616135, 0.419036, 36479.142013, 2271.722249 
92.817324, 20.868339, 18.668634, 0.323680, 0.058342, 0.448420, 0.421876, 37399.686826, 2290.801555 
92.655639, 23.564795, 17.227417, 0.307070, 0.057994, 0.932431, 0.365510, 39035.881042, 2260.730916 
30.011228, 2.652751, 1.626263, 0.025778, 0.087542, 0.250281, 0.250281, 2000000000000000.000000, 1000000000000000.000000 
42.731198, 5.769144, 3.057260, 0.057260, 0.135242, 0.568280, 0.568280, 2000000000000000.000000, 1000000000000000.000000 
59.107250, 9.781276, 4.899566, 0.097790, 0.196652, 0.977681, 0.977681, 342830.265242, 4637.151611 
86.615458, 23.622714, 17.443526, 0.312396, 0.064700, 1.161283, 0.257984, 40825.622140, 2222.088162 
47.635667, 6.970738, 3.609013, 0.069398, 0.153634, 0.690892, 0.690892, 598166.591231, 7675.492460 
90.899448, 23.639997, 17.658084, 0.289691, 0.052793, 0.949133, 0.477857, 39118.384287, 2253.862205 
81.446298, 22.426015, 17.537615, 0.304617, 0.065717, 0.662202, 0.260644, 44803.981373, 2210.341055 
