90.678578, 23.087304, 19.939842, 0.331883, 0.055773, 1.060735, 0.237445, 33953.267976, 2294.284731 
25.824556, 1.627016, 1.155263, 0.015416, 0.071842, 0.145614, 0.145614, 2000000000000000.000000, 1000000000000000.000000 
55.998259, 9.019573, 4.549804, 0.090096, 0.184993, 0.899956, 0.899956, 387647.620867, 5172.698283 
55.985049, 9.016337, 4.548318, 0.090063, 0.184944, 0.899626, 0.899626, 387863.538867, 5175.278019 
52.759346, 8.226040, 4.185426, 0.082079, 0.172848, 0.818984, 0.818984, 448983.261238, 5904.764234 
51.024406, 7.800980, 3.990246, 0.077785, 0.166342, 0.775610, 0.775610, 490528.603688, 6399.423825 
56.892618, 9.238691, 4.650420, 0.092309, 0.188347, 0.922315, 0.922315, 373574.244485, 5004.532878 
71.270841, 28.961680, 15.813741, 0.250690, 0.061636, 1.461639, 0.126980, 50765.178951, 2129.947537 
89.294748, 22.789609, 18.333819, 0.294759, 0.065557, 1.156744, 0.168368, 38134.723468, 2253.788253 
89.714391, 23.599186, 17.224540, 0.296897, 0.061649, 1.462593, 0.260582, 39449.075411, 2239.051528 
97.071346, 21.930370, 18.322452, 0.313776, 0.060085, 1.153964, 0.248681, 34501.657113, 2316.626080 
87.816665, 20.839298, 20.063938, 0.322268, 0.067427, 0.875102, 0.165646, 36399.994691, 2281.975797 
82.657356, 23.578000, 17.261766, 0.307847, 0.057536, 0.967769, 0.193671, 42571.981331, 2200.525032 
95.306828, 22.125119, 18.995774, 0.302599, 0.063432, 1.177506, 0.283868, 34749.159479, 2313.705944 
92.320290, 22.124695, 20.154780, 0.338210, 0.053105, 1.035040, 0.414578, 33270.082865, 2311.081489 
79.996719, 27.105962, 16.279848, 0.222804, 0.060422, 1.526264, 0.315378, 47127.940131, 2168.550546 
88.244904, 22.149078, 18.320590, 0.313632, 0.056443, 1.318936, 0.262313, 37607.590627, 2249.526968 
88.839781, 22.658989, 17.506256, 0.317070, 0.055359, 1.360279, 0.272660, 38591.728207, 2239.945145 
77.284153, 28.378460, 15.176775, 0.235283, 0.058247, 1.744518, 0.132620, 48935.323732, 2147.543431 
87.559717, 21.500002, 19.563743, 0.327288, 0.062134, 0.844932, 0.254183, 37058.331960, 2267.786419 
45.372940, 6.416370, 3.354456, 0.063798, 0.145149, 0.634324, 0.634324, 2000000000000000.000000, 1000000000000000.000000 
35.968851, 4.112368, 2.296496, 0.040523, 0.109883, 0.399221, 0.399221, 2000000000000000.000000, 1000000000000000.000000 
55.069458, 8.792017, 4.445314, 0.087797, 0.181510, 0.876736, 0.876736, 403445.896837, 5361.414442 
60.132599, 31.032197, 14.574395, 0.246493, 0.058716, 1.620303, 0.282341, 60444.748135, 2111.002200 
73.367935, 29.267904, 15.013063, 0.239165, 0.058525, 1.653491, 0.167703, 51263.514873, 2131.931077 
99.986535, 20.217471, 20.154095, 0.312884, 0.057437, 1.112372, 0.044735, 29446.136318, 2382.717923 
80.936778, 22.145705, 16.894800, 0.302408, 0.052825, 0.970856, 0.235199, 44375.604003, 2208.359290 
80.946325, 29.519280, 14.893083, 0.236962, 0.061293, 1.684270, 0.067471, 47906.604476, 2167.380922 
53.120116, 8.314428, 4.226013, 0.082972, 0.174200, 0.828003, 0.828003, 441206.740650, 5812.053219 
20.822715, 0.401565, 0.592555, 0.003036, 0.053085, 0.020568, 0.020568, 2000000000000000.000000, 1000000000000000.000000 
40.048852, 5.111969, 2.755496, 0.050621, 0.125183, 0.501221, 0.501221, 2000000000000000.000000, 1000000000000000.000000 
91.393457, 21.698641, 18.397766, 0.307368, 0.057973, 1.267507, 0.292001, 36504.817264, 2272.766131 
53.656429, 8.445825, 4.286348, 0.084300, 0.176212, 0.841411, 0.841411, 430130.219294, 5679.940225 
81.726589, 23.210269, 18.114548, 0.294333, 0.050912, 1.010125, 0.420970, 41985.700483, 2209.049255 
60.432116, 31.422144, 14.760824, 0.250360, 0.070349, 1.603098, 0.193995, 60171.405016, 2109.410208 
70.016979, 27.622046, 15.765824, 0.224941, 0.055788, 1.632698, 0.277210, 52636.047609, 2130.588119 
86.286966, 22.804351, 18.097094, 0.318540, 0.058005, 1.338974, 0.263969, 38913.351875, 2232.039682 
29.578476, 2.546727, 1.577579, 0.024707, 0.085919, 0.239462, 0.239462, 2000000000000000.000000, 1000000000000000.000000 
80.436045, 26.375317, 16.030200, 0.245024, 0.056908, 1.605168, 0.653884, 47822.534283, 2168.365339 
86.605386, 24.007032, 18.542707, 0.321188, 0.053189, 0.970230, 0.315787, 38160.836472, 2237.546816 
81.932614, 23.109418, 17.131239, 0.284867, 0.055088, 0.989811, 0.167158, 43342.511183, 2200.509827 
85.217549, 28.254822, 16.810236, 0.211178, 0.053215, 1.518207, 0.401378, 43639.028043, 2213.895919 
73.826331, 28.123765, 15.313920, 0.236396, 0.065470, 1.769048, 0.112026, 50925.579241, 2135.186233 
59.241630, 9.814199, 4.914683, 0.098123, 0.197156, 0.981041, 0.981041, 341130.887198, 4616.850494 
83.015732, 26.865852, 15.868558, 0.240994, 0.051481, 1.546766, 0.648161, 46437.632504, 2180.476745 
89.221176, 22.338079, 18.917082, 0.311732, 0.051390, 1.124853, 0.360708, 36352.736096, 2263.722555 
89.843911, 24.018687, 20.248224, 0.312360, 0.056139, 1.109860, 0.114150, 33673.759635, 2297.776134 
72.378294, 30.145254, 15.076498, 0.249528, 0.063995, 1.672378, 0.086419, 51251.299460, 2130.176290 
99.916736, 21.923115, 18.766877, 0.343472, 0.062041, 1.063324, 0.155501, 32230.453668, 2353.780962 
87.724395, 22.776597, 17.575553, 0.311925, 0.063168, 1.283130, 0.134815, 39301.485434, 2233.632642 
82.781687, 28.405889, 16.647367, 0.218726, 0.054393, 1.609423, 0.438180, 44806.703093, 2194.705633 
97.942806, 21.479542, 19.379992, 0.308856, 0.054645, 1.190262, 0.257152, 32008.790572, 2346.062577 
27.689834, 2.084009, 1.365106, 0.020032, 0.078837, 0.192246, 0.192246, 2000000000000000.000000, 1000000000000000.000000 
40.194172, 5.147572, 2.771844, 0.050981, 0.125728, 0.504854, 0.504854, 2000000000000000.000000, 1000000000000000.000000 
76.861218, 28.534609, 15.207126, 0.236657, 0.053271, 1.667996, 0.090970, 48466.450553, 2146.060329 
89.940925, 22.806612, 17.191866, 0.302828, 0.061486, 1.381946, 0.222489, 39266.539004, 2242.406191 
89.892152, 24.892543, 18.513020, 0.330513, 0.061959, 0.842751, 0.108492, 36870.376869, 2264.366426 
66.149657, 31.238660, 15.627175, 0.258849, 0.066820, 1.777801, 0.258506, 53776.576669, 2117.400272 
89.220870, 23.131742, 17.215691, 0.315118, 0.050823, 1.330208, 0.123055, 38146.110555, 2236.856990 
23.873579, 1.149027, 0.935778, 0.010587, 0.064526, 0.096839, 0.096839, 2000000000000000.000000, 1000000000000000.000000 
31.572257, 3.035203, 1.801879, 0.029641, 0.093396, 0.289306, 0.289306, 2000000000000000.000000, 1000000000000000.000000 
38.984218, 4.851133, 2.635725, 0.047986, 0.121191, 0.474605, 0.474605, 2000000000000000.000000, 1000000000000000.000000 
76.457944, 28.412957, 16.730568, 0.210975, 0.061197, 1.662530, 0.440483, 48512.050438, 2158.512055 
20.039218, 0.209608, 0.504412, 0.001097, 0.050147, 0.000980, 0.000980, 2000000000000000.000000, 1000000000000000.000000 
89.228747, 22.957516, 18.010770, 0.308636, 0.072008, 1.403427, 0.183872, 38665.279236, 2248.081353 
64.326026, 31.657848, 15.747050, 0.251279, 0.056686, 1.747861, 0.298988, 53951.098745, 2115.345587 
89.444428, 23.096586, 17.004685, 0.314801, 0.056786, 1.383665, 0.167159, 39036.994275, 2235.933481 
37.682168, 4.532131, 2.489244, 0.044763, 0.116308, 0.442054, 0.442054, 2000000000000000.000000, 1000000000000000.000000 
94.786569, 22.240246, 18.424740, 0.312181, 0.068963, 1.187562, 0.335783, 36429.588312, 2298.228013 
79.110890, 28.990087, 15.146031, 0.240296, 0.055497, 1.633716, 0.043407, 47481.217829, 2157.414210 
86.548969, 24.407465, 18.232493, 0.328170, 0.065924, 0.881662, 0.152323, 39243.535466, 2232.157530 
91.011064, 23.586400, 19.700628, 0.331172, 0.059000, 1.019295, 0.292392, 34763.762917, 2293.763177 
80.015302, 23.330643, 17.950996, 0.321722, 0.057758, 0.547963, 0.291350, 43837.845386, 2200.748987 
88.916996, 22.069544, 17.419773, 0.323487, 0.065850, 1.283652, 0.289544, 39739.709679, 2242.902315 
79.745587, 24.683253, 16.479907, 0.311747, 0.055608, 1.052952, 0.484620, 46146.189048, 2175.266918 
90.688260, 23.780777, 20.814287, 0.310184, 0.051792, 0.734677, 0.383747, 33907.790980, 2318.131582 
92.978739, 21.165131, 18.030068, 0.299081, 0.062066, 1.164898, 0.092393, 36299.393656, 2281.285361 
88.496718, 22.313707, 17.765462, 0.318643, 0.061074, 1.345307, 0.280817, 38815.777898, 2242.891622 
104.706790, 20.902221, 20.088709, 0.312955, 0.069665, 1.048827, 0.131830, 29775.880392, 2439.680469 
83.404799, 23.379319, 19.687123, 0.336414, 0.060799, 0.859069, 0.414610, 39116.416431, 2238.118656 
38.482557, 4.728227, 2.579288, 0.046744, 0.119310, 0.462064, 0.462064, 2000000000000000.000000, 1000000000000000.000000 
74.879195, 27.651387, 17.195091, 0.237073, 0.054242, 1.628928, 0.570876, 47529.571663, 2155.805562 
86.831314, 23.095043, 19.935179, 0.338853, 0.053192, 0.888630, 0.360258, 36007.994203, 2264.096069 
36.095288, 4.143345, 2.310720, 0.040836, 0.110357, 0.402382, 0.402382, 2000000000000000.000000, 1000000000000000.000000 
46.976594, 6.809266, 3.534867, 0.067767, 0.151162, 0.674415, 0.674415, 624674.525593, 7988.508908 
101.479518, 20.385312, 19.965943, 0.313445, 0.060580, 1.070935, 0.142384, 29977.800279, 2394.916183 
100.468668, 21.078028, 20.202856, 0.314225, 0.060088, 1.088231, 0.094820, 29833.550667, 2391.697061 
33.825142, 3.587160, 2.055328, 0.035217, 0.101844, 0.345629, 0.345629, 2000000000000000.000000, 1000000000000000.000000 
81.102678, 22.725426, 18.182087, 0.303207, 0.056885, 1.040972, 0.474131, 42989.607505, 2212.464664 
88.097679, 23.330819, 18.094432, 0.307386, 0.062334, 1.336003, 0.261881, 38620.503293, 2240.996612 
88.988979, 20.949401, 19.165785, 0.310904, 0.055061, 1.058497, 0.197498, 35993.951104, 2273.758245 
89.028488, 22.805376, 20.134269, 0.305279, 0.050490, 0.808732, 0.374644, 35242.588198, 2284.150596 
82.356032, 26.761044, 16.443309, 0.220181, 0.055924, 1.541127, 0.386698, 45615.453466, 2182.823730 
89.075602, 20.756057, 17.168988, 0.289457, 0.062176, 1.242042, 0.085790, 39710.184657, 2254.510921 
23.423770, 1.038824, 0.885174, 0.009474, 0.062839, 0.085594, 0.085594, 2000000000000000.000000, 1000000000000000.000000 
94.493823, 25.501404, 19.363089, 0.335410, 0.051102, 1.001645, 0.205570, 33004.591720, 2334.422574 
38.486197, 4.729118, 2.579697, 0.046753, 0.119323, 0.462155, 0.462155, 2000000000000000.000000, 1000000000000000.000000 
100.515922, 20.459145, 20.041074, 0.311582, 0.065650, 1.160856, 0.121558, 30469.096151, 2386.188181 
75.933595, 29.006851, 14.893427, 0.233053, 0.065774, 1.850032, 0.212259, 51125.510768, 2140.923271 
86.397658, 26.822072, 16.243158, 0.216882, 0.056492, 1.454638, 0.416784, 44866.476014, 2206.116088 
41.548100, 5.479285, 2.924161, 0.054332, 0.130805, 0.538703, 0.538703, 2000000000000000.000000, 1000000000000000.000000 
47.132531, 6.847470, 3.552410, 0.068153, 0.151747, 0.678313, 0.678313, 618198.608464, 7912.082636 
82.909735, 29.092576, 14.872001, 0.241033, 0.051279, 1.683821, 0.082688, 46306.896173, 2176.852717 
84.871339, 26.158856, 16.668454, 0.225807, 0.053977, 1.412886, 0.440228, 44185.040925, 2199.923218 
86.150543, 24.199298, 18.116376, 0.322224, 0.053435, 0.832083, 0.170492, 38756.532408, 2227.624613 
102.376729, 21.184584, 19.635902, 0.313993, 0.051979, 1.224524, 0.083957, 29063.369465, 2399.703110 
47.987333, 7.056897, 3.648575, 0.070269, 0.154952, 0.699683, 0.699683, 584900.158884, 7518.655364 
56.843639, 9.226692, 4.644909, 0.092188, 0.188164, 0.921091, 0.921091, 374318.055713, 5013.421652 
95.928707, 21.933050, 18.160537, 0.339286, 0.071771, 1.012027, 0.044761, 35091.722837, 2303.555511 
85.570657, 26.239216, 16.825559, 0.219898, 0.056126, 1.411923, 0.473019, 44222.171101, 2206.849862 
89.275566, 21.494266, 19.292745, 0.312470, 0.052320, 0.953586, 0.209013, 35560.348334, 2273.570864 
97.970122, 21.511940, 18.207298, 0.340102, 0.052250, 1.007083, 0.047889, 32674.334285, 2322.919159 
75.659377, 29.277009, 14.698236, 0.232177, 0.070471, 1.744481, 0.103106, 51785.818935, 2139.277802 
67.510487, 30.412632, 15.662576, 0.252519, 0.053623, 1.757657, 0.232860, 52051.107791, 2119.633427 
83.615653, 24.383819, 18.393170, 0.321424, 0.062528, 0.979811, 0.260024, 40434.695574, 2216.261892 
85.102203, 24.096358, 18.280679, 0.321935, 0.056050, 0.921593, 0.190548, 39149.405560, 2223.677344 
44.574837, 6.220835, 3.264669, 0.061823, 0.142156, 0.614371, 0.614371, 2000000000000000.000000, 1000000000000000.000000 
86.244845, 27.568103, 16.527527, 0.218775, 0.058906, 1.370452, 0.478231, 45049.759093, 2212.492975 
57.063473, 9.280551, 4.669641, 0.092732, 0.188988, 0.926587, 0.926587, 371002.906430, 4973.804473 
49.050799, 7.317446, 3.768215, 0.072901, 0.158941, 0.726270, 0.726270, 548063.730503, 7082.526872 
80.655084, 29.001828, 16.279659, 0.219537, 0.059638, 1.683064, 0.617631, 47728.853049, 2178.816083 
48.130268, 7.091916, 3.664655, 0.070622, 0.155489, 0.703257, 0.703257, 579670.640009, 7456.797899 
31.170885, 2.936867, 1.756725, 0.028648, 0.091891, 0.279272, 0.279272, 2000000000000000.000000, 1000000000000000.000000 
71.690525, 27.866438, 15.668921, 0.224976, 0.057068, 1.587691, 0.237975, 51729.662215, 2131.902098 
66.422671, 30.796622, 15.386521, 0.245992, 0.060310, 1.740019, 0.246743, 54024.183068, 2115.913305 
22.238064, 0.748326, 0.751782, 0.006539, 0.058393, 0.055952, 0.055952, 2000000000000000.000000, 1000000000000000.000000 
70.189021, 26.348321, 15.568364, 0.212613, 0.062247, 1.633223, 0.371928, 55156.355675, 2139.394258 
92.104541, 21.936328, 20.073401, 0.329912, 0.052036, 1.013790, 0.290518, 33083.706645, 2307.330181 
