66.596945, 13.196912, 6.182202, 0.134518, 0.060300, 0.992827, 1.074732, 150285.190687, 3407.591578 
61.186093, 16.044927, 6.934735, 0.034161, 0.059083, 1.354334, 1.108662, 205137.486112, 3028.237171 
37.093505, 4.387909, 2.423019, 0.043306, 0.114101, 0.427338, 0.427338, 2000000000000000.000000, 1000000000000000.000000 
61.852718, 17.152387, 8.519226, 0.011868, 0.065635, 1.587582, 1.104404, 312569.269394, 2764.591160 
30.489788, 2.769998, 1.680101, 0.026962, 0.089337, 0.262245, 0.262245, 2000000000000000.000000, 1000000000000000.000000 
60.572104, 18.884651, 7.216053, 0.035363, 0.050315, 1.368951, 1.172392, 177175.102270, 2768.873303 
59.595198, 18.627408, 6.516319, 0.013037, 0.051802, 1.563389, 1.225020, 299751.954323, 2897.599549 
65.262795, 18.198036, 7.722646, 0.016353, 0.072632, 1.569386, 1.276732, 289358.961891, 2710.451729 
65.407416, 15.528041, 6.592649, 0.033940, 0.056360, 0.998312, 1.088398, 210731.815999, 3074.075537 
49.364123, 7.394210, 3.803464, 0.073676, 0.160115, 0.734103, 0.734103, 538061.698521, 6963.941594 
76.110827, 11.625025, 6.627826, 0.118993, 0.059705, 0.874258, 0.903455, 137245.358985, 3456.643555 
41.932420, 5.573443, 2.967397, 0.055283, 0.132247, 0.548310, 0.548310, 2000000000000000.000000, 1000000000000000.000000 
34.792854, 3.824249, 2.164196, 0.037612, 0.105473, 0.369821, 0.369821, 2000000000000000.000000, 1000000000000000.000000 
67.608634, 15.573301, 5.972959, 0.045671, 0.060320, 1.307088, 1.062737, 192615.308317, 3166.294806 
50.495053, 7.671288, 3.930693, 0.076475, 0.164356, 0.762376, 0.762376, 504760.176782, 6568.607533 
67.624117, 16.842247, 7.697276, 0.052187, 0.065910, 1.301658, 1.029496, 157290.522641, 2790.366476 
25.872517, 1.638767, 1.160658, 0.015534, 0.072022, 0.146813, 0.146813, 2000000000000000.000000, 1000000000000000.000000 
66.500998, 17.210334, 6.928245, 0.039853, 0.053210, 1.215613, 0.865498, 167608.219687, 2869.904883 
20.328684, 0.280528, 0.536977, 0.001813, 0.051233, 0.008217, 0.008217, 2000000000000000.000000, 1000000000000000.000000 
66.100943, 16.407997, 8.185754, 0.012435, 0.069713, 1.292781, 1.130234, 331769.270552, 2795.773368 
80.553838, 10.442519, 6.290934, 0.126500, 0.051484, 0.725193, 0.925311, 135126.262490, 3688.590340 
30.340101, 2.733325, 1.663261, 0.026592, 0.088775, 0.258503, 0.258503, 2000000000000000.000000, 1000000000000000.000000 
77.150858, 12.728129, 7.285765, 0.111953, 0.056050, 0.871440, 0.687315, 120708.277386, 3181.385550 
64.363479, 15.760289, 7.752238, 0.032756, 0.057068, 1.398069, 1.100997, 189279.599526, 2920.549045 
43.226028, 5.890377, 3.112928, 0.058484, 0.137098, 0.580651, 0.580651, 2000000000000000.000000, 1000000000000000.000000 
75.524736, 10.304529, 6.576210, 0.133613, 0.068332, 0.751373, 0.942345, 146813.902049, 3733.807874 
80.739607, 13.729140, 6.506454, 0.137198, 0.060166, 0.893520, 0.881165, 124630.557231, 3172.674962 
58.682476, 18.681220, 7.031960, 0.028877, 0.060193, 1.472629, 1.242242, 215302.573401, 2827.649211 
66.109596, 16.406074, 7.815587, 0.020546, 0.051571, 1.188621, 1.222961, 229637.431073, 2829.511738 
64.895923, 18.462619, 7.332223, 0.029978, 0.053476, 1.552484, 1.070235, 180523.341272, 2742.174140 
60.362237, 16.173391, 6.903735, 0.031380, 0.053908, 1.322058, 1.048811, 204197.757302, 3032.046554 
55.473490, 19.027095, 7.218037, 0.037009, 0.062751, 1.483418, 1.269086, 199323.202140, 2825.574559 
66.639422, 16.941152, 7.712661, 0.016800, 0.059189, 1.353893, 0.974795, 247243.442135, 2789.883522 
40.718397, 5.276007, 2.830820, 0.052278, 0.127694, 0.517960, 0.517960, 2000000000000000.000000, 1000000000000000.000000 
62.357191, 15.766450, 7.135873, 0.041898, 0.055097, 1.334172, 1.056700, 179122.272013, 3014.517032 
80.134691, 13.933646, 6.565941, 0.139615, 0.052278, 0.916627, 0.811251, 119047.804799, 3142.009258 
79.329455, 13.045684, 6.761938, 0.140187, 0.059235, 0.899819, 0.902946, 122613.708873, 3206.900796 
57.002352, 15.205572, 6.424139, 0.064801, 0.050763, 1.071189, 0.804163, 170534.963643, 3271.085577 
52.390239, 8.135609, 4.143902, 0.081166, 0.171463, 0.809756, 0.809756, 457226.831437, 6003.003905 
62.223863, 18.103178, 7.602799, 0.016215, 0.059297, 1.552570, 1.242129, 266535.608821, 2759.408197 
50.990030, 7.792557, 3.986378, 0.077700, 0.166213, 0.774751, 0.774751, 491428.719134, 6410.128459 
78.091157, 10.849018, 6.107577, 0.139526, 0.051167, 0.858161, 0.942718, 136125.681567, 3671.372314 
64.457956, 18.388009, 6.917512, 0.032971, 0.067368, 1.533087, 1.103908, 200510.146885, 2807.116904 
62.492642, 16.790878, 6.953414, 0.031932, 0.072302, 1.114223, 1.239248, 238394.733531, 2938.061967 
73.050182, 12.959030, 6.841325, 0.113203, 0.054116, 0.953662, 0.803368, 130554.268855, 3252.990336 
78.176110, 13.399063, 6.900012, 0.142195, 0.063080, 0.802092, 0.919527, 123692.699766, 3148.395496 
70.828831, 11.960062, 6.921022, 0.119223, 0.063805, 0.927998, 0.890374, 141421.016386, 3429.526122 
70.866277, 14.763422, 5.738733, 0.061732, 0.076297, 1.406947, 1.028497, 189004.630263, 3274.944188 
58.751188, 16.420533, 8.588322, 0.013538, 0.063687, 1.432516, 1.140786, 312408.304476, 2902.602026 
71.023712, 12.324704, 6.853679, 0.120155, 0.066298, 0.883701, 0.909336, 142456.644748, 3372.472133 
71.691617, 13.758020, 6.554522, 0.131036, 0.057769, 0.970566, 0.844598, 132391.708881, 3209.833883 
68.083301, 13.683703, 5.482681, 0.056314, 0.069679, 1.372765, 1.022112, 203282.831342, 3477.485741 
67.391417, 17.741810, 6.950852, 0.039219, 0.063980, 1.245054, 1.254129, 191875.358125, 2823.781450 
71.497856, 15.346725, 5.736436, 0.043246, 0.054888, 1.512274, 1.080923, 188087.877862, 3218.777281 
69.845333, 12.237170, 7.074151, 0.117440, 0.059273, 0.930537, 0.968547, 139312.425301, 3379.136723 
76.528773, 12.206583, 6.398300, 0.122484, 0.057507, 0.857788, 0.944824, 137126.258457, 3401.823051 
65.077483, 17.193293, 6.790149, 0.045310, 0.052280, 1.278085, 0.892034, 162835.309169, 2903.344405 
29.373850, 2.496593, 1.554558, 0.024200, 0.085152, 0.234346, 0.234346, 2000000000000000.000000, 1000000000000000.000000 
51.698360, 17.330124, 7.143342, 0.038433, 0.063310, 1.481756, 1.434235, 222682.397318, 3071.604181 
55.185790, 16.148884, 6.127741, 0.058774, 0.051798, 1.082857, 0.855337, 180830.305528, 3241.848125 
51.870225, 8.008205, 4.085400, 0.079879, 0.169513, 0.796756, 0.796756, 469363.978639, 6147.566905 
27.844203, 2.121830, 1.382473, 0.020414, 0.079416, 0.196105, 0.196105, 2000000000000000.000000, 1000000000000000.000000 
57.424503, 17.294827, 7.274400, 0.041712, 0.061187, 1.474111, 1.369052, 194775.204417, 2930.109701 
65.851775, 16.476682, 4.738503, 0.101961, 0.050766, 0.895826, 0.967376, 176499.340585, 3461.159719 
62.115269, 17.339913, 8.682941, 0.026298, 0.060613, 1.490601, 1.177127, 201851.304368, 2733.181426 
70.314298, 12.103573, 6.671983, 0.128378, 0.057195, 0.740702, 0.888823, 140855.599669, 3446.369313 
70.404401, 15.330461, 5.609067, 0.047663, 0.069393, 1.318361, 1.059762, 205520.070752, 3257.593053 
47.792989, 7.009282, 3.626711, 0.069788, 0.154224, 0.694825, 0.694825, 592159.950451, 7604.496429 
65.400239, 16.372035, 8.422433, 0.016569, 0.052187, 1.491883, 1.016879, 228424.688179, 2789.806671 
78.265793, 13.843156, 6.661233, 0.135284, 0.059668, 0.866104, 0.951604, 125824.289225, 3139.964136 
27.380075, 2.008118, 1.330258, 0.019266, 0.077675, 0.184502, 0.184502, 2000000000000000.000000, 1000000000000000.000000 
65.203563, 14.837284, 7.827947, 0.045175, 0.057639, 1.228398, 1.085580, 171205.178942, 3004.837951 
65.602867, 15.574078, 5.627088, 0.041601, 0.051638, 1.351611, 1.154635, 200590.085424, 3261.835935 
40.922842, 5.326096, 2.853820, 0.052784, 0.128461, 0.523071, 0.523071, 2000000000000000.000000, 1000000000000000.000000 
64.167788, 16.841439, 6.625786, 0.039650, 0.053010, 1.175962, 0.996778, 181652.368221, 2964.642655 
31.948985, 3.127501, 1.844261, 0.030574, 0.094809, 0.298725, 0.298725, 2000000000000000.000000, 1000000000000000.000000 
73.360185, 12.605971, 6.332260, 0.126982, 0.055840, 0.918370, 0.922365, 138110.216034, 3384.332824 
54.147954, 8.566249, 4.341645, 0.085516, 0.178055, 0.853699, 0.853699, 420455.696337, 5564.496085 
39.660045, 5.016711, 2.711755, 0.049659, 0.123725, 0.491501, 0.491501, 2000000000000000.000000, 1000000000000000.000000 
57.801659, 18.203799, 7.283447, 0.033282, 0.072360, 1.484533, 1.319798, 222827.974312, 2844.551415 
47.544837, 6.948485, 3.598794, 0.069173, 0.153293, 0.688621, 0.688621, 601688.896631, 7717.112696 
30.662135, 2.812223, 1.699490, 0.027389, 0.089983, 0.266553, 0.266553, 2000000000000000.000000, 1000000000000000.000000 
79.236681, 11.535477, 6.466310, 0.120173, 0.061485, 1.086918, 0.849230, 133485.196689, 3470.637130 
63.594289, 16.986085, 8.360898, 0.017317, 0.060182, 1.624622, 1.371484, 259589.976427, 2763.594933 
73.231328, 11.461639, 6.435915, 0.124036, 0.060694, 0.875803, 0.973413, 145132.871071, 3553.512198 
63.570650, 15.632971, 7.853569, 0.044275, 0.051512, 1.170299, 1.044318, 163966.798411, 2937.911803 
73.640291, 12.974946, 6.882171, 0.122124, 0.052610, 0.767199, 0.941851, 129938.142065, 3238.586941 
34.416413, 3.732021, 2.121846, 0.036681, 0.104062, 0.360410, 0.360410, 2000000000000000.000000, 1000000000000000.000000 
53.284579, 8.354722, 4.244515, 0.083379, 0.174817, 0.832114, 0.832114, 437750.046856, 5770.831456 
70.327215, 15.412133, 5.682606, 0.038505, 0.058645, 1.360758, 1.005699, 204079.795475, 3232.001557 
63.762701, 17.015967, 8.204641, 0.018653, 0.055087, 1.411512, 1.132579, 232099.867410, 2770.598746 
69.820463, 17.087007, 6.168250, 0.039584, 0.055565, 1.025663, 0.919345, 186424.295719, 2993.823037 
27.589823, 2.059507, 1.353855, 0.019785, 0.078462, 0.189746, 0.189746, 2000000000000000.000000, 1000000000000000.000000 
58.024248, 9.515941, 4.777728, 0.095110, 0.192591, 0.950606, 0.950606, 357190.055758, 4808.732554 
80.511240, 12.568604, 6.072672, 0.133712, 0.056304, 1.086210, 0.781510, 129824.351670, 3397.452043 
20.159957, 0.239190, 0.517995, 0.001396, 0.050600, 0.003999, 0.003999, 2000000000000000.000000, 1000000000000000.000000 
80.408743, 12.336547, 7.014914, 0.103930, 0.057215, 0.484408, 1.179975, 138393.672587, 3249.408163 
81.680959, 13.015527, 6.842603, 0.107062, 0.058888, 0.444012, 1.169538, 138281.162032, 3186.449127 
71.476626, 12.118986, 6.362148, 0.133441, 0.056919, 0.743504, 0.985306, 143540.823029, 3475.348358 
67.410027, 14.054048, 6.886137, 0.050668, 0.051067, 1.330585, 1.181296, 168649.704797, 3170.448648 
60.041509, 18.998364, 6.671920, 0.032824, 0.052262, 1.509676, 1.100104, 188730.924597, 2844.074306 
55.007398, 15.850993, 6.529845, 0.062412, 0.050835, 1.106971, 0.926778, 174360.037957, 3222.460358 
59.905022, 17.076101, 8.470571, 0.012185, 0.066477, 1.332291, 1.174771, 335902.850510, 2810.260351 
66.780338, 16.168683, 7.471177, 0.020717, 0.066887, 1.373172, 0.971336, 243459.387088, 2880.021950 
61.800837, 18.530015, 7.410260, 0.005549, 0.054523, 1.572860, 1.443778, 477315.844873, 2755.845871 
60.970902, 16.179218, 7.365121, 0.043501, 0.055379, 1.357768, 0.987736, 172217.900221, 2968.558109 
59.252326, 19.601023, 7.084735, 0.016705, 0.069333, 1.584059, 1.290294, 293430.898817, 2755.331569 
59.399431, 17.059298, 8.682602, 0.020387, 0.055311, 1.275744, 1.208388, 235739.649388, 2811.441703 
36.615443, 4.270783, 2.369237, 0.042123, 0.112308, 0.415386, 0.415386, 2000000000000000.000000, 1000000000000000.000000 
73.869482, 12.955504, 6.407324, 0.131203, 0.052786, 0.810264, 0.914217, 133734.752015, 3317.726328 
70.105146, 16.780024, 7.062779, 0.052586, 0.060129, 1.379483, 1.080437, 157222.916819, 2857.683712 
24.048949, 1.191992, 0.955507, 0.011021, 0.065184, 0.101224, 0.101224, 2000000000000000.000000, 1000000000000000.000000 
48.774515, 7.249756, 3.737133, 0.072217, 0.157904, 0.719363, 0.719363, 557190.203832, 7190.669823 
77.666512, 12.948881, 6.951281, 0.137832, 0.057429, 0.871402, 0.863289, 121357.520021, 3197.442054 
75.595146, 12.707632, 6.327155, 0.118927, 0.050391, 0.875453, 0.845711, 133413.278983, 3352.191414 
80.343644, 12.847996, 6.247663, 0.125161, 0.073004, 0.978633, 0.768277, 136863.381157, 3324.945923 
69.041976, 12.195523, 7.055735, 0.121546, 0.059247, 0.884904, 0.904840, 139386.054186, 3403.836099 
63.344551, 18.495034, 5.044135, 0.108960, 0.065265, 0.787129, 1.048406, 176307.410914, 3230.967569 
32.427393, 3.244711, 1.898082, 0.031758, 0.096603, 0.310685, 0.310685, 2000000000000000.000000, 1000000000000000.000000 
67.973290, 15.334499, 5.616038, 0.060040, 0.067473, 1.388328, 1.040211, 187819.308843, 3269.279208 
65.374449, 18.536375, 5.139911, 0.103114, 0.056103, 0.715668, 1.117032, 170162.327752, 3188.332506 
74.330170, 12.236003, 6.447424, 0.128866, 0.072988, 0.724256, 0.935131, 147300.588267, 3408.509467 
72.632731, 12.158461, 7.142027, 0.119986, 0.057988, 0.938249, 0.894159, 131647.722737, 3338.222495 
62.422713, 17.534845, 7.888208, 0.043465, 0.057170, 1.490416, 1.019781, 159287.720141, 2771.991380 
26.334071, 1.751847, 1.212583, 0.016677, 0.073753, 0.158352, 0.158352, 2000000000000000.000000, 1000000000000000.000000 
32.413173, 3.241227, 1.896482, 0.031723, 0.096549, 0.310329, 0.310329, 2000000000000000.000000, 1000000000000000.000000 
63.067915, 17.910206, 7.901932, 0.029563, 0.063470, 1.295636, 1.101668, 200343.275712, 2733.893537 
72.790088, 13.222474, 6.431610, 0.131776, 0.053308, 0.976489, 0.841816, 131855.714073, 3287.834263 
