67.901671, 16.448780, 6.763639, 0.032562, 0.058605, 1.144782, 1.315596, 213352.118019, 2942.841957 
56.166103, 16.493822, 6.389206, 0.050963, 0.058998, 1.130552, 0.948426, 190158.359755, 3144.009448 
63.440497, 12.789339, 6.208212, 0.130139, 0.055780, 1.066039, 1.419881, 159691.884202, 3523.398676 
76.544759, 11.966643, 6.377017, 0.119789, 0.066874, 0.804219, 0.861023, 143336.046914, 3441.746985 
55.991255, 18.030969, 6.537809, 0.041564, 0.054808, 1.461895, 1.158265, 190344.414091, 2983.708451 
72.412254, 11.055639, 6.639389, 0.137554, 0.065910, 0.629583, 1.019004, 148330.026324, 3614.830794 
67.948812, 15.597362, 4.830774, 0.114560, 0.062828, 0.798010, 0.766985, 174493.310000, 3486.827703 
31.251907, 2.956717, 1.765840, 0.028848, 0.092195, 0.281298, 0.281298, 2000000000000000.000000, 1000000000000000.000000 
62.537343, 18.036459, 7.105635, 0.007542, 0.056755, 1.429824, 1.217143, 405758.194796, 2820.273004 
63.734816, 14.996817, 6.290339, 0.038144, 0.064624, 1.243113, 1.071348, 216378.004520, 3199.739580 
52.953858, 17.125267, 6.402615, 0.040338, 0.050688, 1.427507, 1.178314, 200888.916186, 3143.699896 
65.495221, 15.718270, 4.742789, 0.109412, 0.054137, 0.882173, 0.829920, 176010.656359, 3522.170513 
69.662323, 13.437807, 6.951786, 0.034576, 0.068384, 1.245171, 0.871736, 208473.173737, 3212.079958 
68.310189, 13.538038, 6.571411, 0.135447, 0.056489, 1.024489, 1.128557, 138970.039388, 3271.508543 
58.704052, 9.682493, 4.854206, 0.096793, 0.195140, 0.967601, 0.967601, 348035.548668, 4699.341790 
65.609583, 9.917581, 7.137289, 0.151615, 0.060974, 1.028411, 0.764018, 150809.410609, 4104.552374 
62.341264, 17.881477, 7.111505, 0.014275, 0.053511, 1.488685, 1.127833, 273679.977779, 2832.506736 
78.181998, 12.673614, 6.247740, 0.124148, 0.053356, 0.916824, 0.923730, 132964.649467, 3356.206653 
64.619942, 16.691201, 7.141691, 0.005081, 0.060565, 1.462717, 1.007800, 480705.502415, 2897.636882 
62.301954, 16.475099, 7.234407, 0.011192, 0.055997, 1.410418, 1.354885, 352394.309239, 2933.411493 
70.944976, 10.217498, 6.411299, 0.130659, 0.051162, 0.654954, 0.989291, 150353.345717, 3874.705128 
70.590470, 16.255252, 5.262370, 0.120950, 0.054958, 0.812186, 0.814460, 154165.378107, 3279.655962 
76.399480, 9.695933, 6.531017, 0.139846, 0.052128, 0.588308, 1.021602, 140604.868801, 3874.471824 
60.004452, 14.344515, 5.909779, 0.051783, 0.050879, 1.249076, 1.003722, 191102.574772, 3405.559760 
59.482986, 17.178795, 6.496781, 0.012445, 0.053748, 1.298025, 1.103952, 324507.584014, 3010.234021 
76.648692, 13.428508, 6.578379, 0.130532, 0.054835, 0.819599, 0.969267, 128767.996116, 3208.402272 
65.658811, 15.677913, 5.047745, 0.117930, 0.053511, 0.769200, 0.904127, 167295.993713, 3417.408005 
54.140768, 8.564488, 4.340836, 0.085498, 0.178028, 0.853519, 0.853519, 420593.999981, 5566.146673 
55.458243, 8.887270, 4.489052, 0.088759, 0.182968, 0.886456, 0.886456, 396677.460780, 5280.572912 
78.255855, 9.110252, 6.482691, 0.147615, 0.060608, 0.865958, 0.980562, 140095.328081, 4006.961189 
62.915214, 13.938844, 7.220568, 0.020056, 0.059290, 1.461118, 0.794589, 246521.193294, 3226.151960 
64.020856, 15.144085, 5.716778, 0.040754, 0.055522, 1.358843, 0.983332, 203191.271266, 3296.485572 
69.349610, 16.558302, 5.054562, 0.123627, 0.074039, 0.810602, 0.849686, 169794.146325, 3327.937634 
70.479300, 10.192139, 6.614903, 0.133571, 0.054541, 0.634201, 0.932350, 149427.615325, 3867.936830 
75.906345, 12.092642, 6.534889, 0.123609, 0.056678, 0.868897, 0.926815, 134978.353057, 3399.547137 
65.054834, 13.119215, 6.073862, 0.133893, 0.068709, 0.935628, 1.124542, 160968.942407, 3462.363925 
69.866236, 13.837074, 6.959013, 0.027639, 0.067044, 1.207255, 0.791724, 222241.424910, 3156.695055 
72.188747, 11.040063, 6.897444, 0.117814, 0.053793, 0.546750, 1.008546, 144450.390122, 3588.081901 
76.382366, 11.070749, 6.359444, 0.138394, 0.054117, 0.889154, 0.897748, 134645.884308, 3598.783857 
76.145184, 11.461330, 7.360265, 0.104548, 0.051256, 0.369035, 1.137808, 138431.190118, 3380.480158 
78.835225, 12.381669, 6.011300, 0.119916, 0.050798, 1.015600, 0.719395, 132830.235993, 3442.770534 
60.292644, 16.801928, 8.061448, 0.008554, 0.055723, 1.335718, 1.282721, 389177.995586, 2856.670356 
60.893937, 17.710163, 6.894010, 0.004140, 0.056881, 1.504693, 1.275455, 564721.687912, 2890.593893 
70.762721, 13.479214, 6.933308, 0.150215, 0.056156, 0.963553, 0.992441, 126871.246922, 3195.455250 
56.546844, 15.338806, 7.350542, 0.031602, 0.055463, 1.024730, 1.131965, 226831.013218, 3171.065201 
44.866275, 6.292237, 3.297456, 0.062544, 0.143249, 0.621657, 0.621657, 2000000000000000.000000, 1000000000000000.000000 
59.394556, 9.851666, 4.931888, 0.098502, 0.197730, 0.984864, 0.984864, 339218.008219, 4594.000373 
32.113275, 3.167752, 1.862743, 0.030980, 0.095425, 0.302832, 0.302832, 2000000000000000.000000, 1000000000000000.000000 
42.682471, 5.757205, 3.051778, 0.057139, 0.135059, 0.567062, 0.567062, 2000000000000000.000000, 1000000000000000.000000 
36.943174, 4.351078, 2.406107, 0.042934, 0.113537, 0.423579, 0.423579, 2000000000000000.000000, 1000000000000000.000000 
58.889573, 17.248064, 7.285209, 0.007682, 0.064991, 1.651399, 1.255384, 437778.031540, 2907.976158 
63.008753, 16.530509, 7.001264, 0.027466, 0.059437, 1.377612, 1.103931, 218314.594182, 2948.227860 
72.683098, 11.385441, 6.297362, 0.126871, 0.057507, 0.880816, 0.911159, 144728.706096, 3599.194461 
79.002245, 10.920532, 6.961042, 0.096185, 0.065965, 0.427620, 1.141033, 157612.374163, 3496.118518 
43.872502, 6.048763, 3.185656, 0.060084, 0.139522, 0.596813, 0.596813, 2000000000000000.000000, 1000000000000000.000000 
57.688593, 16.868113, 6.636185, 0.027246, 0.065978, 1.430296, 1.203541, 248668.910682, 3043.520522 
77.880321, 10.670720, 6.747104, 0.096911, 0.057072, 0.477552, 1.191340, 155200.367284, 3591.903206 
78.436949, 11.620862, 5.765372, 0.123254, 0.058160, 0.997846, 0.830921, 144369.405572, 3614.092722 
64.469365, 16.320696, 6.992835, 0.025200, 0.053956, 0.988111, 1.186892, 232054.218981, 2951.099448 
69.603139, 11.531355, 6.848589, 0.119445, 0.051038, 0.555995, 0.981798, 144484.784491, 3544.254340 
71.761735, 13.548938, 7.252430, 0.026024, 0.063623, 1.283175, 0.844042, 217983.925185, 3132.473696 
76.741457, 11.214305, 6.888028, 0.121209, 0.062936, 0.524206, 0.983676, 141395.484078, 3480.583656 
61.881645, 16.835349, 7.900121, 0.003740, 0.063617, 1.531072, 1.180372, 579175.450502, 2839.211208 
60.386962, 14.880412, 6.742671, 0.105153, 0.052517, 1.315783, 0.834048, 143620.602719, 3199.874330 
23.545469, 1.068640, 0.898865, 0.009775, 0.063296, 0.088637, 0.088637, 2000000000000000.000000, 1000000000000000.000000 
72.168955, 15.174187, 6.311333, 0.015374, 0.058828, 1.325746, 1.356861, 322528.719209, 3104.023045 
59.538276, 17.174097, 8.153945, 0.001712, 0.059261, 1.662372, 1.289279, 762638.072092, 2827.580172 
66.589708, 15.895204, 5.096206, 0.120797, 0.068266, 0.823741, 0.793201, 169447.902810, 3377.590194 
20.162314, 0.239767, 0.518260, 0.001402, 0.050609, 0.004058, 0.004058, 2000000000000000.000000, 1000000000000000.000000 
59.593343, 16.649596, 7.932191, 0.003646, 0.056031, 1.490955, 1.359648, 605710.498529, 2895.050121 
64.617859, 16.435485, 6.985630, 0.043847, 0.057830, 0.980802, 1.270160, 189417.881785, 2940.352384 
64.199455, 16.087204, 7.721092, 0.046070, 0.057714, 1.287619, 1.020415, 164121.291648, 2892.712018 
59.367249, 17.307098, 8.360388, 0.004409, 0.062646, 1.599230, 1.019512, 496381.070485, 2804.591120 
67.144674, 12.685370, 6.554845, 0.133775, 0.061987, 0.944189, 1.080532, 147490.062217, 3418.230557 
67.184862, 16.690440, 7.063905, 0.044227, 0.056882, 1.332480, 0.958221, 164997.600443, 2884.417321 
58.942073, 9.740808, 4.880983, 0.097382, 0.196033, 0.973552, 0.973552, 344943.173707, 4662.394576 
32.259386, 3.203550, 1.879181, 0.031342, 0.095973, 0.306485, 0.306485, 2000000000000000.000000, 1000000000000000.000000 
72.073405, 15.613814, 6.272840, 0.023249, 0.063544, 1.412488, 1.265832, 259190.626654, 3073.846354 
24.121521, 1.209773, 0.963671, 0.011201, 0.065456, 0.103038, 0.103038, 2000000000000000.000000, 1000000000000000.000000 
67.979163, 15.985951, 5.366114, 0.112883, 0.070085, 0.868037, 0.791353, 164136.242175, 3280.625735 
63.194572, 16.550989, 7.274227, 0.031768, 0.062280, 1.348654, 0.947499, 198103.175150, 2909.956124 
69.773439, 10.695460, 6.913741, 0.119994, 0.059951, 0.962490, 0.923054, 147396.472814, 3722.749194 
42.444980, 5.699020, 3.025060, 0.056551, 0.134169, 0.561125, 0.561125, 2000000000000000.000000, 1000000000000000.000000 
61.948799, 15.041200, 6.455968, 0.097047, 0.064299, 1.374301, 0.788413, 151525.919765, 3192.882886 
62.635807, 14.488137, 5.937626, 0.036968, 0.051136, 1.272904, 0.911150, 204041.834647, 3339.155831 
74.732370, 11.008887, 6.434002, 0.126887, 0.058320, 0.627876, 1.179988, 148998.348114, 3618.919086 
27.519913, 2.042379, 1.345990, 0.019612, 0.078200, 0.187998, 0.187998, 2000000000000000.000000, 1000000000000000.000000 
35.043925, 3.885762, 2.192442, 0.038234, 0.106415, 0.376098, 0.376098, 2000000000000000.000000, 1000000000000000.000000 
71.995680, 14.955658, 6.742996, 0.014787, 0.050629, 1.463279, 1.199501, 277379.055468, 3048.098948 
46.758678, 6.755876, 3.510351, 0.067228, 0.150345, 0.668967, 0.668967, 633948.310615, 8097.905408 
22.234199, 0.747379, 0.751347, 0.006530, 0.058378, 0.055855, 0.055855, 2000000000000000.000000, 1000000000000000.000000 
67.924117, 16.913193, 4.975614, 0.115863, 0.059618, 0.745163, 0.893348, 168603.729757, 3334.684567 
81.558852, 9.890473, 6.556761, 0.138343, 0.051294, 0.666090, 0.903761, 128670.289150, 3743.023205 
71.938259, 17.111355, 7.521568, 0.007070, 0.054036, 1.532413, 0.979073, 355347.895248, 2762.662413 
60.407837, 15.365448, 5.464313, 0.054380, 0.060105, 1.193841, 0.801814, 196623.973125, 3376.617308 
50.739511, 7.731180, 3.958195, 0.077080, 0.165273, 0.768488, 0.768488, 498088.172137, 6489.308475 
28.663466, 2.322549, 1.474640, 0.022442, 0.082488, 0.216587, 0.216587, 2000000000000000.000000, 1000000000000000.000000 
29.068193, 2.421707, 1.520172, 0.023444, 0.084006, 0.226705, 0.226705, 2000000000000000.000000, 1000000000000000.000000 
66.982503, 17.718737, 7.230634, 0.002549, 0.075224, 1.459268, 0.978628, 647047.600672, 2788.357539 
63.276005, 16.440234, 7.516513, 0.041961, 0.059611, 1.350632, 0.937818, 170803.339175, 2892.125903 
62.588501, 17.251422, 6.760395, 0.026182, 0.058596, 1.130840, 1.190574, 234751.382944, 2926.815972 
62.638117, 15.126579, 5.625245, 0.052285, 0.059163, 1.191827, 0.776307, 191117.753840, 3334.999499 
67.696907, 13.737520, 6.697860, 0.026991, 0.076443, 1.202747, 0.824345, 251186.763379, 3233.965414 
56.556910, 15.035650, 6.870505, 0.052829, 0.056682, 1.238547, 0.969261, 184773.183174, 3253.762188 
61.092089, 15.515092, 6.464167, 0.014779, 0.053683, 1.163029, 1.047508, 308657.557783, 3151.731710 
43.698012, 6.006013, 3.166026, 0.059653, 0.138868, 0.592450, 0.592450, 2000000000000000.000000, 1000000000000000.000000 
73.606179, 17.042973, 6.925133, 0.028989, 0.075487, 1.636765, 1.063068, 213610.421447, 2845.106679 
62.372242, 12.223915, 6.526194, 0.101994, 0.067636, 1.242541, 0.790695, 164519.298417, 3615.884242 
59.189375, 14.374647, 6.425040, 0.051893, 0.059320, 1.169214, 1.058823, 196753.405373, 3334.962982 
65.395467, 16.848312, 7.270834, 0.007997, 0.060158, 1.422003, 1.060184, 387020.278230, 2860.372159 
70.627491, 11.195572, 7.018609, 0.117934, 0.071087, 0.718203, 1.169747, 157688.010611, 3573.503681 
27.644318, 2.072858, 1.359986, 0.019920, 0.078666, 0.191108, 0.191108, 2000000000000000.000000, 1000000000000000.000000 
68.979548, 17.088851, 4.987858, 0.113866, 0.065283, 0.822966, 0.777838, 167806.056251, 3315.128108 
61.401986, 17.420146, 6.703959, 0.033636, 0.056608, 1.381337, 1.095793, 198603.889384, 2934.986043 
39.604923, 5.003206, 2.705554, 0.049522, 0.123518, 0.490123, 0.490123, 2000000000000000.000000, 1000000000000000.000000 
52.134761, 8.073016, 4.115161, 0.080534, 0.170505, 0.803369, 0.803369, 463110.910507, 6073.099554 
67.339681, 16.542194, 7.671139, 0.010756, 0.055219, 1.421601, 1.056220, 308074.537825, 2819.993611 
49.523500, 7.433257, 3.821394, 0.074071, 0.160713, 0.738088, 0.738088, 533110.060034, 6905.208266 
62.098221, 19.200553, 6.838975, 0.016764, 0.051168, 1.489169, 1.394582, 262119.799812, 2788.042566 
70.095065, 13.139654, 6.133606, 0.147982, 0.057808, 0.918025, 1.117696, 143288.846323, 3380.777117 
62.537475, 16.922988, 7.045160, 0.009197, 0.050821, 1.532852, 1.161096, 344901.712192, 2914.025558 
61.178525, 17.256611, 7.630723, 0.011398, 0.066743, 1.403522, 1.009632, 334343.958997, 2836.586526 
51.154335, 7.832812, 4.004863, 0.078107, 0.166829, 0.778858, 0.778858, 487155.704452, 6359.306533 
26.152945, 1.707471, 1.192206, 0.016229, 0.073074, 0.153824, 0.153824, 2000000000000000.000000, 1000000000000000.000000 
74.431947, 11.057416, 7.027134, 0.117255, 0.052748, 0.431605, 0.915661, 138255.239715, 3526.371621 
67.312925, 16.310054, 5.004288, 0.119886, 0.054631, 0.720163, 0.828322, 164771.712344, 3371.196785 
74.579856, 12.392917, 6.612471, 0.121309, 0.050819, 0.881552, 0.914592, 131750.833320, 3354.078465 
58.514026, 16.462898, 8.313427, 0.010670, 0.070829, 1.642571, 1.352709, 392388.388709, 2915.822556 
