84.644131, 12.247157, 7.254775, 0.133123, 0.050134, 0.899084, 0.750849, 107458.872629, 3201.820976 
84.323897, 12.770926, 6.816203, 0.140623, 0.068086, 0.678508, 0.717852, 120656.940526, 3211.705149 
83.778278, 13.124935, 6.873044, 0.154407, 0.052736, 0.855785, 0.771255, 110473.985808, 3162.637403 
90.592100, 12.251640, 7.103570, 0.135887, 0.052964, 0.887999, 0.524532, 102127.846418, 3214.029430 
89.203542, 13.409649, 7.634029, 0.118525, 0.051188, 1.063168, 0.818165, 100692.816057, 3006.100033 
71.249281, 17.251646, 7.808758, 0.039932, 0.076077, 1.415436, 0.772527, 166537.947717, 2722.703197 
92.317671, 11.913491, 6.998240, 0.128619, 0.074464, 0.848323, 0.567544, 113467.104577, 3273.951595 
40.537504, 5.231688, 2.810469, 0.051830, 0.127016, 0.513438, 0.513438, 2000000000000000.000000, 1000000000000000.000000 
82.935505, 15.015631, 7.172822, 0.138655, 0.056624, 0.990099, 0.713599, 107539.655963, 2935.669611 
81.528444, 13.837050, 6.951506, 0.162973, 0.062751, 1.000363, 0.886399, 113443.993630, 3079.702437 
51.134506, 7.827954, 4.002632, 0.078058, 0.166754, 0.778363, 0.778363, 487667.500665, 6365.394216 
83.447088, 15.710937, 6.708535, 0.126247, 0.059960, 0.933417, 0.777544, 117437.907619, 2961.669646 
28.968322, 2.397239, 1.508936, 0.023197, 0.083631, 0.224208, 0.224208, 2000000000000000.000000, 1000000000000000.000000 
57.332359, 18.572469, 6.665303, 0.064054, 0.062321, 1.456975, 0.887342, 160318.815171, 2904.049765 
56.871108, 16.502784, 7.128915, 0.070052, 0.074108, 1.371025, 0.747407, 164301.414294, 3036.302542 
80.159096, 15.186964, 7.096977, 0.132039, 0.067942, 1.058959, 0.723196, 115565.524302, 2937.332755 
87.397139, 12.800629, 7.707198, 0.122672, 0.057566, 0.931620, 0.802623, 104830.391373, 3060.939484 
88.084941, 12.898430, 7.921698, 0.108875, 0.050380, 1.080296, 0.784879, 100100.191385, 3020.017933 
88.565032, 12.350110, 7.408645, 0.144846, 0.055286, 1.102301, 0.695918, 100304.741682, 3154.068176 
64.935696, 19.161474, 8.529344, 0.043114, 0.075398, 1.429759, 1.160957, 168256.523481, 2578.213672 
82.211740, 13.119830, 7.688025, 0.111153, 0.066293, 0.915219, 0.770824, 116067.008113, 3045.616185 
47.100625, 6.839653, 3.548820, 0.068074, 0.151627, 0.677516, 0.677516, 619512.965761, 7927.596830 
80.438148, 14.854288, 7.560293, 0.118684, 0.058229, 0.922890, 0.728188, 110096.048559, 2897.433281 
84.899429, 11.919779, 8.160238, 0.128283, 0.056478, 0.947573, 0.862834, 102697.989355, 3122.536925 
57.377743, 17.165855, 7.347817, 0.070353, 0.051367, 1.686689, 0.746888, 140786.054368, 2935.877979 
92.180446, 11.546124, 7.276708, 0.134908, 0.061844, 0.980123, 0.656723, 104032.660629, 3271.336480 
56.916256, 17.052852, 7.102803, 0.080154, 0.058571, 1.494028, 0.747669, 146224.792526, 2981.140476 
79.367496, 14.807532, 6.581736, 0.120651, 0.064744, 0.768596, 0.613742, 125865.255941, 3059.058776 
90.689278, 13.050277, 7.166636, 0.127466, 0.056932, 1.169955, 0.611589, 102860.959899, 3115.388172 
64.623914, 17.139139, 7.788817, 0.070080, 0.062797, 1.046793, 0.975990, 143744.049614, 2786.963421 
87.421745, 16.503639, 7.727065, 0.137123, 0.057728, 0.756499, 0.661451, 98498.717719, 2755.160537 
83.003579, 16.222933, 7.780979, 0.136276, 0.057731, 0.856065, 0.767907, 101762.617983, 2762.160962 
24.190717, 1.226726, 0.971456, 0.011372, 0.065715, 0.104768, 0.104768, 2000000000000000.000000, 1000000000000000.000000 
78.807541, 12.941823, 6.936299, 0.153657, 0.054476, 0.880709, 0.793098, 115577.858469, 3193.381843 
70.035866, 16.276479, 7.799819, 0.051607, 0.060826, 0.982722, 0.850914, 150957.678386, 2804.438980 
52.576422, 8.181223, 4.164847, 0.081627, 0.172162, 0.814411, 0.814411, 453031.399619, 5953.011591 
58.092601, 17.419063, 6.899712, 0.062772, 0.069829, 1.473707, 0.675058, 160342.177782, 2951.267669 
90.978170, 14.589344, 6.955686, 0.150858, 0.071801, 1.139930, 0.942190, 110300.847514, 3013.883867 
68.226633, 17.176731, 7.048193, 0.043697, 0.058715, 1.487398, 0.822441, 158679.104049, 2842.720526 
89.168495, 11.204005, 6.668181, 0.133104, 0.056816, 0.794249, 0.608088, 114191.781441, 3435.541823 
67.557637, 18.224060, 6.910347, 0.033777, 0.056334, 1.442606, 1.131479, 183839.662607, 2798.672523 
50.596343, 7.696104, 3.942089, 0.076726, 0.164736, 0.764909, 0.764909, 501974.426912, 6535.501624 
81.467965, 14.759474, 6.558603, 0.126201, 0.060798, 0.912711, 0.674432, 121274.404504, 3064.602901 
72.035856, 19.740801, 7.694337, 0.058197, 0.065929, 1.498542, 1.065996, 138713.860632, 2596.166502 
52.932228, 8.268396, 4.204876, 0.082507, 0.173496, 0.823306, 0.823306, 445222.948512, 5859.938656 
78.455894, 13.435563, 6.999165, 0.157383, 0.065996, 0.940992, 0.751509, 117161.494226, 3126.912048 
84.330856, 12.154267, 6.878485, 0.146108, 0.060747, 0.882224, 0.813133, 116015.017800, 3277.113729 
70.349837, 19.274546, 7.893616, 0.050853, 0.056097, 1.545220, 1.031652, 135934.458512, 2600.175235 
62.501002, 19.605064, 8.623248, 0.043045, 0.070028, 1.415055, 1.064444, 161184.835779, 2567.597849 
59.015952, 18.709670, 7.228725, 0.068567, 0.054193, 1.578445, 1.105143, 144504.424656, 2796.759643 
69.553547, 19.661321, 7.700453, 0.046057, 0.055956, 1.519992, 1.039272, 143451.101884, 2606.413509 
92.013176, 12.240648, 7.247528, 0.136116, 0.055061, 0.879198, 0.670067, 101890.990803, 3190.610418 
74.479878, 14.535557, 8.510516, 0.122872, 0.065465, 1.170973, 0.702231, 107074.286142, 2859.327412 
89.100727, 12.345182, 6.915932, 0.128651, 0.064563, 1.098530, 0.578036, 110773.032060, 3237.003442 
71.030332, 13.965617, 8.499214, 0.116947, 0.074108, 1.085534, 0.724001, 118953.293323, 2967.987548 
70.520358, 19.886622, 7.653065, 0.062704, 0.062448, 1.499802, 0.962517, 132077.514262, 2598.579562 
80.036633, 13.543281, 6.639630, 0.155957, 0.054427, 0.845326, 0.726371, 116628.084066, 3169.187759 
43.276263, 5.902684, 3.118580, 0.058609, 0.137286, 0.581907, 0.581907, 2000000000000000.000000, 1000000000000000.000000 
79.867052, 13.585712, 6.900401, 0.159153, 0.052925, 0.906799, 0.801166, 112588.820380, 3119.745315 
67.973212, 16.783028, 7.876778, 0.058198, 0.053757, 0.858022, 0.855216, 140768.997694, 2772.996256 
59.535577, 18.239263, 6.961559, 0.065725, 0.069891, 1.516388, 0.703738, 152917.223722, 2857.995868 
71.024472, 18.246381, 7.956655, 0.045995, 0.058503, 1.455542, 1.087151, 146479.008959, 2645.492931 
58.229949, 18.323989, 7.283732, 0.068068, 0.058701, 1.483952, 1.216762, 152840.741767, 2828.871933 
87.816456, 12.824690, 7.517150, 0.106356, 0.056776, 1.133834, 0.840210, 109029.095322, 3084.682968 
62.569735, 17.044287, 9.144957, 0.032513, 0.069739, 1.253322, 1.315471, 204322.092331, 2728.684513 
66.543650, 17.477209, 7.322769, 0.039578, 0.064480, 1.451167, 0.883502, 170357.211860, 2796.204828 
24.614769, 1.330618, 1.019162, 0.012422, 0.067305, 0.115369, 0.115369, 2000000000000000.000000, 1000000000000000.000000 
66.435981, 17.542272, 7.596467, 0.062780, 0.058243, 1.100173, 0.937741, 142463.983532, 2759.504275 
76.973203, 14.359298, 7.400072, 0.158469, 0.055164, 0.877534, 0.791164, 109182.345993, 2978.732918 
86.727849, 12.366946, 8.103136, 0.117966, 0.067215, 0.981042, 0.789676, 106797.762964, 3061.872706 
86.540686, 13.469160, 7.300568, 0.120154, 0.055937, 0.913427, 0.708243, 108150.494812, 3051.553292 
57.649289, 17.566003, 7.461736, 0.071908, 0.059602, 1.648489, 0.777618, 142784.001573, 2882.321260 
68.429914, 19.601841, 8.020848, 0.054071, 0.070399, 1.631066, 1.105561, 144730.622285, 2578.608939 
87.381075, 12.258529, 7.014211, 0.135783, 0.077461, 1.014696, 0.677478, 116918.222723, 3231.945131 
75.039163, 17.444416, 8.087130, 0.037058, 0.064296, 1.735163, 1.049693, 156892.805504, 2663.413484 
68.126560, 20.222962, 7.252792, 0.039960, 0.055208, 1.529077, 1.188376, 160599.590692, 2642.924730 
70.604908, 20.185844, 7.479942, 0.059277, 0.054407, 1.565285, 1.071442, 131726.755263, 2606.909764 
79.366750, 14.095745, 7.701456, 0.105470, 0.060652, 0.834616, 0.816343, 117363.553200, 2953.554801 
66.984726, 16.271906, 7.456970, 0.060982, 0.073529, 1.075174, 0.862412, 158992.399361, 2870.515654 
88.295714, 16.001904, 7.020157, 0.142808, 0.054775, 1.245476, 0.975629, 104881.475927, 2894.310828 
80.292949, 11.929409, 7.260162, 0.142261, 0.052552, 0.902058, 0.776715, 112324.805130, 3271.038359 
59.842375, 18.104167, 6.719483, 0.069244, 0.063380, 1.528262, 0.857436, 153194.192450, 2898.804347 
94.259232, 12.532917, 6.808279, 0.137600, 0.064827, 1.114884, 0.732660, 108565.150495, 3241.466561 
66.427292, 17.791587, 7.582822, 0.058878, 0.059446, 1.047767, 0.939957, 146828.280332, 2743.801574 
83.704290, 14.843087, 6.729324, 0.138206, 0.058249, 1.254472, 0.825706, 113255.027340, 3024.546069 
79.582977, 13.799153, 6.882067, 0.149586, 0.051915, 1.011285, 0.901449, 114031.371702, 3101.303714 
53.136863, 19.056844, 7.448193, 0.053916, 0.050370, 1.424561, 0.827970, 153775.840462, 2842.248827 
86.204971, 15.747001, 7.168743, 0.148502, 0.061357, 1.148816, 0.980389, 106773.021482, 2882.972593 
78.396430, 15.035093, 7.560575, 0.148289, 0.050746, 0.843699, 0.782906, 104930.076224, 2888.565571 
66.968661, 18.638100, 8.003315, 0.053759, 0.055673, 1.593838, 0.979049, 134712.173255, 2640.727247 
72.489820, 19.460654, 8.013419, 0.038578, 0.068712, 1.406901, 1.108704, 165335.294798, 2571.508685 
83.726637, 14.078355, 6.701393, 0.149322, 0.064124, 1.021461, 0.919729, 117592.982717, 3096.739757 
74.073409, 20.120406, 8.194705, 0.044482, 0.068738, 1.476900, 1.095314, 149251.971857, 2520.891538 
27.019993, 1.919898, 1.289749, 0.018374, 0.076325, 0.175500, 0.175500, 2000000000000000.000000, 1000000000000000.000000 
35.090367, 3.897140, 2.197666, 0.038349, 0.106589, 0.377259, 0.377259, 2000000000000000.000000, 1000000000000000.000000 
64.572520, 20.262226, 8.114401, 0.046560, 0.062678, 1.661719, 0.974340, 144344.236409, 2558.739810 
51.935126, 8.024106, 4.092702, 0.080039, 0.169757, 0.798378, 0.798378, 467814.413132, 6129.115613 
70.277419, 18.393324, 7.515466, 0.033945, 0.064431, 1.453375, 0.877060, 171440.571695, 2691.558392 
85.675739, 12.063234, 7.859944, 0.128513, 0.060294, 1.056612, 0.817927, 104921.338100, 3135.457498 
68.975050, 19.907889, 8.460509, 0.042759, 0.061438, 1.524661, 1.037150, 144235.310217, 2519.445970 
62.921278, 17.718380, 7.908276, 0.061613, 0.066739, 1.070217, 0.909078, 150435.348401, 2749.489324 
61.760556, 17.416939, 7.744910, 0.053031, 0.073265, 1.336035, 0.838939, 162200.321315, 2803.821508 
56.740681, 17.932676, 7.444082, 0.068715, 0.073218, 1.610873, 1.133591, 161841.401784, 2867.812199 
91.766645, 10.397938, 6.879347, 0.131960, 0.057394, 0.815147, 0.660876, 110815.412218, 3514.566590 
59.845522, 17.924872, 7.509172, 0.051158, 0.060887, 1.299886, 0.854113, 158761.083883, 2812.492299 
25.220830, 1.479103, 1.087343, 0.013922, 0.069578, 0.130521, 0.130521, 2000000000000000.000000, 1000000000000000.000000 
48.268847, 7.125868, 3.680245, 0.070965, 0.156008, 0.706721, 0.706721, 574686.842567, 7397.829322 
36.009599, 4.122352, 2.301080, 0.040624, 0.110036, 0.400240, 0.400240, 2000000000000000.000000, 1000000000000000.000000 
91.286630, 12.101358, 7.200255, 0.128796, 0.067083, 1.128063, 0.674578, 107675.118855, 3215.072938 
74.661847, 13.648463, 7.267055, 0.117279, 0.051771, 0.907225, 0.725287, 118745.515141, 3089.486326 
64.707419, 17.637240, 7.469490, 0.044608, 0.076653, 1.312853, 0.844766, 175059.812137, 2782.564043 
73.647269, 14.708220, 7.774123, 0.113716, 0.069067, 1.046627, 0.700057, 119107.701080, 2920.657523 
59.774704, 20.280281, 8.521217, 0.039768, 0.051777, 1.329961, 1.411153, 160941.541417, 2565.464334 
72.695323, 19.934874, 7.720477, 0.051329, 0.052439, 1.486958, 0.973277, 130962.660323, 2583.221053 
67.489736, 19.888102, 7.518839, 0.048289, 0.051949, 1.523582, 1.200534, 144630.660673, 2625.915607 
29.256657, 2.467881, 1.541374, 0.023910, 0.084712, 0.231416, 0.231416, 2000000000000000.000000, 1000000000000000.000000 
23.429847, 1.040313, 0.885858, 0.009489, 0.062862, 0.085746, 0.085746, 2000000000000000.000000, 1000000000000000.000000 
67.035171, 18.197351, 7.772977, 0.047785, 0.062667, 1.505560, 0.997320, 151444.269501, 2691.344810 
69.042630, 17.169457, 7.351101, 0.032523, 0.065269, 1.476673, 0.902424, 183468.339456, 2796.593736 
90.650027, 13.298396, 7.649263, 0.113465, 0.056357, 1.046398, 0.835239, 103402.639994, 3014.851008 
87.188203, 15.158704, 6.978391, 0.145973, 0.064098, 1.123096, 0.871315, 109361.213816, 2958.151008 
72.558423, 18.939838, 8.255610, 0.053419, 0.055848, 1.454750, 1.159462, 132072.629516, 2571.486367 
77.688181, 14.189750, 7.171098, 0.109505, 0.062762, 0.950546, 0.713213, 122153.190194, 3024.168949 
84.144572, 13.488025, 7.028584, 0.138585, 0.050145, 1.054555, 0.724236, 107148.266585, 3096.634953 
55.001774, 8.775435, 4.437700, 0.087629, 0.181257, 0.875044, 0.875044, 404648.061711, 5375.771209 
41.694858, 5.515240, 2.940672, 0.054695, 0.131356, 0.542371, 0.542371, 2000000000000000.000000, 1000000000000000.000000 
66.616790, 17.285408, 7.404841, 0.044043, 0.056245, 1.449807, 0.851915, 154084.311741, 2799.180575 
92.406037, 13.797075, 7.326655, 0.128454, 0.063462, 1.059577, 0.744319, 104052.817113, 3020.548174 
