60.325463, 21.757866, 8.374817, 0.041845, 0.055753, 1.272354, 1.462468, 161601.685140, 2498.285126 
75.844829, 15.463697, 7.861284, 0.091319, 0.069155, 0.816576, 0.883824, 127919.060072, 2826.953010 
65.744681, 18.418148, 7.338686, 0.055036, 0.058000, 1.230567, 1.031062, 150790.266114, 2737.910380 
83.153431, 13.171048, 7.411300, 0.139727, 0.057943, 1.000924, 0.690229, 106521.366402, 3073.767606 
54.951125, 8.763026, 4.432002, 0.087504, 0.181067, 0.873778, 0.873778, 405552.415404, 5386.570898 
67.604582, 19.573754, 8.381917, 0.057190, 0.059721, 1.377943, 1.055326, 132941.186667, 2549.564877 
73.904398, 20.484900, 7.506656, 0.045804, 0.064177, 1.527375, 0.990290, 147526.533329, 2585.976342 
77.172766, 14.910781, 7.882313, 0.153038, 0.052382, 0.811538, 0.916987, 104407.813325, 2865.712996 
67.924902, 20.285683, 7.840552, 0.040325, 0.052807, 1.559408, 1.083409, 146699.222096, 2568.253628 
26.309218, 1.745758, 1.209787, 0.016615, 0.073660, 0.157730, 0.157730, 2000000000000000.000000, 1000000000000000.000000 
90.776244, 16.748249, 7.697584, 0.132021, 0.065141, 0.749655, 0.634451, 99993.853929, 2753.469704 
50.445614, 7.659175, 3.925132, 0.076353, 0.164171, 0.761140, 0.761140, 506130.995677, 6584.896114 
60.705086, 17.768285, 8.217262, 0.062410, 0.067068, 1.684019, 0.842463, 140892.219648, 2749.681623 
91.028205, 16.352266, 7.362071, 0.141777, 0.052637, 0.819259, 0.641371, 97345.681927, 2825.383506 
86.897544, 12.495368, 8.074773, 0.132142, 0.057740, 1.032687, 0.876841, 100124.065956, 3049.324851 
72.368623, 17.642881, 7.857012, 0.036099, 0.054774, 1.634599, 1.152458, 157553.927427, 2686.497579 
87.451398, 13.232323, 7.377397, 0.140122, 0.057428, 1.109129, 0.711091, 102425.933394, 3062.840502 
42.128162, 5.621400, 2.989418, 0.055767, 0.132981, 0.553204, 0.553204, 2000000000000000.000000, 1000000000000000.000000 
24.487125, 1.299346, 1.004802, 0.012106, 0.066827, 0.112178, 0.112178, 2000000000000000.000000, 1000000000000000.000000 
61.214344, 19.881121, 8.605421, 0.030366, 0.051056, 1.303591, 1.381231, 177597.886842, 2566.230590 
75.473905, 14.005686, 8.116908, 0.107512, 0.061898, 0.794929, 0.782093, 117286.397903, 2943.330442 
83.305473, 12.906797, 7.240007, 0.126768, 0.059961, 0.909299, 0.681941, 112496.505098, 3128.624444 
63.255971, 17.325503, 7.847845, 0.063406, 0.058296, 1.716262, 0.858899, 135557.918778, 2782.193687 
65.568013, 18.844833, 7.729019, 0.059750, 0.067486, 1.134983, 1.081255, 151617.337046, 2667.191343 
85.335311, 12.420025, 7.018405, 0.130672, 0.055506, 0.919049, 0.487851, 108737.859824, 3216.002607 
58.398344, 21.837468, 8.463217, 0.038009, 0.050183, 1.265667, 1.560405, 165220.294884, 2505.119852 
77.973735, 13.875140, 7.268206, 0.148621, 0.056270, 0.777426, 0.811869, 113167.575851, 3041.114691 
93.082652, 12.255968, 7.276649, 0.130402, 0.060931, 1.071272, 0.754961, 103880.303928, 3184.494949 
95.907562, 10.957985, 7.346270, 0.131035, 0.051021, 0.920494, 0.738855, 98084.437794, 3337.575905 
71.813653, 19.329793, 8.151745, 0.057980, 0.052313, 1.455778, 1.202375, 127336.726124, 2565.150545 
79.725080, 15.236036, 7.294821, 0.157216, 0.067461, 0.815971, 0.815316, 111979.938876, 2904.408008 
87.473463, 14.545440, 6.631242, 0.144573, 0.052423, 1.221934, 0.863466, 109555.428952, 3070.677327 
86.567708, 15.715542, 6.839998, 0.145170, 0.050899, 1.276249, 0.958445, 106450.739096, 2941.263268 
58.970110, 9.747677, 4.884137, 0.097451, 0.196138, 0.974253, 0.974253, 344582.643335, 4658.087175 
86.475292, 13.334398, 7.823966, 0.094560, 0.080952, 1.057369, 0.665431, 119749.021366, 2990.383342 
84.545690, 14.958235, 7.008380, 0.146883, 0.069261, 1.249413, 0.816720, 111205.161161, 2966.365655 
68.757769, 20.063253, 8.430941, 0.034289, 0.059827, 1.543362, 0.953111, 153456.979324, 2515.899386 
90.495801, 16.203697, 6.874986, 0.146361, 0.058524, 1.246739, 0.947072, 105950.122628, 2913.304784 
70.801760, 17.973071, 7.758251, 0.055117, 0.073679, 1.577704, 1.017275, 148748.490646, 2684.645897 
73.719269, 20.083772, 8.491591, 0.048504, 0.055720, 1.460936, 1.162422, 131612.706577, 2494.281517 
82.234748, 15.277329, 7.380725, 0.114746, 0.072251, 1.005932, 0.614287, 114540.055584, 2884.412021 
84.175769, 12.306613, 7.762314, 0.105653, 0.050043, 1.099711, 0.861829, 107572.318179, 3124.357831 
86.402677, 14.242586, 7.342116, 0.122832, 0.058730, 0.880228, 0.750239, 108499.147255, 2972.887681 
58.755049, 16.920315, 7.270753, 0.068146, 0.072046, 1.757726, 0.853208, 155363.726920, 2942.339896 
80.241941, 15.198497, 7.358804, 0.157935, 0.060882, 0.907778, 0.856649, 108182.987351, 2897.063016 
48.306100, 7.134994, 3.684436, 0.071058, 0.156148, 0.707652, 0.707652, 573361.335131, 7382.143015 
57.870666, 9.478313, 4.760450, 0.094730, 0.192015, 0.946767, 0.946767, 359327.091357, 4834.270916 
76.299027, 14.894950, 7.386001, 0.148117, 0.070190, 0.837612, 0.902057, 118035.236031, 2933.276253 
40.959892, 5.335173, 2.857988, 0.052876, 0.128600, 0.523997, 0.523997, 2000000000000000.000000, 1000000000000000.000000 
20.952444, 0.433349, 0.607150, 0.003357, 0.053572, 0.023811, 0.023811, 2000000000000000.000000, 1000000000000000.000000 
73.978481, 19.543711, 7.818644, 0.059433, 0.056714, 1.412687, 0.916837, 126218.706064, 2586.386605 
89.779871, 13.324052, 7.813693, 0.122741, 0.061469, 1.102785, 0.829687, 101922.131239, 2989.111101 
28.056453, 2.173831, 1.406351, 0.020940, 0.080212, 0.201411, 0.201411, 2000000000000000.000000, 1000000000000000.000000 
85.917307, 15.217035, 7.023609, 0.140485, 0.052425, 1.145283, 0.870545, 105913.170415, 2944.529711 
62.916669, 16.722730, 7.908966, 0.071343, 0.078131, 1.718222, 0.794595, 143049.104745, 2833.371026 
36.970831, 4.357854, 2.409218, 0.043003, 0.113641, 0.424271, 0.424271, 2000000000000000.000000, 1000000000000000.000000 
69.208896, 18.713815, 8.493439, 0.055783, 0.061962, 1.499030, 1.085522, 134016.431003, 2576.538045 
63.804899, 19.376250, 8.051611, 0.035919, 0.051155, 1.549008, 1.027971, 154095.054390, 2617.007050 
88.465230, 12.326154, 7.454269, 0.145730, 0.062080, 1.216107, 0.748190, 102131.409697, 3150.087446 
85.718018, 16.875626, 7.455070, 0.145032, 0.056058, 0.759735, 0.670135, 100709.297055, 2767.892033 
81.805395, 13.339280, 6.554750, 0.154372, 0.062268, 0.735254, 0.814363, 121760.289979, 3202.082614 
86.228586, 12.884975, 7.299269, 0.101731, 0.063940, 1.143826, 0.884672, 118795.603759, 3113.840167 
83.266523, 16.194034, 7.694428, 0.135031, 0.060071, 0.766145, 0.858333, 105450.835673, 2775.139604 
66.160211, 17.583887, 7.477649, 0.057511, 0.065097, 1.242955, 1.038895, 154498.132681, 2772.667750 
46.115372, 6.598266, 3.437979, 0.065636, 0.147933, 0.652884, 0.652884, 2000000000000000.000000, 1000000000000000.000000 
57.381483, 21.651046, 8.365432, 0.031360, 0.068562, 1.272998, 1.354995, 203158.494605, 2532.367735 
66.588552, 19.954909, 7.977707, 0.044690, 0.062402, 1.561051, 0.893578, 145459.899251, 2575.172158 
61.318914, 17.260202, 7.589600, 0.055282, 0.061765, 1.614617, 0.763408, 148306.252878, 2838.368013 
47.828192, 7.017907, 3.630672, 0.069875, 0.154356, 0.695705, 0.695705, 590831.913418, 7588.796355 
83.789174, 15.844404, 7.529079, 0.133670, 0.064048, 0.846316, 0.691658, 106256.911355, 2820.973378 
74.333785, 14.647536, 8.490411, 0.122091, 0.056385, 1.168253, 0.637212, 103118.704953, 2850.837431 
35.126575, 3.906011, 2.201740, 0.038438, 0.106725, 0.378164, 0.378164, 2000000000000000.000000, 1000000000000000.000000 
83.793985, 15.594792, 8.147482, 0.135865, 0.067110, 0.855579, 0.793629, 101994.805723, 2760.866991 
69.329317, 17.832571, 7.385257, 0.044875, 0.067558, 1.543671, 1.043460, 163848.519161, 2746.233736 
69.321731, 18.584890, 8.025533, 0.039845, 0.053000, 1.554988, 1.043328, 146550.764355, 2627.303156 
86.677201, 15.519094, 7.012969, 0.145644, 0.064094, 1.124588, 1.053434, 111143.581693, 2925.155900 
85.450071, 14.439884, 6.596814, 0.137185, 0.059763, 1.227443, 0.753256, 114280.446320, 3084.132275 
33.364038, 3.474189, 2.003454, 0.034076, 0.100115, 0.334101, 0.334101, 2000000000000000.000000, 1000000000000000.000000 
71.716944, 18.626470, 7.758629, 0.044065, 0.057432, 1.514108, 1.078666, 147659.917725, 2643.745930 
66.097760, 19.299992, 8.448894, 0.045900, 0.059040, 1.459135, 0.979394, 141887.808742, 2567.859003 
45.891973, 6.543533, 3.412847, 0.065083, 0.147095, 0.647299, 0.647299, 2000000000000000.000000, 1000000000000000.000000 
83.912350, 16.133480, 7.570615, 0.134122, 0.073062, 0.829238, 0.793076, 110397.404242, 2795.731020 
85.835759, 15.519239, 7.071573, 0.154237, 0.053055, 1.050181, 0.870123, 104106.952219, 2914.270252 
60.515682, 21.136272, 8.098437, 0.040129, 0.059332, 1.326107, 1.320570, 167917.510876, 2549.132779 
85.589710, 12.199260, 7.299533, 0.127312, 0.056746, 0.892247, 0.413278, 105469.562949, 3197.416135 
72.205422, 19.531901, 7.502618, 0.052848, 0.058382, 1.529069, 0.994475, 138028.626408, 2629.026929 
65.269109, 18.568528, 8.265312, 0.060140, 0.056568, 1.579545, 0.999494, 130738.884709, 2633.552180 
90.927298, 12.015342, 7.235866, 0.122421, 0.058592, 0.948437, 0.450229, 103450.267080, 3219.609424 
64.991287, 16.384978, 7.676943, 0.063771, 0.051140, 1.178530, 1.124958, 143086.224381, 2858.494612 
96.263790, 12.664120, 7.198444, 0.136743, 0.063153, 0.873130, 0.633814, 101835.537341, 3159.918337 
77.337999, 14.564136, 7.420933, 0.149078, 0.062330, 0.835299, 0.722499, 111677.990014, 2954.166371 
59.382007, 17.013804, 7.321176, 0.064585, 0.063196, 1.723152, 0.743927, 148024.116503, 2917.552850 
35.952829, 4.108443, 2.294693, 0.040483, 0.109823, 0.398821, 0.398821, 2000000000000000.000000, 1000000000000000.000000 
85.733392, 13.243474, 8.313617, 0.118835, 0.051004, 0.898781, 0.781001, 97375.732913, 2942.416866 
92.739710, 11.599986, 7.118807, 0.131234, 0.066462, 0.910009, 0.660511, 108855.615572, 3291.680162 
68.539785, 19.397178, 7.529020, 0.056465, 0.051949, 1.509028, 0.960134, 132620.641506, 2643.926835 
85.578643, 13.755364, 7.821321, 0.094321, 0.056235, 1.028079, 0.739824, 108957.917150, 2950.851470 
85.453798, 13.684493, 6.900184, 0.139894, 0.058078, 1.038073, 0.753830, 110873.897756, 3097.342371 
87.962839, 15.718137, 7.219087, 0.136502, 0.065939, 1.192686, 1.031950, 109129.084952, 2879.810498 
70.199173, 19.400254, 7.438530, 0.050478, 0.070039, 1.510569, 1.063679, 154842.273142, 2648.999949 
86.922467, 13.441676, 8.040567, 0.106687, 0.059039, 1.101891, 0.793902, 103940.485460, 2951.144204 
74.337136, 21.000654, 7.411857, 0.064281, 0.053932, 1.381833, 1.001280, 126067.125971, 2579.219540 
85.708575, 11.799301, 7.923999, 0.134213, 0.070394, 1.004141, 0.812717, 108156.177084, 3162.575122 
25.101398, 1.449842, 1.073907, 0.013626, 0.069130, 0.127535, 0.127535, 2000000000000000.000000, 1000000000000000.000000 
70.085301, 19.832783, 7.458706, 0.067878, 0.051205, 1.451511, 1.025712, 125863.576870, 2626.532553 
75.825626, 20.237007, 7.443404, 0.070182, 0.055840, 1.473985, 1.061883, 123662.732347, 2602.875565 
57.011976, 20.909390, 8.591692, 0.029385, 0.055577, 1.191595, 1.410548, 194947.068511, 2559.157179 
74.983765, 14.207348, 8.765601, 0.123629, 0.064055, 1.168082, 0.774976, 105368.675374, 2868.969368 
95.922257, 12.502716, 7.415432, 0.137443, 0.060641, 0.825748, 0.710527, 99812.691276, 3138.557637 
88.024963, 12.739287, 8.144804, 0.089195, 0.054035, 0.997223, 0.841207, 107349.006831, 3009.334225 
74.694229, 19.522579, 7.300056, 0.060381, 0.063997, 1.427914, 0.903963, 136064.495647, 2652.761516 
89.437827, 15.747605, 6.723497, 0.142153, 0.050911, 1.312326, 0.848886, 105396.530380, 2967.373701 
71.240261, 19.479119, 7.805023, 0.051945, 0.072152, 1.526125, 0.940935, 145565.546606, 2597.246468 
84.315723, 14.330609, 6.420410, 0.140267, 0.058198, 1.187290, 0.734693, 116876.510613, 3128.618398 
67.240437, 17.358487, 7.687172, 0.062847, 0.061359, 1.087655, 0.838935, 141135.299390, 2755.893027 
87.415710, 14.083509, 7.287861, 0.124149, 0.064157, 0.977355, 0.729744, 109515.600654, 2995.355303 
85.808316, 13.575172, 6.777898, 0.137100, 0.057519, 1.192332, 0.866270, 112907.527992, 3129.971423 
85.706582, 13.433463, 7.401225, 0.121510, 0.069432, 1.095425, 0.755435, 112450.822026, 3040.881934 
72.646517, 17.969151, 8.106127, 0.042651, 0.061771, 1.518729, 1.014436, 148451.627326, 2638.901172 
62.108432, 17.902315, 7.517268, 0.072627, 0.077952, 1.733358, 0.810679, 144075.420586, 2784.677580 
83.766147, 13.991122, 7.275578, 0.133250, 0.050139, 0.939161, 0.630284, 104349.230061, 3008.290095 
71.909941, 20.277620, 7.482765, 0.043066, 0.073180, 1.576416, 1.009568, 161310.910834, 2599.931635 
69.306402, 16.352699, 8.389333, 0.056030, 0.050258, 0.872425, 0.898626, 134653.315696, 2748.321007 
85.600244, 12.333486, 7.113677, 0.132744, 0.052981, 0.902466, 0.766068, 109685.648659, 3210.069772 
63.613513, 16.186173, 7.194183, 0.058924, 0.052390, 1.631100, 0.730536, 142489.002300, 2947.853187 
87.441812, 11.942925, 6.697632, 0.120132, 0.054942, 0.868325, 0.562024, 114915.816397, 3330.046644 
45.560470, 6.462315, 3.375553, 0.064262, 0.145852, 0.639012, 0.639012, 2000000000000000.000000, 1000000000000000.000000 
68.029008, 18.462409, 8.597904, 0.043167, 0.068997, 1.518285, 1.015944, 153146.910241, 2590.188600 
