69.499528, 19.461279, 8.022980, 0.064589, 0.064316, 1.388741, 1.222709, 136154.297542, 2580.528576 
69.289428, 21.220117, 8.029679, 0.039832, 0.066807, 1.412045, 1.021851, 157143.169641, 2505.327867 
64.150478, 16.656348, 8.313724, 0.060736, 0.056846, 1.633090, 0.923000, 134676.570210, 2788.969526 
67.170311, 22.484922, 8.169103, 0.047290, 0.070157, 1.649078, 1.119783, 146740.434493, 2453.617413 
68.872669, 18.942046, 8.649783, 0.054539, 0.060590, 1.454352, 0.988528, 130848.205700, 2552.727995 
64.147516, 17.635275, 8.412996, 0.059619, 0.057367, 1.703951, 0.899222, 130880.214116, 2698.509616 
98.619815, 13.249735, 7.432309, 0.135829, 0.056872, 0.665968, 0.632636, 96462.744896, 3071.682488 
30.404005, 2.748981, 1.670451, 0.026750, 0.089015, 0.260100, 0.260100, 2000000000000000.000000, 1000000000000000.000000 
48.969944, 7.297636, 3.759119, 0.072701, 0.158637, 0.724249, 0.724249, 550704.183488, 7113.820476 
72.517895, 20.399397, 7.585904, 0.061844, 0.053558, 1.514854, 1.138585, 128138.470201, 2580.864583 
48.124882, 7.090596, 3.664049, 0.070609, 0.155468, 0.703122, 0.703122, 579866.034664, 7459.109329 
88.027600, 16.035899, 7.312765, 0.154225, 0.062887, 1.305075, 0.891244, 101467.875699, 2844.355892 
84.798115, 16.217607, 7.246144, 0.159483, 0.054343, 1.102828, 0.952059, 102474.215868, 2837.832730 
50.585000, 7.693325, 3.940813, 0.076698, 0.164694, 0.764625, 0.764625, 502284.859033, 6539.191232 
99.034381, 13.563059, 7.666311, 0.132089, 0.071604, 0.773606, 0.681584, 100013.348662, 3008.610769 
55.167054, 8.815928, 4.456294, 0.088038, 0.181876, 0.879176, 0.879176, 401725.035949, 5340.862277 
68.191143, 20.873901, 7.782579, 0.063877, 0.064828, 1.623818, 1.157892, 134427.829226, 2548.998372 
71.173847, 22.033723, 8.164241, 0.045753, 0.072091, 1.571009, 1.150907, 150118.692485, 2459.744286 
61.203890, 20.066490, 8.159512, 0.033054, 0.056698, 1.210145, 1.559114, 191857.844662, 2591.769888 
66.394794, 18.901417, 8.751866, 0.036194, 0.052446, 1.395509, 0.909886, 145272.087047, 2564.335337 
47.049718, 6.827181, 3.543093, 0.067948, 0.151436, 0.676243, 0.676243, 621621.396089, 7952.480641 
70.732656, 19.426965, 7.139169, 0.078160, 0.055643, 1.553519, 1.096598, 128094.328354, 2687.345096 
65.287487, 20.406701, 7.315782, 0.064711, 0.056212, 1.445786, 1.022277, 136128.636835, 2638.194629 
73.990962, 22.699484, 7.703388, 0.047936, 0.084270, 1.689044, 1.103916, 156840.275112, 2489.275422 
94.528638, 13.885962, 7.198998, 0.133035, 0.061309, 1.227626, 0.638030, 99954.747128, 3039.837869 
65.132395, 19.549360, 8.083145, 0.040884, 0.064235, 1.127035, 1.539094, 182868.649956, 2594.245831 
41.381393, 5.438441, 2.905407, 0.053919, 0.130180, 0.534535, 0.534535, 2000000000000000.000000, 1000000000000000.000000 
92.171945, 15.015313, 7.338713, 0.128629, 0.065584, 1.139880, 1.022574, 107248.251665, 2920.579782 
63.740817, 19.697562, 8.238553, 0.033630, 0.060802, 1.405484, 0.827485, 162153.254614, 2582.370376 
69.184340, 22.243318, 7.626877, 0.043631, 0.081007, 1.689093, 1.108794, 165599.533150, 2515.803850 
93.672690, 18.117836, 7.625133, 0.133797, 0.053311, 0.615115, 0.700865, 95823.901731, 2706.775015 
93.214826, 12.233514, 7.752204, 0.137441, 0.058605, 0.857340, 0.743826, 97500.857591, 3111.867634 
67.361816, 19.014997, 8.235576, 0.032171, 0.052225, 1.450026, 0.894049, 154327.493960, 2594.020994 
66.777068, 18.410262, 8.499235, 0.029986, 0.056221, 1.557923, 0.931350, 162941.873060, 2611.033978 
68.583290, 18.358247, 9.172941, 0.055961, 0.060626, 1.469913, 1.115811, 129471.033978, 2550.705983 
68.213177, 20.044656, 8.361186, 0.032212, 0.056084, 1.553706, 0.834122, 150501.108154, 2525.528278 
75.243392, 20.463807, 6.818266, 0.058244, 0.066974, 1.642009, 1.141023, 148185.852390, 2688.016772 
88.014165, 15.786264, 7.298105, 0.139784, 0.054982, 0.676879, 0.802076, 104228.387210, 2862.960027 
62.008403, 21.163380, 7.622485, 0.042438, 0.056650, 1.127954, 1.544194, 175017.985189, 2585.783902 
59.013763, 9.758372, 4.889048, 0.097559, 0.196302, 0.975344, 0.975344, 344022.837166, 4651.399061 
95.077971, 9.021677, 7.713482, 0.133431, 0.051530, 0.930341, 0.629452, 94326.114421, 3606.190107 
73.655065, 19.734512, 7.564170, 0.062739, 0.071445, 1.492305, 1.104884, 140329.550790, 2609.475869 
61.920036, 20.964800, 8.167698, 0.045550, 0.052748, 1.253417, 1.609434, 158542.244692, 2539.332596 
64.779541, 17.767677, 8.469695, 0.041755, 0.051275, 1.468972, 0.991827, 145112.356624, 2676.730496 
101.687576, 12.599355, 7.786040, 0.144801, 0.063104, 0.752946, 0.687288, 91734.851872, 3088.463492 
69.726677, 17.636373, 8.791313, 0.067389, 0.053530, 1.591592, 1.171322, 119429.527076, 2615.514365 
34.924925, 3.856607, 2.179054, 0.037939, 0.105968, 0.373123, 0.373123, 2000000000000000.000000, 1000000000000000.000000 
69.441028, 21.709004, 7.764559, 0.059871, 0.052019, 1.421594, 1.093694, 127071.258469, 2516.652263 
23.290180, 1.006094, 0.870145, 0.009143, 0.062338, 0.082254, 0.082254, 2000000000000000.000000, 1000000000000000.000000 
93.072413, 13.719969, 8.044248, 0.135660, 0.053503, 1.203181, 0.742454, 89753.489030, 2924.020406 
95.171219, 13.127909, 7.678304, 0.141308, 0.050588, 1.185305, 0.806316, 91187.976327, 3032.912265 
28.329653, 2.240765, 1.437086, 0.021616, 0.081236, 0.208241, 0.208241, 2000000000000000.000000, 1000000000000000.000000 
65.483732, 19.038185, 8.726591, 0.017520, 0.057073, 1.435951, 0.823747, 204924.037840, 2565.651629 
63.820980, 19.848027, 8.274644, 0.040967, 0.060516, 1.356014, 0.917704, 152473.310981, 2570.413895 
20.474420, 0.316233, 0.553372, 0.002174, 0.051779, 0.011860, 0.011860, 2000000000000000.000000, 1000000000000000.000000 
85.055935, 16.667934, 8.109965, 0.132588, 0.066166, 0.642066, 0.713113, 101528.121016, 2695.155138 
92.294775, 16.657049, 7.254094, 0.157517, 0.068690, 1.346420, 0.960664, 101250.606672, 2829.103282 
99.437700, 11.558424, 7.518462, 0.130571, 0.056371, 0.938778, 0.838510, 96809.302319, 3235.363037 
66.291532, 18.190855, 8.270659, 0.054217, 0.058381, 1.488096, 1.038470, 138131.067454, 2648.642973 
98.192307, 11.593521, 7.458805, 0.145146, 0.068890, 0.984468, 0.789395, 99888.294131, 3238.457003 
67.919491, 21.072465, 7.832828, 0.046685, 0.063687, 1.390484, 1.159318, 152315.258873, 2536.414895 
66.715920, 18.457038, 8.775248, 0.037900, 0.060232, 1.366852, 0.878080, 150831.320762, 2587.213671 
90.760910, 14.563431, 7.088302, 0.150825, 0.057422, 1.067995, 0.986087, 104259.527128, 2992.233470 
29.973810, 2.643584, 1.622054, 0.025685, 0.087402, 0.249345, 0.249345, 2000000000000000.000000, 1000000000000000.000000 
55.615543, 8.925808, 4.506749, 0.089148, 0.183558, 0.890389, 0.890389, 394003.614840, 5248.632455 
28.782171, 2.351632, 1.487994, 0.022736, 0.082933, 0.219554, 0.219554, 2000000000000000.000000, 1000000000000000.000000 
71.514201, 20.665626, 7.069644, 0.059079, 0.059037, 1.561520, 1.073423, 139481.729806, 2642.832289 
39.225033, 4.910133, 2.662816, 0.048582, 0.122094, 0.480626, 0.480626, 2000000000000000.000000, 1000000000000000.000000 
29.188854, 2.451269, 1.533746, 0.023742, 0.084458, 0.229721, 0.229721, 2000000000000000.000000, 1000000000000000.000000 
89.579802, 17.333378, 6.874036, 0.151368, 0.065961, 1.269952, 0.952082, 107783.242746, 2845.353492 
77.508039, 20.062295, 7.526500, 0.073976, 0.051870, 1.527827, 1.080262, 117262.363778, 2598.722148 
61.243510, 18.944772, 8.886487, 0.021163, 0.061260, 1.474609, 1.485899, 234118.386321, 2606.903443 
97.497985, 11.562048, 7.559233, 0.137315, 0.050413, 0.840317, 0.793388, 93974.105613, 3224.020547 
22.973434, 0.928491, 0.834511, 0.008359, 0.061150, 0.074336, 0.074336, 2000000000000000.000000, 1000000000000000.000000 
71.890752, 18.886392, 8.587998, 0.063443, 0.076251, 1.505626, 1.120430, 134882.544326, 2545.941438 
73.324635, 21.917842, 8.510433, 0.031249, 0.070020, 1.666022, 0.997571, 162583.462286, 2427.974550 
72.933513, 21.676647, 8.183316, 0.044957, 0.060205, 1.448355, 1.119576, 140520.559339, 2467.137009 
38.733296, 4.789657, 2.607496, 0.047365, 0.120250, 0.468332, 0.468332, 2000000000000000.000000, 1000000000000000.000000 
48.664335, 7.222762, 3.724738, 0.071944, 0.157491, 0.716608, 0.716608, 560913.258815, 7234.768469 
101.622177, 11.791174, 7.338493, 0.135718, 0.059536, 0.877852, 0.786071, 97580.416253, 3247.701919 
60.412528, 21.197485, 8.368118, 0.038535, 0.065581, 1.349203, 1.438254, 178894.534193, 2523.459587 
43.771110, 6.023922, 3.174250, 0.059833, 0.139142, 0.594278, 0.594278, 2000000000000000.000000, 1000000000000000.000000 
70.543897, 18.706460, 7.724654, 0.061730, 0.058170, 1.483165, 1.104846, 133786.822893, 2647.860479 
88.146833, 17.415615, 7.015241, 0.149985, 0.074512, 1.365295, 0.978416, 109426.876169, 2811.977495 
72.287464, 20.737434, 7.451401, 0.065820, 0.052932, 1.606617, 1.149664, 126012.199128, 2585.314883 
61.443450, 19.902606, 8.110025, 0.046153, 0.052068, 1.489754, 0.879308, 140056.842364, 2602.994707 
68.139228, 19.136262, 8.369616, 0.032992, 0.066782, 1.419595, 0.822532, 164489.979984, 2570.411561 
66.042820, 20.811949, 8.117517, 0.043856, 0.051962, 1.359664, 1.039956, 140849.669706, 2525.006514 
103.030544, 12.348708, 7.861840, 0.133637, 0.062490, 0.863641, 0.760387, 92061.149838, 3107.012036 
68.650617, 17.933275, 8.275861, 0.045542, 0.066634, 1.444377, 1.058459, 153998.046174, 2646.629262 
66.004921, 18.309375, 8.908955, 0.031306, 0.064778, 1.399836, 0.889861, 169062.174601, 2593.945034 
86.550253, 15.832788, 8.085896, 0.138629, 0.058381, 0.718613, 0.701270, 96556.568316, 2751.291606 
72.897594, 21.401282, 7.438608, 0.074451, 0.061712, 1.461002, 1.086628, 126514.713297, 2562.539751 
25.647849, 1.583723, 1.135383, 0.014978, 0.071179, 0.141196, 0.141196, 2000000000000000.000000, 1000000000000000.000000 
76.140200, 14.097683, 8.405546, 0.120247, 0.070600, 1.078584, 0.665269, 109698.450188, 2899.873821 
21.314642, 0.522087, 0.647897, 0.004254, 0.054930, 0.032866, 0.032866, 2000000000000000.000000, 1000000000000000.000000 
70.217889, 20.931934, 7.609203, 0.067678, 0.059023, 1.567928, 1.190117, 129548.598300, 2561.555941 
66.932533, 19.732051, 8.813742, 0.031131, 0.057226, 1.478176, 0.898119, 154987.369305, 2510.183015 
67.187836, 18.865301, 8.574622, 0.042241, 0.066415, 1.435291, 0.955592, 151709.936228, 2574.204351 
97.326999, 13.143390, 7.747869, 0.135960, 0.061300, 0.703088, 0.625827, 95151.047205, 3026.828322 
65.062502, 20.853733, 7.967739, 0.034909, 0.058461, 1.490144, 1.085092, 163059.233782, 2543.361753 
84.916751, 15.462874, 8.021230, 0.142158, 0.051704, 0.663448, 0.796882, 96989.277569, 2784.342994 
21.957110, 0.679492, 0.720175, 0.005844, 0.057339, 0.048928, 0.048928, 2000000000000000.000000, 1000000000000000.000000 
70.659230, 20.342270, 7.140506, 0.062896, 0.060746, 1.514939, 1.044491, 138005.065204, 2646.781718 
91.341627, 13.732346, 6.965928, 0.125099, 0.050967, 1.030185, 0.785758, 105512.823768, 3085.714134 
91.528298, 14.995981, 7.539350, 0.143626, 0.055296, 1.091072, 0.922827, 97533.778269, 2889.589422 
94.947939, 12.524017, 7.539111, 0.142112, 0.058832, 1.273847, 0.791162, 95412.261367, 3114.307134 
33.688932, 3.553788, 2.040005, 0.034880, 0.101333, 0.342223, 0.342223, 2000000000000000.000000, 1000000000000000.000000 
75.612874, 20.322545, 7.693996, 0.056569, 0.058956, 1.348781, 1.058769, 133106.470681, 2567.540962 
95.512412, 12.417916, 7.341662, 0.139026, 0.068292, 0.945466, 0.733670, 103211.851029, 3159.071791 
86.495252, 15.939756, 7.769622, 0.139252, 0.056150, 0.717809, 0.898437, 101118.762020, 2783.513795 
69.812414, 22.626226, 7.896341, 0.050548, 0.063050, 1.578304, 1.124003, 139216.988812, 2471.885671 
69.763143, 22.397782, 7.736223, 0.036702, 0.062440, 1.585582, 1.053537, 157508.534759, 2496.987364 
44.368097, 6.170184, 3.241411, 0.061311, 0.141380, 0.609202, 0.609202, 2000000000000000.000000, 1000000000000000.000000 
65.381208, 19.047826, 8.037468, 0.053395, 0.052398, 1.543148, 0.967660, 133270.970607, 2624.756682 
66.326008, 21.541272, 7.560940, 0.060213, 0.061078, 1.495403, 1.068505, 137259.572324, 2555.799578 
70.298793, 18.378206, 8.680150, 0.037826, 0.066725, 1.492282, 0.869161, 151999.153175, 2573.839554 
72.125327, 20.225749, 7.682611, 0.071586, 0.050770, 1.515997, 1.098115, 119688.639667, 2576.667944 
94.663267, 12.456568, 7.246446, 0.133271, 0.069898, 1.120209, 0.765547, 105820.819457, 3169.534877 
64.337831, 17.851006, 8.304550, 0.044764, 0.058572, 1.490578, 0.995578, 150261.106096, 2688.545746 
65.407726, 18.843375, 8.437718, 0.055175, 0.070236, 1.533227, 0.975005, 142217.941030, 2600.624853 
72.934146, 20.538256, 7.181270, 0.059255, 0.059861, 1.577977, 1.031683, 136528.184150, 2629.519116 
73.943619, 15.454502, 8.336935, 0.123444, 0.061500, 1.120048, 0.661949, 105681.813939, 2790.863616 
70.455383, 17.790826, 8.970696, 0.054871, 0.071765, 1.489686, 1.144863, 140700.258093, 2586.749086 
50.303593, 7.624380, 3.909154, 0.076001, 0.163638, 0.757590, 0.757590, 510109.903952, 6632.168323 
91.965339, 14.086822, 7.241625, 0.147443, 0.068428, 1.127771, 0.847247, 104473.813628, 3008.441760 
70.520624, 21.308789, 7.422733, 0.061649, 0.052842, 1.500341, 0.967148, 127240.499602, 2570.722446 
69.050675, 21.813171, 8.016633, 0.050203, 0.078723, 1.651864, 1.111324, 151012.178763, 2486.214942 
