88.491722, 16.352367, 7.705242, 0.152950, 0.056618, 1.230200, 0.908005, 95256.230350, 2769.243709 
102.427970, 12.508139, 7.736093, 0.148862, 0.067905, 0.654700, 0.673855, 93688.622790, 3108.529016 
77.374828, 21.285814, 8.099648, 0.066763, 0.054370, 1.448105, 1.324392, 119687.087774, 2487.602608 
85.809770, 16.569381, 7.802242, 0.147505, 0.070189, 0.795282, 1.113446, 107028.479700, 2739.049240 
44.252999, 6.141985, 3.228462, 0.061026, 0.140949, 0.606325, 0.606325, 2000000000000000.000000, 1000000000000000.000000 
74.247197, 15.060133, 8.300770, 0.141985, 0.054419, 1.243187, 0.760188, 101368.277044, 2827.930462 
88.947781, 16.524355, 7.730938, 0.149453, 0.071441, 1.379569, 0.875707, 98676.527171, 2756.625915 
85.355824, 17.031551, 7.821710, 0.141642, 0.062417, 1.179848, 0.911197, 99450.319497, 2709.256111 
65.664429, 18.982837, 8.204761, 0.081006, 0.064698, 1.546304, 1.150027, 126642.518073, 2610.557392 
48.322112, 7.138917, 3.686238, 0.071097, 0.156208, 0.708053, 0.708053, 572793.433516, 7375.421834 
98.864548, 12.770864, 7.637576, 0.137920, 0.065551, 0.725269, 0.633759, 96796.789976, 3084.065393 
77.511528, 16.251180, 8.319812, 0.135264, 0.068569, 1.243808, 0.847683, 103116.360342, 2709.694340 
66.277228, 20.367501, 8.506221, 0.025061, 0.075406, 1.630646, 0.945379, 195840.504317, 2507.948000 
39.028733, 4.862039, 2.640732, 0.048096, 0.121358, 0.475718, 0.475718, 2000000000000000.000000, 1000000000000000.000000 
59.760647, 21.205675, 8.846313, 0.049571, 0.070481, 1.285472, 1.416593, 162313.279884, 2493.609546 
75.288168, 22.620985, 7.287433, 0.078547, 0.056951, 1.365360, 0.883687, 118953.078435, 2545.806911 
101.930286, 13.071046, 7.868475, 0.138718, 0.054597, 0.813588, 0.645159, 87298.941010, 3033.575160 
73.073483, 21.210543, 8.409159, 0.028236, 0.071469, 1.287174, 1.111891, 189066.140717, 2460.560712 
105.526065, 13.046371, 7.414490, 0.139743, 0.073155, 0.835704, 0.732028, 98568.855558, 3130.727753 
75.856803, 21.616460, 8.027409, 0.066410, 0.054745, 1.466473, 1.283096, 120681.518904, 2484.345110 
70.589163, 20.652585, 7.696819, 0.079866, 0.059002, 1.591158, 1.123186, 121265.234633, 2560.979483 
71.646447, 18.468759, 9.034808, 0.063914, 0.060995, 1.420418, 1.154381, 122737.482189, 2533.950657 
106.480881, 12.583805, 8.026985, 0.141269, 0.068622, 0.684361, 0.770122, 91160.701874, 3078.032296 
69.140406, 17.154309, 9.552610, 0.076096, 0.060273, 1.417917, 1.118061, 116207.988208, 2606.785739 
73.012228, 19.233302, 7.841971, 0.084918, 0.067908, 1.429884, 1.017634, 122064.088929, 2599.842167 
86.332923, 16.167144, 7.571438, 0.144387, 0.063720, 0.635432, 0.922110, 106524.406836, 2795.326224 
23.169219, 0.976459, 0.856537, 0.008844, 0.061885, 0.079230, 0.079230, 2000000000000000.000000, 1000000000000000.000000 
35.202765, 3.924677, 2.210311, 0.038627, 0.107010, 0.380069, 0.380069, 2000000000000000.000000, 1000000000000000.000000 
65.545119, 20.265914, 8.392348, 0.021081, 0.058260, 1.646671, 0.778003, 181757.356459, 2526.872849 
68.951822, 21.640383, 7.260718, 0.078452, 0.063616, 1.501765, 0.952629, 127809.343067, 2583.841942 
67.910469, 20.366589, 8.605048, 0.043649, 0.055308, 1.420002, 1.059731, 138148.494243, 2491.132853 
64.028087, 21.726943, 7.504873, 0.067010, 0.064182, 1.530933, 1.021732, 135927.724161, 2565.214798 
72.686046, 19.059786, 8.434560, 0.030180, 0.060509, 1.503759, 0.732507, 153817.200573, 2548.062184 
47.112317, 6.842518, 3.550136, 0.068103, 0.151671, 0.677808, 0.677808, 619030.715837, 7921.904356 
73.552663, 20.250806, 7.799724, 0.087498, 0.058125, 1.476681, 1.192826, 116896.092114, 2559.457648 
100.960049, 11.718373, 7.904097, 0.140491, 0.078275, 0.701902, 0.621692, 97558.912359, 3158.364002 
67.910728, 20.185062, 8.286396, 0.036499, 0.063214, 1.382928, 1.186586, 165825.260006, 2527.424270 
31.354441, 2.981838, 1.777375, 0.029102, 0.092579, 0.283861, 0.283861, 2000000000000000.000000, 1000000000000000.000000 
56.749987, 9.203747, 4.634374, 0.091956, 0.187812, 0.918750, 0.918750, 375748.734578, 5030.518481 
27.244210, 1.974831, 1.314974, 0.018929, 0.077166, 0.181105, 0.181105, 2000000000000000.000000, 1000000000000000.000000 
70.313881, 19.505955, 8.433875, 0.034140, 0.056356, 1.485864, 0.864071, 147663.235744, 2535.094751 
67.336066, 18.284001, 9.386733, 0.076741, 0.060750, 1.460188, 1.158929, 117214.348072, 2553.148935 
70.976590, 17.887022, 9.494481, 0.068551, 0.057877, 1.447679, 1.177513, 116061.758390, 2542.465666 
51.560917, 7.932425, 4.050603, 0.079113, 0.168353, 0.789023, 0.789023, 476890.851814, 6237.169878 
105.548444, 12.922382, 7.417204, 0.146661, 0.061526, 0.904395, 0.596256, 90260.431066, 3141.453222 
68.463807, 21.639219, 6.890926, 0.078246, 0.050099, 1.549929, 0.977948, 125635.979634, 2639.781129 
34.986602, 3.871717, 2.185993, 0.038092, 0.106200, 0.374665, 0.374665, 2000000000000000.000000, 1000000000000000.000000 
79.052626, 19.951015, 8.016344, 0.066822, 0.064939, 1.580985, 0.969629, 120185.696818, 2544.416215 
31.176272, 2.938187, 1.757331, 0.028661, 0.091911, 0.279407, 0.279407, 2000000000000000.000000, 1000000000000000.000000 
70.409323, 18.324107, 9.252738, 0.070473, 0.065110, 1.409168, 1.095554, 120150.864249, 2534.477156 
90.544054, 16.027584, 7.020685, 0.137750, 0.062310, 1.415526, 0.818229, 104351.864038, 2898.983730 
95.900609, 11.283444, 7.830143, 0.134481, 0.055958, 0.743162, 0.640402, 94111.765301, 3214.656858 
69.847851, 20.147746, 7.759664, 0.050150, 0.062941, 1.553860, 0.884728, 139049.696422, 2576.526014 
88.577091, 15.148428, 7.825799, 0.144112, 0.057193, 1.150680, 1.012733, 97452.390292, 2833.112706 
67.814505, 17.738591, 9.002525, 0.072489, 0.053062, 1.446880, 1.165248, 118028.438056, 2609.594746 
64.902021, 21.819280, 7.579420, 0.043163, 0.058830, 1.552465, 0.878328, 146785.287312, 2548.797205 
69.396886, 20.790663, 7.889271, 0.042396, 0.069886, 1.391154, 1.002673, 158097.581675, 2536.587651 
45.537962, 6.456801, 3.373021, 0.064206, 0.145767, 0.638449, 0.638449, 2000000000000000.000000, 1000000000000000.000000 
79.362918, 19.974275, 7.985773, 0.087209, 0.067424, 1.588162, 1.028178, 112959.869669, 2547.135707 
90.355198, 14.442268, 8.013025, 0.138241, 0.075242, 1.283357, 0.666884, 97141.110959, 2864.598152 
65.682246, 21.628672, 8.010187, 0.063946, 0.055970, 1.525249, 1.025214, 125623.455227, 2504.681027 
45.614262, 6.475494, 3.381605, 0.064395, 0.146053, 0.640357, 0.640357, 2000000000000000.000000, 1000000000000000.000000 
75.900129, 19.598884, 7.381925, 0.088210, 0.054871, 1.419036, 1.138936, 118439.984480, 2637.196863 
24.346364, 1.264859, 0.988966, 0.011757, 0.066299, 0.108659, 0.108659, 2000000000000000.000000, 1000000000000000.000000 
56.530125, 9.149881, 4.609639, 0.091412, 0.186988, 0.913253, 0.913253, 379151.515743, 5071.180952 
70.470845, 20.068133, 7.806854, 0.064004, 0.066198, 1.387631, 1.147899, 136972.399874, 2572.693537 
23.773037, 1.124394, 0.924467, 0.010338, 0.064149, 0.094326, 0.094326, 2000000000000000.000000, 1000000000000000.000000 
100.813393, 14.071953, 7.427000, 0.136600, 0.062590, 0.667771, 0.629471, 97159.272594, 3014.289374 
76.378567, 20.680440, 8.195800, 0.053178, 0.056368, 1.421363, 1.377831, 133163.405415, 2497.746373 
69.020410, 22.073297, 7.290894, 0.046996, 0.053412, 1.595450, 0.900841, 138154.704779, 2564.897209 
70.353427, 20.933029, 8.085836, 0.062908, 0.062637, 1.485633, 1.155679, 129952.531618, 2507.508110 
87.626051, 17.699343, 7.146382, 0.150302, 0.068421, 1.231540, 0.832644, 105034.563465, 2774.435183 
94.339339, 16.775483, 7.297106, 0.146861, 0.050011, 1.180035, 0.878537, 94836.193618, 2824.539739 
67.336156, 22.251004, 7.273049, 0.088923, 0.054036, 1.429462, 0.896125, 119273.775403, 2565.113731 
101.873036, 14.532882, 7.078279, 0.141779, 0.062233, 0.701456, 0.599465, 99045.330959, 3046.454411 
68.888489, 21.020783, 8.110006, 0.062293, 0.062100, 1.463804, 0.997948, 127928.149506, 2505.797741 
75.583031, 20.385209, 7.679646, 0.076516, 0.051617, 1.490145, 1.206865, 117286.923410, 2566.922008 
34.928138, 3.857394, 2.179416, 0.037947, 0.105981, 0.373203, 0.373203, 2000000000000000.000000, 1000000000000000.000000 
72.417854, 19.056431, 8.348357, 0.054026, 0.068780, 1.436421, 0.962860, 136502.043360, 2557.177080 
78.798617, 19.439083, 7.669318, 0.075015, 0.050596, 1.562002, 1.055184, 113504.982174, 2605.988477 
102.426209, 12.546998, 7.947490, 0.153293, 0.058407, 0.796950, 0.641792, 85607.149595, 3071.967917 
74.978456, 20.531481, 7.956334, 0.064658, 0.058910, 1.494950, 1.144284, 124398.284239, 2529.358513 
64.023309, 19.677641, 8.540406, 0.023970, 0.062649, 1.458984, 1.337687, 210648.383104, 2555.735879 
33.358093, 3.472733, 2.002785, 0.034061, 0.100093, 0.333952, 0.333952, 2000000000000000.000000, 1000000000000000.000000 
74.604869, 21.035793, 8.233515, 0.068862, 0.053388, 1.463443, 1.315104, 118075.288393, 2482.167905 
71.974870, 18.787531, 7.357047, 0.085925, 0.053085, 1.315839, 1.091334, 122582.499780, 2684.922005 
38.365341, 4.699509, 2.566101, 0.046454, 0.118870, 0.459134, 0.459134, 2000000000000000.000000, 1000000000000000.000000 
74.616351, 15.584075, 8.828659, 0.135571, 0.059404, 1.278075, 0.671954, 97228.886432, 2732.638516 
56.357416, 9.107567, 4.590209, 0.090985, 0.186340, 0.908935, 0.908935, 381868.728331, 5103.649618 
67.157683, 20.081615, 8.307902, 0.056862, 0.052722, 1.150647, 1.612752, 141974.573012, 2533.929115 
62.898086, 22.205126, 7.728179, 0.042109, 0.057773, 1.576884, 0.804022, 144276.552223, 2526.684534 
39.240862, 4.914011, 2.664597, 0.048621, 0.122153, 0.481022, 0.481022, 2000000000000000.000000, 1000000000000000.000000 
76.883342, 20.846053, 7.888268, 0.061893, 0.055252, 1.420349, 1.313078, 126638.779257, 2525.374919 
67.165175, 19.324810, 8.369247, 0.078031, 0.050554, 1.540511, 1.233687, 117072.554472, 2566.241180 
46.329820, 6.650806, 3.462105, 0.066166, 0.148737, 0.658246, 0.658246, 653002.154202, 8322.490142 
96.038165, 14.328877, 7.387718, 0.140877, 0.056668, 0.750661, 0.593419, 96216.424099, 2977.845025 
44.838171, 6.285352, 3.294294, 0.062474, 0.143143, 0.620954, 0.620954, 2000000000000000.000000, 1000000000000000.000000 
71.919946, 17.922738, 9.525903, 0.069236, 0.061084, 1.422223, 1.163322, 116568.804204, 2531.895251 
97.421882, 11.805743, 7.729920, 0.138752, 0.068576, 0.722471, 0.600171, 97774.902865, 3167.567116 
50.432467, 7.655954, 3.923653, 0.076320, 0.164122, 0.760812, 0.760812, 506496.738499, 6589.242120 
60.551229, 20.762027, 8.711003, 0.047922, 0.060169, 1.197985, 1.508155, 159338.496534, 2517.272556 
76.140465, 19.922959, 7.543806, 0.090218, 0.061958, 1.413971, 1.038816, 117752.898737, 2602.017609 
75.927044, 21.731388, 7.391783, 0.060671, 0.054857, 1.658107, 0.918882, 123343.154198, 2557.867985 
56.363137, 9.108969, 4.590853, 0.090999, 0.186362, 0.909078, 0.909078, 381778.081022, 5102.566517 
69.085774, 22.276472, 7.283610, 0.082981, 0.055464, 1.474271, 0.841083, 119349.775925, 2559.233854 
75.093463, 19.682551, 7.308439, 0.069981, 0.052917, 1.286581, 1.046679, 126161.612370, 2644.311667 
95.407784, 17.023272, 7.470294, 0.151415, 0.062123, 1.352081, 0.944999, 95423.365315, 2789.976011 
91.563905, 15.348407, 7.948080, 0.139724, 0.062564, 0.749862, 0.911157, 98837.785402, 2808.515318 
28.448848, 2.269968, 1.450495, 0.021911, 0.081683, 0.211221, 0.211221, 2000000000000000.000000, 1000000000000000.000000 
65.787095, 21.532426, 8.010753, 0.029125, 0.060651, 1.465425, 1.119318, 178283.678023, 2507.825057 
71.802557, 21.565154, 7.226086, 0.081380, 0.066549, 1.629192, 0.966818, 125738.382104, 2586.996577 
69.617223, 19.736696, 8.493969, 0.054340, 0.064960, 1.321626, 1.059365, 137096.954485, 2521.680161 
99.515273, 13.936448, 7.983814, 0.142316, 0.067750, 0.719657, 0.551677, 91183.845013, 2933.792899 
26.249992, 1.731248, 1.203124, 0.016469, 0.073437, 0.156250, 0.156250, 2000000000000000.000000, 1000000000000000.000000 
96.204530, 12.970712, 8.324062, 0.133095, 0.052326, 0.693559, 0.672173, 87665.083233, 2960.555140 
73.756932, 20.607595, 8.081854, 0.081388, 0.063564, 1.572295, 0.945888, 114207.890734, 2514.027738 
53.358655, 8.372871, 4.252849, 0.083563, 0.175095, 0.833966, 0.833966, 436210.688753, 5752.472162 
77.645376, 20.240122, 7.954543, 0.056228, 0.075382, 1.423514, 1.211124, 144812.099688, 2539.857043 
88.886494, 16.534397, 7.879446, 0.144011, 0.054344, 1.381958, 0.923826, 92835.089770, 2736.548661 
34.986075, 3.871588, 2.185933, 0.038091, 0.106198, 0.374652, 0.374652, 2000000000000000.000000, 1000000000000000.000000 
24.244762, 1.239967, 0.977536, 0.011506, 0.065918, 0.106119, 0.106119, 2000000000000000.000000, 1000000000000000.000000 
63.480851, 21.077127, 7.301080, 0.053319, 0.072922, 1.578204, 0.804709, 150802.089989, 2620.094351 
65.533630, 21.354871, 7.744759, 0.071279, 0.073701, 1.475720, 1.137555, 138593.564542, 2544.507880 
38.235592, 4.667720, 2.551504, 0.046133, 0.118383, 0.455890, 0.455890, 2000000000000000.000000, 1000000000000000.000000 
68.478434, 20.384370, 8.130529, 0.051287, 0.053500, 1.120864, 1.645315, 150022.406243, 2531.232462 
76.047107, 15.664302, 8.544711, 0.129865, 0.059164, 1.090650, 0.658412, 99652.970771, 2740.112926 
103.057532, 12.016254, 7.708509, 0.148075, 0.060613, 0.956558, 0.727810, 89249.209578, 3165.403614 
73.496797, 15.592872, 9.034571, 0.130943, 0.056597, 1.190916, 0.832828, 98753.386672, 2725.839349 
