93.390044, 16.635163, 8.316201, 0.149129, 0.056340, 1.449497, 0.927350, 85703.315601, 2691.673553 
71.459338, 23.109712, 7.933344, 0.096443, 0.050405, 1.474172, 0.736156, 102933.651359, 2452.534330 
67.899015, 20.898598, 8.448133, 0.080320, 0.050163, 1.695852, 1.255715, 111442.331269, 2482.119003 
69.162912, 22.776065, 8.369231, 0.031111, 0.059688, 1.490633, 0.875264, 153441.478484, 2420.828974 
76.878084, 22.051367, 8.365356, 0.062767, 0.063275, 1.477647, 1.280240, 124537.152123, 2437.383376 
75.003576, 22.806565, 7.787623, 0.048134, 0.061118, 1.481967, 0.983753, 135832.617024, 2476.795199 
25.872625, 1.638793, 1.160670, 0.015535, 0.072022, 0.146816, 0.146816, 2000000000000000.000000, 1000000000000000.000000 
73.489345, 22.581290, 7.895434, 0.057103, 0.057625, 1.390579, 0.901947, 124595.466729, 2470.323462 
77.493305, 19.880150, 8.035765, 0.058138, 0.061776, 1.479294, 1.279517, 132440.424445, 2544.702334 
76.178646, 21.898908, 8.098727, 0.063924, 0.056269, 1.423627, 1.118654, 119716.776229, 2468.265354 
75.620562, 15.899967, 8.873497, 0.127838, 0.064484, 1.197146, 0.912797, 101618.878633, 2695.949813 
73.836917, 22.191376, 8.054954, 0.039787, 0.070058, 1.524280, 0.936078, 150571.789181, 2464.065218 
93.835948, 17.067690, 7.474046, 0.143937, 0.068265, 1.341028, 0.967373, 99667.261822, 2779.684146 
36.180230, 4.164156, 2.320276, 0.041046, 0.110676, 0.404506, 0.404506, 2000000000000000.000000, 1000000000000000.000000 
45.624990, 6.478123, 3.382811, 0.064422, 0.146094, 0.640625, 0.640625, 2000000000000000.000000, 1000000000000000.000000 
99.640848, 12.906842, 8.646546, 0.141959, 0.062559, 0.705017, 0.776517, 86487.660661, 2934.468909 
77.479192, 20.498648, 7.545823, 0.059944, 0.061664, 1.597255, 1.021856, 129255.313198, 2579.744289 
101.685463, 10.889233, 7.853738, 0.138904, 0.051544, 0.697306, 0.604165, 86874.649706, 3267.205821 
42.838468, 5.795425, 3.069328, 0.057525, 0.135644, 0.570962, 0.570962, 2000000000000000.000000, 1000000000000000.000000 
109.062214, 14.947906, 7.157271, 0.152410, 0.064700, 1.020759, 0.409846, 88962.932251, 3059.544627 
96.902487, 12.296320, 7.745646, 0.143031, 0.051147, 0.602426, 0.621750, 91222.692102, 3109.827668 
36.009725, 4.122383, 2.301094, 0.040624, 0.110036, 0.400243, 0.400243, 2000000000000000.000000, 1000000000000000.000000 
74.847892, 21.893456, 8.375422, 0.071039, 0.060887, 1.428552, 1.312976, 119928.862934, 2440.520174 
27.312064, 1.991456, 1.322607, 0.019097, 0.077420, 0.182802, 0.182802, 2000000000000000.000000, 1000000000000000.000000 
24.933313, 1.408662, 1.054998, 0.013210, 0.068500, 0.123333, 0.123333, 2000000000000000.000000, 1000000000000000.000000 
84.807002, 17.977203, 8.697945, 0.143856, 0.059551, 1.348264, 0.904903, 88765.633800, 2564.281087 
80.273441, 22.178120, 8.221728, 0.071515, 0.064729, 1.325336, 1.354263, 122466.044778, 2452.294161 
85.091044, 20.001273, 7.702181, 0.077582, 0.062070, 1.244128, 1.318130, 122478.348715, 2589.786931 
26.473713, 1.786060, 1.228293, 0.017022, 0.074276, 0.161843, 0.161843, 2000000000000000.000000, 1000000000000000.000000 
25.216636, 1.478076, 1.086872, 0.013911, 0.069562, 0.130416, 0.130416, 2000000000000000.000000, 1000000000000000.000000 
74.042674, 21.599532, 8.323703, 0.072451, 0.071888, 1.428986, 1.244227, 126298.534343, 2454.883807 
92.255624, 17.474095, 7.364307, 0.152722, 0.064933, 1.348266, 0.875119, 98246.342183, 2768.450758 
58.960217, 9.745253, 4.883024, 0.097427, 0.196101, 0.974005, 0.974005, 344709.760476, 4659.605983 
78.031584, 23.431915, 7.448649, 0.091940, 0.055627, 1.468295, 0.886103, 109310.562577, 2506.617274 
99.064477, 13.709253, 7.772025, 0.145518, 0.052926, 0.695868, 0.667323, 89393.773134, 2980.541529 
74.049487, 18.514494, 9.670616, 0.076846, 0.052362, 1.566013, 1.110330, 101421.694991, 2477.878097 
86.722978, 16.959015, 8.637884, 0.146480, 0.061034, 1.344126, 0.847142, 88231.453975, 2624.079564 
71.384090, 15.375316, 9.173910, 0.133068, 0.050664, 1.301632, 0.878104, 97973.727673, 2759.127381 
99.219234, 10.179660, 8.249800, 0.137906, 0.050144, 0.745718, 0.670577, 85009.996149, 3302.146218 
73.516153, 18.366938, 9.632109, 0.072490, 0.059505, 1.452565, 1.073536, 108897.633443, 2490.587445 
91.444111, 16.686366, 8.001034, 0.144541, 0.053940, 1.472591, 0.938858, 89549.031872, 2719.654261 
78.078626, 19.277262, 8.006059, 0.068875, 0.064277, 1.525602, 1.444159, 129467.568497, 2572.885854 
54.463546, 8.643569, 4.377149, 0.086297, 0.179238, 0.861589, 0.861589, 414470.462934, 5493.052404 
102.078592, 12.304612, 7.881873, 0.141310, 0.053507, 0.558223, 0.729021, 89308.867244, 3104.061087 
74.592046, 20.914027, 7.414024, 0.088879, 0.055724, 1.572855, 1.156262, 116964.743702, 2581.921374 
46.896413, 6.789621, 3.525847, 0.067569, 0.150862, 0.672410, 0.672410, 628055.945231, 8028.403727 
49.500053, 7.427513, 3.818756, 0.074013, 0.160625, 0.737501, 0.737501, 533832.902148, 6913.783360 
96.381152, 15.644939, 7.686961, 0.152494, 0.081185, 1.307702, 0.721369, 96356.323145, 2841.741558 
50.190347, 7.596635, 3.896414, 0.075721, 0.163214, 0.754759, 0.754759, 513327.010973, 6670.381741 
73.709485, 20.575013, 8.150010, 0.058183, 0.065868, 1.558166, 1.232901, 134018.413486, 2508.201570 
34.509234, 3.754762, 2.132289, 0.036910, 0.104410, 0.362731, 0.362731, 2000000000000000.000000, 1000000000000000.000000 
76.188897, 17.212474, 9.976534, 0.084298, 0.065660, 1.445027, 1.090923, 104427.693281, 2525.667650 
70.271025, 21.944893, 8.325959, 0.034847, 0.063880, 1.501084, 0.929236, 153033.452244, 2448.301780 
87.245268, 18.325124, 7.824618, 0.142301, 0.064677, 1.285831, 0.802559, 96485.064802, 2647.672449 
90.814539, 16.093652, 8.384747, 0.149353, 0.060207, 1.377320, 0.950649, 88497.113016, 2707.005774 
69.104393, 20.300653, 8.204021, 0.090469, 0.069768, 1.669112, 1.178544, 119223.264337, 2525.176350 
72.509579, 21.493898, 7.662055, 0.057200, 0.054724, 1.334724, 1.039015, 130167.091899, 2531.409354 
80.949247, 19.940590, 8.047471, 0.079230, 0.057541, 1.560827, 0.922797, 108081.928839, 2542.965730 
68.487837, 17.689459, 9.462153, 0.080084, 0.052677, 1.392959, 1.097846, 109991.924483, 2578.623191 
52.884759, 8.256766, 4.199535, 0.082390, 0.173318, 0.822119, 0.822119, 446249.191238, 5872.172978 
86.161392, 18.275999, 8.237858, 0.145999, 0.052691, 1.245758, 0.766256, 88787.275650, 2599.050790 
35.268880, 3.940876, 2.217749, 0.038790, 0.107258, 0.381722, 0.381722, 2000000000000000.000000, 1000000000000000.000000 
81.530765, 19.227004, 8.249364, 0.088089, 0.068537, 1.470254, 1.056449, 111265.468165, 2549.885160 
21.083856, 0.465545, 0.621934, 0.003683, 0.054064, 0.027096, 0.027096, 2000000000000000.000000, 1000000000000000.000000 
51.211915, 7.846919, 4.011340, 0.078249, 0.167045, 0.780298, 0.780298, 485675.543638, 6341.699221 
70.271864, 16.292378, 9.421291, 0.136274, 0.052371, 1.063254, 1.037851, 98880.386325, 2672.360802 
73.915957, 20.865404, 8.613823, 0.068074, 0.080294, 1.601367, 1.558193, 137370.651033, 2453.100877 
29.397527, 2.502394, 1.557222, 0.024259, 0.085241, 0.234938, 0.234938, 2000000000000000.000000, 1000000000000000.000000 
50.626123, 7.703400, 3.945439, 0.076800, 0.164848, 0.765653, 0.765653, 501161.155291, 6525.835607 
77.500509, 20.765251, 8.207022, 0.060387, 0.054866, 1.437013, 1.267229, 122626.434711, 2493.704420 
23.394331, 1.031611, 0.881862, 0.009401, 0.062729, 0.084858, 0.084858, 2000000000000000.000000, 1000000000000000.000000 
97.226164, 11.979512, 8.723086, 0.146002, 0.053460, 0.710615, 0.865990, 84375.075145, 3012.212909 
86.806779, 15.257212, 8.417638, 0.156098, 0.064636, 1.368900, 0.877407, 91142.347691, 2753.795778 
74.643456, 20.496446, 7.696537, 0.068795, 0.062648, 1.630220, 1.459748, 131755.708380, 2561.116503 
74.735619, 21.032164, 7.891722, 0.053783, 0.052199, 1.581122, 0.985355, 123438.596169, 2518.709112 
43.532375, 5.965432, 3.147392, 0.059243, 0.138246, 0.588309, 0.588309, 2000000000000000.000000, 1000000000000000.000000 
73.812333, 22.512412, 7.626970, 0.078190, 0.070277, 1.305512, 0.898497, 123866.312466, 2503.731003 
39.520942, 4.982631, 2.696106, 0.049314, 0.123204, 0.488024, 0.488024, 2000000000000000.000000, 1000000000000000.000000 
50.356460, 7.637333, 3.915102, 0.076132, 0.163837, 0.758911, 0.758911, 508621.579404, 6614.487469 
68.241784, 19.026629, 8.608576, 0.089261, 0.050817, 1.601259, 1.160295, 109359.736653, 2555.274933 
90.136371, 14.863048, 7.746282, 0.133393, 0.059051, 0.762139, 0.905172, 101735.949438, 2867.049343 
68.890878, 16.580025, 9.490802, 0.076569, 0.053760, 1.427303, 0.891649, 110485.897130, 2659.765812 
92.036201, 16.360943, 7.336721, 0.134158, 0.065545, 1.318798, 0.906761, 102713.248647, 2832.295314 
72.935780, 20.180109, 8.251853, 0.062913, 0.052146, 1.603874, 1.112513, 117934.580389, 2514.669454 
99.949515, 11.117738, 8.131096, 0.135556, 0.063223, 0.713612, 0.635850, 91144.626064, 3192.404648 
20.133285, 0.232655, 0.514995, 0.001330, 0.050500, 0.003332, 0.003332, 2000000000000000.000000, 1000000000000000.000000 
74.936252, 18.955573, 10.568903, 0.081381, 0.052506, 1.556770, 1.026655, 92083.586533, 2405.229900 
32.116669, 3.168584, 1.863125, 0.030989, 0.095438, 0.302917, 0.302917, 2000000000000000.000000, 1000000000000000.000000 
87.797336, 16.008119, 7.561999, 0.149731, 0.063954, 1.440482, 0.879181, 98827.284697, 2809.064821 
73.892568, 21.832364, 7.952340, 0.083864, 0.052932, 1.313019, 0.838723, 108643.874643, 2485.972969 
43.892650, 6.053699, 3.187923, 0.060134, 0.139597, 0.597316, 0.597316, 2000000000000000.000000, 1000000000000000.000000 
75.848882, 21.372884, 7.899846, 0.062949, 0.060103, 1.535527, 1.115299, 124565.342466, 2506.199956 
113.644256, 14.378983, 7.297046, 0.145239, 0.058991, 1.013873, 0.483235, 84929.805870, 3118.373515 
99.257454, 11.751382, 8.155038, 0.154990, 0.057292, 0.772455, 0.733662, 86366.306839, 3113.347411 
76.035709, 18.574740, 9.656201, 0.070327, 0.056010, 1.487154, 1.000979, 103755.179040, 2468.449955 
97.071614, 11.426741, 7.798084, 0.128792, 0.057341, 0.695515, 0.515111, 93698.349761, 3201.795207 
51.067909, 7.811638, 3.995140, 0.077893, 0.166505, 0.776698, 0.776698, 489394.163973, 6385.931679 
40.479493, 5.217476, 2.803943, 0.051687, 0.126798, 0.511987, 0.511987, 2000000000000000.000000, 1000000000000000.000000 
73.163180, 21.929422, 7.788761, 0.062139, 0.061003, 1.424457, 1.263060, 132273.576524, 2501.787490 
80.994032, 22.521438, 7.955696, 0.070782, 0.062261, 1.427658, 1.308329, 121484.108344, 2473.150580 
73.329995, 17.387112, 9.817444, 0.082619, 0.051974, 1.403353, 1.072768, 101185.796682, 2540.071437 
25.625464, 1.578239, 1.132865, 0.014923, 0.071095, 0.140637, 0.140637, 2000000000000000.000000, 1000000000000000.000000 
90.338925, 16.007720, 8.778118, 0.162765, 0.060455, 1.383536, 0.836465, 82931.989244, 2670.205885 
58.862666, 9.721353, 4.872050, 0.097185, 0.195735, 0.971567, 0.971567, 345968.519699, 4674.644908 
97.527981, 12.538426, 8.946911, 0.145691, 0.050648, 0.685663, 0.873455, 81236.909102, 2929.852817 
46.638306, 6.726385, 3.496809, 0.066930, 0.149894, 0.665958, 0.665958, 639186.490494, 8159.671043 
90.052212, 16.128156, 8.572982, 0.162115, 0.054339, 1.371737, 0.911405, 83754.496196, 2683.154278 
71.725061, 17.572594, 9.805689, 0.075541, 0.052062, 1.457337, 0.969918, 103449.933179, 2539.908652 
44.086846, 6.101277, 3.209770, 0.060615, 0.140326, 0.602171, 0.602171, 2000000000000000.000000, 1000000000000000.000000 
73.198138, 20.753767, 7.893943, 0.063779, 0.060050, 1.508519, 1.157259, 127512.042326, 2529.720381 
81.495767, 22.163612, 7.877236, 0.073978, 0.071809, 1.440118, 1.324027, 126885.185756, 2492.471301 
21.615582, 0.595818, 0.681753, 0.004999, 0.056058, 0.040390, 0.040390, 2000000000000000.000000, 1000000000000000.000000 
99.560540, 12.455211, 7.729141, 0.142416, 0.054944, 0.572737, 0.589132, 91006.637396, 3103.175763 
51.956134, 8.029253, 4.095065, 0.080091, 0.169836, 0.798903, 0.798903, 467315.005392, 6123.168491 
29.102423, 2.430094, 1.524023, 0.023529, 0.084134, 0.227561, 0.227561, 2000000000000000.000000, 1000000000000000.000000 
83.302129, 21.504439, 7.531934, 0.072654, 0.062190, 1.471575, 0.932556, 117858.154904, 2557.944662 
41.851562, 5.553633, 2.958301, 0.055083, 0.131943, 0.546289, 0.546289, 2000000000000000.000000, 1000000000000000.000000 
90.800545, 16.528897, 8.020381, 0.151628, 0.065150, 1.326931, 0.971155, 93559.605226, 2724.124732 
107.520356, 14.337826, 7.546723, 0.143529, 0.050918, 1.079803, 0.556979, 83207.300741, 3020.594761 
73.775653, 15.729579, 8.942764, 0.141935, 0.058351, 1.306545, 0.918412, 98088.271866, 2718.075434 
88.750902, 16.022803, 8.357406, 0.148938, 0.057579, 1.349656, 0.826501, 88292.043471, 2710.431368 
43.486392, 5.954166, 3.142219, 0.059129, 0.138074, 0.587160, 0.587160, 2000000000000000.000000, 1000000000000000.000000 
44.255186, 6.142520, 3.228708, 0.061032, 0.140957, 0.606380, 0.606380, 2000000000000000.000000, 1000000000000000.000000 
71.993399, 21.659162, 8.237750, 0.071813, 0.068101, 1.495750, 1.229775, 125443.026355, 2463.331608 
75.489353, 21.141471, 7.733881, 0.071456, 0.060446, 1.654657, 1.430827, 126117.569498, 2533.211033 
57.990002, 9.507551, 4.773875, 0.095025, 0.192463, 0.949750, 0.949750, 357664.302369, 4814.400059 
98.994828, 11.104556, 7.950218, 0.152288, 0.061602, 0.523768, 0.639088, 91756.207880, 3220.311803 
108.008306, 13.501613, 7.299740, 0.143021, 0.059449, 1.028307, 0.480917, 87894.496747, 3131.224306 
