88.107476, 15.855826, 8.010507, 0.139225, 0.065152, 0.715300, 0.849295, 100697.153125, 2760.433080 
98.094276, 14.100469, 7.196078, 0.140120, 0.053364, 0.743704, 0.625789, 96631.884297, 3037.065277 
67.800660, 22.508806, 7.209058, 0.087859, 0.056273, 1.482246, 0.972703, 121511.078117, 2564.670418 
73.060007, 20.561194, 7.620425, 0.060411, 0.059064, 1.565101, 1.008314, 129102.866184, 2569.488789 
94.075411, 14.605338, 6.978172, 0.130387, 0.060068, 1.189692, 0.618419, 102771.304230, 3018.631959 
92.899894, 17.391876, 7.427146, 0.157633, 0.060073, 1.293783, 0.841827, 95059.746541, 2765.910001 
59.051643, 9.767653, 4.893310, 0.097653, 0.196444, 0.976291, 0.976291, 343538.574884, 4645.613748 
89.148818, 16.660351, 7.323511, 0.148294, 0.063482, 1.330137, 0.912522, 101411.123365, 2807.399625 
54.594445, 8.675639, 4.391875, 0.086621, 0.179729, 0.864861, 0.864861, 412037.803027, 5464.009768 
76.870220, 19.996001, 8.211024, 0.077230, 0.069497, 1.479473, 1.045534, 118908.704556, 2521.632769 
70.028381, 20.095436, 8.645482, 0.009552, 0.057379, 1.523260, 0.873821, 271305.416764, 2490.637108 
64.751360, 19.088694, 8.897081, 0.035288, 0.057098, 1.389310, 0.905741, 152137.726944, 2557.082642 
87.699798, 14.124965, 8.000135, 0.157537, 0.069645, 1.382528, 0.847109, 96225.104894, 2891.804986 
44.212125, 6.131971, 3.223864, 0.060925, 0.140795, 0.605303, 0.605303, 2000000000000000.000000, 1000000000000000.000000 
88.317943, 15.892592, 7.307752, 0.159235, 0.065121, 1.249293, 0.922832, 102125.702199, 2855.044283 
21.103045, 0.470246, 0.624093, 0.003730, 0.054136, 0.027576, 0.027576, 2000000000000000.000000, 1000000000000000.000000 
91.102496, 16.563174, 7.648678, 0.170013, 0.067737, 1.272702, 0.933122, 95639.283093, 2771.639740 
61.812007, 21.266305, 8.620572, 0.052352, 0.056087, 1.303855, 1.496592, 145444.054290, 2488.199742 
93.543223, 14.167391, 8.048438, 0.158146, 0.080954, 1.271312, 0.722079, 94151.068944, 2887.104081 
88.858605, 13.610345, 7.531157, 0.122700, 0.057481, 1.190889, 0.955306, 104711.305500, 3001.904922 
31.754092, 3.079753, 1.822335, 0.030091, 0.094078, 0.293852, 0.293852, 2000000000000000.000000, 1000000000000000.000000 
74.487226, 20.992687, 7.949179, 0.063936, 0.053380, 1.575237, 1.138921, 120034.067632, 2513.769746 
74.300680, 20.544275, 7.813353, 0.086135, 0.068793, 1.583689, 1.093239, 119687.175373, 2545.659668 
71.989035, 17.749878, 8.685396, 0.065348, 0.059230, 1.624552, 1.188691, 122898.520891, 2601.794443 
59.692800, 9.924736, 4.965440, 0.099240, 0.198848, 0.992320, 0.992320, 335550.536517, 4550.195724 
70.412752, 20.796341, 7.976995, 0.063003, 0.073948, 1.552647, 1.225066, 139832.028454, 2524.080976 
72.902825, 17.279994, 8.838769, 0.066458, 0.057319, 1.604099, 1.208496, 120098.961646, 2614.559828 
54.988479, 8.772177, 4.436204, 0.087596, 0.181207, 0.874712, 0.874712, 404885.052291, 5378.601445 
72.150962, 20.143224, 7.750241, 0.057592, 0.060750, 1.500155, 1.089171, 134460.592012, 2571.968955 
66.629696, 22.550284, 7.485428, 0.044449, 0.059474, 1.496336, 1.013467, 148782.360433, 2529.351798 
76.505694, 19.459458, 7.677920, 0.075961, 0.060730, 1.453105, 1.015197, 120814.761873, 2604.242631 
74.639639, 16.200520, 8.856687, 0.139594, 0.053017, 1.236228, 0.857505, 95466.985295, 2679.935292 
39.554588, 4.990874, 2.699891, 0.049398, 0.123330, 0.488865, 0.488865, 2000000000000000.000000, 1000000000000000.000000 
68.998193, 20.020394, 8.273586, 0.030286, 0.071887, 1.383563, 1.142040, 189864.809124, 2531.320834 
20.175198, 0.242924, 0.519710, 0.001434, 0.050657, 0.004380, 0.004380, 2000000000000000.000000, 1000000000000000.000000 
76.336149, 20.676703, 7.600460, 0.069301, 0.051351, 1.449860, 1.201149, 120919.002114, 2565.944775 
87.605988, 16.264454, 6.822566, 0.162707, 0.060937, 1.099155, 1.007932, 108523.207500, 2910.317937 
86.520910, 15.715957, 7.999988, 0.143407, 0.058072, 0.693501, 0.876981, 98910.239045, 2769.412947 
77.559881, 20.472148, 7.527514, 0.065926, 0.068712, 1.502754, 1.159494, 134004.723234, 2583.137542 
39.577272, 4.996432, 2.702443, 0.049454, 0.123415, 0.489432, 0.489432, 2000000000000000.000000, 1000000000000000.000000 
103.594266, 13.116292, 7.590684, 0.144666, 0.062712, 0.801736, 0.638245, 91474.068815, 3082.305966 
69.742450, 21.213664, 7.324061, 0.088681, 0.070348, 1.432491, 0.960731, 126913.950082, 2588.826004 
69.589167, 18.759399, 9.116895, 0.057791, 0.059492, 1.458589, 1.153976, 126509.713676, 2523.596087 
87.897937, 12.523497, 7.873900, 0.131584, 0.064265, 1.139013, 0.940316, 104187.558350, 3068.507769 
75.878773, 20.036532, 7.817579, 0.049655, 0.057833, 1.349239, 1.126785, 138895.138842, 2563.774684 
66.878124, 21.656572, 7.272798, 0.071639, 0.050290, 1.519511, 1.093031, 126451.791711, 2586.921956 
101.241309, 12.547616, 7.840572, 0.146462, 0.066458, 0.711437, 0.711229, 93177.309440, 3083.089309 
56.673657, 9.185046, 4.625786, 0.091767, 0.187526, 0.916841, 0.916841, 376923.039432, 5044.551331 
103.178039, 13.881239, 7.862645, 0.132416, 0.064465, 0.838528, 0.794788, 93473.064712, 2974.487411 
44.890928, 6.298277, 3.300229, 0.062605, 0.143341, 0.622273, 0.622273, 2000000000000000.000000, 1000000000000000.000000 
66.021193, 19.526374, 8.734130, 0.042608, 0.063953, 1.473374, 0.889276, 144555.432897, 2533.223868 
38.278279, 4.678178, 2.556306, 0.046239, 0.118544, 0.456957, 0.456957, 2000000000000000.000000, 1000000000000000.000000 
23.696603, 1.105668, 0.915868, 0.010149, 0.063862, 0.092415, 0.092415, 2000000000000000.000000, 1000000000000000.000000 
95.752058, 12.035988, 8.020800, 0.128484, 0.063109, 0.688571, 0.672097, 97045.971501, 3096.258181 
97.156802, 13.019900, 8.035151, 0.134461, 0.076521, 0.684035, 0.634383, 99020.096746, 2996.314019 
89.908751, 14.101515, 7.454986, 0.130440, 0.054614, 0.977964, 0.987880, 103565.082196, 2969.814219 
99.926885, 13.889227, 7.770869, 0.137210, 0.078127, 0.787604, 0.703446, 99879.267071, 2970.101015 
65.852804, 22.279786, 7.782011, 0.060697, 0.066985, 1.435639, 0.957486, 136112.347571, 2505.302567 
34.414038, 3.731439, 2.121579, 0.036675, 0.104053, 0.360351, 0.360351, 2000000000000000.000000, 1000000000000000.000000 
89.160372, 16.722667, 7.169773, 0.156598, 0.075619, 1.378961, 0.971443, 106338.005093, 2827.886876 
85.220171, 12.961369, 7.669961, 0.130824, 0.051649, 1.122514, 0.891891, 102426.754193, 3053.943238 
67.395346, 18.357508, 9.223007, 0.057844, 0.062233, 1.550421, 0.945082, 125524.297907, 2557.528833 
48.389536, 7.155436, 3.693823, 0.071264, 0.156461, 0.709738, 0.709738, 570414.129760, 7347.260257 
39.216059, 4.907934, 2.661807, 0.048560, 0.122060, 0.480401, 0.480401, 2000000000000000.000000, 1000000000000000.000000 
76.514262, 19.460315, 7.921458, 0.055188, 0.063841, 1.260212, 0.983935, 135435.243222, 2575.245057 
72.445305, 19.349632, 8.150034, 0.055226, 0.055977, 1.311182, 1.058776, 130813.108466, 2562.495334 
66.517643, 20.056335, 8.924635, 0.033512, 0.069622, 1.389237, 0.858476, 162281.202963, 2488.540135 
73.141571, 20.125485, 7.921586, 0.055877, 0.058363, 1.350646, 1.090695, 133207.033528, 2551.250311 
70.568090, 19.570862, 8.433833, 0.026347, 0.053946, 1.527219, 0.820559, 159064.061189, 2530.988967 
76.942182, 20.297092, 7.588613, 0.076318, 0.064499, 1.471135, 1.062170, 123394.605317, 2581.545899 
68.696048, 19.432405, 8.835946, 0.056915, 0.072025, 1.504969, 0.908679, 132101.810425, 2513.124165 
70.492103, 20.103103, 7.751605, 0.037070, 0.052413, 1.434777, 1.063298, 151578.087469, 2577.485217 
27.492109, 2.035567, 1.342862, 0.019543, 0.078095, 0.187303, 0.187303, 2000000000000000.000000, 1000000000000000.000000 
35.616966, 4.026157, 2.256909, 0.039652, 0.108564, 0.390424, 0.390424, 2000000000000000.000000, 1000000000000000.000000 
96.841718, 15.177994, 7.974690, 0.149284, 0.067622, 1.288936, 0.743871, 89945.899096, 2834.115505 
88.467110, 17.023440, 7.681471, 0.151424, 0.053338, 1.222372, 0.868862, 94037.254463, 2733.930459 
89.817096, 14.567135, 7.533610, 0.126231, 0.053729, 1.233834, 0.964919, 100715.629874, 2919.544634 
99.865346, 13.710403, 7.799388, 0.139172, 0.067248, 0.693612, 0.555256, 93603.135849, 2979.946635 
99.668388, 11.986881, 7.862977, 0.129207, 0.050164, 0.668104, 0.690069, 90325.558572, 3131.591543 
75.855560, 22.074823, 7.795475, 0.060340, 0.071608, 1.560465, 1.066535, 133565.131754, 2496.630257 
100.529252, 12.168559, 7.815838, 0.145560, 0.063578, 0.741923, 0.636794, 91701.046328, 3122.269370 
63.202294, 21.191064, 7.323771, 0.065519, 0.059323, 1.628350, 1.065245, 137308.891272, 2613.830658 
54.023261, 8.535699, 4.327617, 0.085208, 0.177587, 0.850582, 0.850582, 422868.537021, 5593.292374 
97.751538, 12.531936, 7.764748, 0.149304, 0.054972, 0.616290, 0.655384, 91285.605152, 3084.435484 
57.074894, 9.283349, 4.670926, 0.092760, 0.189031, 0.926872, 0.926872, 370832.322532, 4971.765749 
103.110173, 12.192881, 8.014657, 0.136443, 0.069563, 0.915441, 0.751570, 92259.119734, 3099.327304 
66.175595, 18.249934, 9.133107, 0.052160, 0.057987, 1.446125, 1.135362, 134989.578475, 2581.820817 
70.459332, 17.263018, 8.492776, 0.060228, 0.066326, 1.720679, 1.278488, 136958.774039, 2659.820845 
73.993923, 15.328829, 8.395379, 0.136392, 0.056806, 1.179526, 0.711868, 101795.075937, 2796.411698 
94.796334, 13.963944, 8.011579, 0.150805, 0.089820, 1.235593, 0.739167, 98253.304112, 2911.319189 
96.992067, 14.310714, 7.267275, 0.130553, 0.065408, 1.271849, 0.634857, 98979.009445, 3003.135696 
52.681703, 8.207017, 4.176692, 0.081887, 0.172556, 0.817043, 0.817043, 450692.705900, 5925.139338 
99.939414, 12.376243, 7.467583, 0.139376, 0.068511, 0.693948, 0.838966, 102748.520580, 3155.299605 
24.113384, 1.207779, 0.962756, 0.011181, 0.065425, 0.102835, 0.102835, 2000000000000000.000000, 1000000000000000.000000 
53.404859, 8.384191, 4.258047, 0.083677, 0.175268, 0.835121, 0.835121, 435255.973101, 5741.085200 
71.101444, 20.279140, 7.932239, 0.057269, 0.059860, 1.450897, 1.292570, 137472.530476, 2547.998855 
97.912935, 12.853924, 7.655586, 0.143420, 0.061595, 0.712297, 0.537150, 93410.921952, 3070.004658 
58.910893, 9.733169, 4.877475, 0.097304, 0.195916, 0.972772, 0.972772, 345345.048434, 4667.195909 
94.508938, 18.150869, 7.812358, 0.127216, 0.063761, 0.536258, 0.680719, 99191.666371, 2684.283687 
73.155243, 22.223359, 7.291529, 0.063017, 0.068755, 1.547269, 1.181975, 140056.423677, 2556.088667 
69.871066, 21.931563, 7.177087, 0.084410, 0.056340, 1.537425, 0.928550, 121168.086139, 2584.099730 
34.326921, 3.710096, 2.111779, 0.036459, 0.103726, 0.358173, 0.358173, 2000000000000000.000000, 1000000000000000.000000 
70.076537, 20.303901, 8.366462, 0.034659, 0.065734, 1.349576, 1.088135, 166647.885120, 2506.091432 
41.653715, 5.505160, 2.936043, 0.054593, 0.131201, 0.541343, 0.541343, 2000000000000000.000000, 1000000000000000.000000 
103.566727, 12.081576, 7.808495, 0.140490, 0.066073, 0.897886, 0.777211, 92456.896016, 3144.717217 
60.714760, 20.979220, 7.719687, 0.045273, 0.055239, 1.232948, 1.655017, 170117.879677, 2592.844570 
75.557057, 19.384233, 7.810771, 0.085932, 0.053333, 1.531612, 1.039426, 111760.093775, 2592.228247 
77.548098, 20.177788, 7.873523, 0.048573, 0.057282, 1.450685, 1.334310, 141098.144205, 2551.463911 
48.635632, 7.215730, 3.721509, 0.071873, 0.157384, 0.715891, 0.715891, 561891.115337, 7246.349423 
90.563750, 13.253029, 7.668834, 0.130611, 0.052662, 1.093533, 1.022146, 99901.454271, 3016.407608 
71.394481, 20.019462, 7.574878, 0.064060, 0.065099, 1.628937, 1.175121, 135865.719949, 2600.095804 
72.798605, 21.928683, 7.283287, 0.077254, 0.057791, 1.453394, 0.941821, 122175.799844, 2566.406347 
94.640615, 13.385246, 7.369530, 0.128198, 0.053325, 0.969215, 0.862178, 100166.150759, 3056.056960 
66.669916, 18.024150, 9.036234, 0.059684, 0.067943, 1.455454, 1.097183, 135900.778958, 2598.464162 
49.234082, 7.362350, 3.788834, 0.073354, 0.159628, 0.730852, 0.730852, 542169.168052, 7012.648714 
68.006537, 21.683435, 7.669936, 0.056802, 0.050328, 1.672498, 1.175558, 128943.290218, 2532.137149 
65.116689, 20.698962, 7.422583, 0.053669, 0.065743, 1.510811, 1.094672, 151033.355269, 2612.231391 
70.387149, 18.017468, 8.389409, 0.065894, 0.058317, 1.569863, 1.184546, 126184.722460, 2619.832761 
67.557775, 20.668288, 8.055655, 0.051557, 0.050345, 1.143534, 1.641984, 146770.378797, 2530.407179 
76.273963, 20.640788, 8.154107, 0.063934, 0.058155, 1.463440, 1.303833, 124480.545519, 2503.500421 
53.608583, 8.434103, 4.280966, 0.084181, 0.176032, 0.840215, 0.840215, 431095.782400, 5691.459386 
68.723950, 21.631173, 7.712692, 0.073847, 0.058210, 1.646517, 1.187757, 124073.686424, 2527.054551 
104.948808, 13.405731, 7.735184, 0.148211, 0.065538, 0.787305, 0.707000, 90625.435687, 3042.739426 
96.740652, 12.865407, 7.669625, 0.139599, 0.075488, 0.723043, 0.560514, 100163.032353, 3063.257603 
32.499162, 3.262295, 1.906156, 0.031935, 0.096872, 0.312479, 0.312479, 2000000000000000.000000, 1000000000000000.000000 
71.346420, 20.536088, 7.505049, 0.070790, 0.067893, 1.649991, 1.191949, 133579.200201, 2587.687526 
60.333002, 21.128218, 8.259543, 0.050343, 0.055761, 1.297505, 1.491201, 152894.165158, 2536.669571 
57.354600, 9.351877, 4.702392, 0.093453, 0.190080, 0.933865, 0.933865, 366703.602312, 4922.424830 
