98.962211, 11.859585, 8.640650, 0.161170, 0.068726, 0.748760, 0.826334, 86814.931436, 3036.385872 
97.827854, 14.244870, 7.549483, 0.168271, 0.064564, 1.393473, 0.762161, 90422.590893, 2966.277681 
53.520466, 8.412514, 4.271052, 0.083963, 0.175702, 0.838012, 0.838012, 432885.428062, 5712.808653 
77.402389, 20.118598, 8.775888, 0.080292, 0.069646, 1.492372, 1.358058, 116868.558068, 2463.752543 
70.473704, 21.780977, 8.302439, 0.025442, 0.066102, 1.455714, 0.842932, 176673.691303, 2455.527030 
90.578419, 16.221730, 8.541370, 0.156011, 0.055425, 1.353834, 0.958408, 85080.675150, 2682.005106 
44.272168, 6.146681, 3.230619, 0.061074, 0.141021, 0.606804, 0.606804, 2000000000000000.000000, 1000000000000000.000000 
67.847094, 16.101724, 9.614031, 0.141563, 0.051060, 1.147145, 1.022292, 99316.193821, 2712.247219 
74.324023, 15.247425, 8.938440, 0.139614, 0.054282, 1.182612, 0.952877, 98242.698060, 2756.835515 
74.461541, 22.404288, 7.900244, 0.057544, 0.058350, 1.347271, 1.369257, 134362.591548, 2474.749392 
85.149264, 17.816100, 8.897133, 0.137311, 0.061684, 1.387117, 0.950578, 88819.588275, 2554.279327 
76.750503, 20.233005, 8.434422, 0.076644, 0.060532, 1.525295, 1.469435, 117962.636160, 2490.426368 
85.583477, 18.850686, 7.523690, 0.139758, 0.052203, 1.337620, 0.720934, 95862.541667, 2659.744697 
68.686336, 17.644003, 10.125674, 0.089911, 0.050881, 1.499608, 1.060356, 100240.605684, 2547.762113 
99.181820, 13.642933, 8.305755, 0.144450, 0.056952, 0.733466, 0.812644, 87183.170825, 2912.728484 
99.668010, 10.957036, 8.406940, 0.160403, 0.058666, 0.747527, 0.798801, 84644.930625, 3172.872864 
83.278099, 18.681048, 7.964845, 0.147078, 0.058745, 1.165149, 0.779964, 95130.861371, 2606.769032 
75.301428, 19.166206, 9.992739, 0.075076, 0.058199, 1.642303, 0.993229, 99142.756616, 2422.564021 
74.748217, 23.270913, 7.694356, 0.082276, 0.076182, 1.445317, 1.465000, 132005.751995, 2475.784718 
70.896563, 16.290065, 9.613993, 0.135470, 0.061056, 1.031703, 1.067330, 100999.826002, 2655.226041 
96.258445, 12.067288, 8.483579, 0.136012, 0.051483, 0.621080, 0.623155, 85653.674480, 3031.619953 
72.522700, 20.896219, 7.925051, 0.062602, 0.058317, 1.507923, 1.197281, 127774.693348, 2521.871850 
44.697763, 6.250952, 3.278498, 0.062127, 0.142617, 0.617444, 0.617444, 2000000000000000.000000, 1000000000000000.000000 
77.849400, 15.795378, 9.135679, 0.137443, 0.052867, 1.217573, 0.937909, 91919.464415, 2671.015519 
75.226214, 17.946175, 9.820756, 0.067821, 0.055178, 1.518636, 1.067992, 105687.973877, 2495.067604 
49.390333, 7.400632, 3.806412, 0.073741, 0.160214, 0.734758, 0.734758, 537241.204663, 6954.210565 
59.964546, 9.991314, 4.996011, 0.099912, 0.199867, 0.999114, 0.999114, 332279.682207, 4511.134581 
67.094823, 19.418930, 7.820283, 0.090726, 0.052293, 1.722596, 1.199416, 117123.567201, 2615.913214 
76.896597, 15.371104, 8.982347, 0.132036, 0.057965, 1.256857, 0.891924, 96517.644970, 2722.848655 
96.633415, 13.043225, 9.102970, 0.144973, 0.061478, 0.659780, 0.877872, 85317.901066, 2865.559544 
48.908992, 7.282703, 3.752262, 0.072550, 0.158409, 0.722725, 0.722725, 552711.176889, 7137.603573 
30.590288, 2.794620, 1.691407, 0.027211, 0.089714, 0.264757, 0.264757, 2000000000000000.000000, 1000000000000000.000000 
67.086037, 19.622669, 8.385846, 0.086270, 0.053709, 1.698201, 1.232248, 114124.848787, 2549.738931 
96.312542, 13.007623, 7.821036, 0.146831, 0.050386, 0.682531, 0.653696, 89575.963919, 3025.806686 
49.877503, 7.519988, 3.861219, 0.074947, 0.162041, 0.746938, 0.746938, 522425.272720, 6778.413072 
87.192896, 17.895740, 8.687344, 0.141076, 0.057870, 1.394008, 0.915125, 87165.357174, 2572.774340 
91.448840, 16.933751, 8.026950, 0.144684, 0.054063, 1.602553, 1.037204, 89451.486150, 2703.128524 
98.858966, 12.288415, 8.425197, 0.146881, 0.055851, 0.525428, 0.591137, 84719.084715, 3018.869372 
80.908808, 23.325182, 7.487481, 0.089070, 0.057188, 1.473080, 0.764363, 107405.264759, 2509.966895 
74.698229, 18.466816, 9.914562, 0.072939, 0.050082, 1.466949, 1.012487, 98983.649092, 2463.503257 
95.750638, 16.939597, 7.679118, 0.146447, 0.062021, 1.442053, 0.855604, 92218.047352, 2765.956500 
71.114598, 20.881980, 8.351475, 0.026042, 0.063215, 1.493537, 0.964762, 176431.140159, 2481.375136 
41.906706, 5.567143, 2.964504, 0.055219, 0.132150, 0.547668, 0.547668, 2000000000000000.000000, 1000000000000000.000000 
74.524515, 22.384695, 7.909901, 0.062679, 0.067917, 1.316145, 1.327340, 137187.228428, 2474.231733 
23.502633, 1.058145, 0.894046, 0.009669, 0.063135, 0.087566, 0.087566, 2000000000000000.000000, 1000000000000000.000000 
74.379612, 15.859627, 10.016635, 0.075807, 0.063829, 1.565773, 0.993546, 108603.336978, 2636.093193 
69.835322, 15.308866, 9.326088, 0.133275, 0.053114, 1.108511, 1.065879, 102940.731342, 2777.731110 
93.190512, 16.356983, 8.009032, 0.149683, 0.059478, 1.433218, 0.967447, 90173.728818, 2743.003197 
76.401890, 16.135459, 8.562295, 0.142872, 0.050846, 1.213590, 0.937522, 95905.206611, 2699.817300 
75.904247, 19.055408, 10.554172, 0.084531, 0.058699, 1.520008, 0.968639, 92776.045139, 2397.688006 
100.910612, 11.284804, 9.007695, 0.142961, 0.057978, 0.704269, 0.654789, 79474.011553, 3057.019540 
73.374702, 22.850233, 7.594234, 0.068570, 0.050492, 1.470892, 0.865404, 115551.672306, 2498.421636 
69.537737, 19.775140, 8.007876, 0.086403, 0.055337, 1.663944, 1.290166, 117044.696690, 2566.980304 
91.063145, 18.867735, 7.664310, 0.135998, 0.061218, 1.303507, 0.848559, 96177.144256, 2658.168254 
69.098891, 18.415489, 8.654830, 0.092658, 0.050397, 1.643831, 1.149051, 107502.662800, 2581.075809 
74.102824, 22.555943, 7.949801, 0.050594, 0.056573, 1.432815, 0.865906, 126671.636225, 2464.984222 
26.857297, 1.880038, 1.271446, 0.017972, 0.075715, 0.171432, 0.171432, 2000000000000000.000000, 1000000000000000.000000 
102.958188, 11.747464, 7.927398, 0.137010, 0.053764, 0.562754, 0.687342, 88626.504891, 3158.347355 
91.474265, 15.924965, 8.485007, 0.137486, 0.053935, 1.388846, 0.952356, 86705.388815, 2707.755922 
50.586883, 7.693786, 3.941024, 0.076703, 0.164701, 0.764672, 0.764672, 502233.299488, 6538.578480 
39.748425, 5.038364, 2.721698, 0.049877, 0.124057, 0.493711, 0.493711, 2000000000000000.000000, 1000000000000000.000000 
75.988873, 23.008294, 7.627443, 0.075256, 0.060541, 1.319091, 1.396320, 126468.668648, 2491.476211 
47.981416, 7.055447, 3.647909, 0.070254, 0.154930, 0.699535, 0.699535, 585118.666326, 7521.239382 
69.320196, 16.059172, 9.190042, 0.139763, 0.056332, 1.007157, 1.128543, 104403.547980, 2717.667440 
77.600410, 18.427011, 10.808815, 0.074398, 0.050968, 1.631226, 0.978549, 89687.430041, 2410.987807 
86.586730, 19.532228, 8.484418, 0.145272, 0.059064, 1.216540, 0.795824, 88244.001486, 2523.186154 
23.294011, 1.007033, 0.870576, 0.009153, 0.062353, 0.082350, 0.082350, 2000000000000000.000000, 1000000000000000.000000 
91.354884, 16.495575, 7.893633, 0.142687, 0.055700, 1.467045, 0.902006, 91253.694719, 2743.601705 
64.594294, 20.481095, 8.409130, 0.085323, 0.053227, 1.605424, 1.158356, 114882.947641, 2521.331215 
80.007153, 23.084906, 8.032523, 0.077574, 0.070965, 1.522729, 1.416450, 123226.478826, 2448.920318 
93.014963, 12.097870, 8.134653, 0.154219, 0.060116, 0.503887, 0.827181, 95724.747140, 3074.001711 
92.526370, 12.291370, 8.772968, 0.157893, 0.061694, 0.776205, 0.761922, 87074.347487, 2976.135672 
89.184323, 18.262059, 7.921639, 0.144140, 0.056131, 1.249821, 0.845437, 92105.550559, 2644.148473 
98.122183, 11.407829, 7.937575, 0.149510, 0.054713, 0.603338, 0.624625, 89165.881605, 3183.691583 
100.032493, 15.700309, 7.691620, 0.155984, 0.068351, 1.405221, 0.773730, 90079.671886, 2856.728029 
71.362023, 21.229247, 8.380797, 0.030869, 0.058678, 1.461393, 1.166944, 164346.597959, 2465.337398 
74.878724, 21.647728, 8.228437, 0.057277, 0.072559, 1.500532, 1.192680, 136802.653798, 2462.415768 
25.775458, 1.614987, 1.149739, 0.015294, 0.071658, 0.144386, 0.144386, 2000000000000000.000000, 1000000000000000.000000 
100.366667, 14.222404, 7.819662, 0.139328, 0.054892, 0.958440, 0.676964, 88063.817125, 2939.420128 
97.556332, 13.357267, 8.101892, 0.160062, 0.062717, 0.807999, 0.715041, 88378.825996, 2957.996938 
87.404011, 16.163051, 7.885681, 0.145682, 0.053411, 1.551619, 0.890592, 92313.393884, 2755.390827 
72.736816, 17.522868, 9.364102, 0.078251, 0.054874, 1.503760, 0.962936, 105538.454179, 2562.139058 
77.622803, 19.915186, 8.140442, 0.060464, 0.060081, 1.558375, 1.134249, 124135.186195, 2532.007412 
59.937646, 9.984723, 4.992985, 0.099846, 0.199766, 0.998441, 0.998441, 332600.515187, 4514.965739 
74.711813, 22.109195, 7.412430, 0.080453, 0.061610, 1.468803, 0.823715, 118014.306113, 2543.105251 
48.707905, 7.233437, 3.729639, 0.072052, 0.157655, 0.717698, 0.717698, 559435.215843, 7217.262393 
70.223647, 21.759504, 8.342669, 0.029315, 0.061949, 1.536464, 0.862070, 159795.737889, 2452.935218 
97.618668, 11.280665, 8.927800, 0.149871, 0.063498, 0.851206, 0.789103, 84121.929412, 3067.571067 
48.234169, 7.117371, 3.676344, 0.070880, 0.155878, 0.705854, 0.705854, 575926.123882, 7412.494292 
91.336263, 17.541559, 8.344830, 0.136477, 0.051480, 1.529221, 0.864028, 85439.198561, 2635.453124 
73.836398, 16.972520, 9.862719, 0.085758, 0.057909, 1.396222, 1.037398, 102767.561923, 2562.326345 
70.763709, 16.530665, 9.667791, 0.067231, 0.059225, 1.430161, 1.102519, 118708.341650, 2633.525854 
98.057255, 11.199651, 8.642280, 0.150582, 0.058431, 0.730791, 0.715105, 84139.966226, 3111.739486 
46.330639, 6.651007, 3.462197, 0.066168, 0.148740, 0.658266, 0.658266, 652964.699905, 8322.049086 
74.269717, 20.567833, 8.148938, 0.051785, 0.055532, 1.639957, 1.180228, 128928.217649, 2507.937189 
69.315651, 21.489666, 8.656143, 0.069800, 0.058112, 1.591403, 1.259918, 117992.096988, 2436.731806 
105.369489, 12.976179, 7.380495, 0.140419, 0.067763, 1.026931, 0.459660, 91232.924926, 3141.935378 
72.473773, 16.708365, 9.786195, 0.065296, 0.057580, 1.393128, 0.983473, 113669.385649, 2596.633263 
40.332854, 5.181549, 2.787446, 0.051324, 0.126248, 0.508321, 0.508321, 2000000000000000.000000, 1000000000000000.000000 
97.316228, 11.244781, 7.926873, 0.159518, 0.050518, 0.788671, 0.762420, 87180.912462, 3205.014356 
102.636422, 14.251563, 7.131313, 0.133645, 0.069933, 0.835874, 0.728720, 103397.705574, 3062.901282 
29.684831, 2.572784, 1.589544, 0.024970, 0.086318, 0.242121, 0.242121, 2000000000000000.000000, 1000000000000000.000000 
27.864206, 2.126731, 1.384723, 0.020464, 0.079491, 0.196605, 0.196605, 2000000000000000.000000, 1000000000000000.000000 
91.231718, 14.266359, 8.621836, 0.131634, 0.068861, 0.930375, 0.909118, 95900.871095, 2808.161087 
98.462957, 11.378794, 9.060588, 0.159946, 0.063209, 0.731440, 0.621756, 79570.916755, 3039.989551 
99.278370, 12.321436, 8.342062, 0.145009, 0.063668, 0.590478, 0.619467, 88396.580893, 3027.346350 
98.692363, 13.081246, 8.072201, 0.134616, 0.058385, 0.552531, 0.542246, 90057.701498, 2990.064089 
32.687896, 3.308534, 1.927388, 0.032403, 0.097580, 0.317197, 0.317197, 2000000000000000.000000, 1000000000000000.000000 
42.844030, 5.796787, 3.069953, 0.057539, 0.135665, 0.571101, 0.571101, 2000000000000000.000000, 1000000000000000.000000 
92.351436, 17.600269, 7.806442, 0.146769, 0.056837, 1.428799, 0.953736, 91763.931355, 2700.663278 
100.826188, 10.989223, 7.749624, 0.150934, 0.059071, 0.766674, 0.727387, 90863.378405, 3269.773557 
33.019374, 3.389747, 1.964680, 0.033223, 0.098823, 0.325484, 0.325484, 2000000000000000.000000, 1000000000000000.000000 
68.927162, 20.636259, 8.173852, 0.077469, 0.059300, 1.646282, 1.156295, 118830.879741, 2514.625123 
84.960516, 18.797043, 8.685582, 0.142010, 0.063485, 1.335683, 0.948763, 90319.685886, 2529.146517 
96.040034, 11.931422, 8.283677, 0.138203, 0.058104, 0.654862, 0.541151, 88702.402310, 3072.250612 
99.146576, 10.871223, 8.602283, 0.166778, 0.057159, 0.821743, 0.875190, 82183.278812, 3157.548911 
67.958880, 21.639307, 8.230506, 0.023084, 0.062432, 1.455542, 1.200839, 200881.348280, 2473.807267 
78.235287, 17.102603, 8.199315, 0.142974, 0.061899, 1.225999, 0.898955, 99854.224124, 2663.790368 
67.585149, 18.945432, 8.907195, 0.097145, 0.062772, 1.601019, 1.138509, 111013.328480, 2541.311347 
49.844642, 7.511937, 3.857522, 0.074865, 0.161917, 0.746116, 0.746116, 523399.352782, 6789.975765 
73.196640, 20.888192, 8.049208, 0.061864, 0.060518, 1.685684, 1.070523, 123789.054574, 2507.785941 
102.291938, 11.989669, 8.597564, 0.154331, 0.055465, 0.809212, 0.905698, 81302.189650, 3035.209178 
59.404596, 9.854126, 4.933017, 0.098526, 0.197767, 0.985115, 0.985115, 339093.200788, 4592.509573 
101.713507, 12.133063, 8.021577, 0.146025, 0.060457, 0.595381, 0.545695, 87456.780327, 3098.760743 
65.625152, 21.728123, 8.197010, 0.028985, 0.057868, 1.522700, 1.202421, 174324.106151, 2482.646186 
77.263853, 17.314560, 9.713960, 0.086686, 0.058316, 1.517135, 1.114938, 100006.321464, 2529.889561 
95.118915, 15.062153, 7.238281, 0.149028, 0.063935, 1.404760, 0.747112, 97425.432131, 2944.124155 
72.980613, 20.708051, 8.213313, 0.063943, 0.056221, 1.537991, 1.128333, 120753.468610, 2497.770488 
