73.657850, 19.179963, 8.354929, 0.041833, 0.064225, 1.461298, 0.914668, 143835.058333, 2546.971082 
71.125799, 20.872406, 8.198744, 0.040253, 0.069051, 1.321873, 1.022389, 157491.049916, 2496.527941 
46.762984, 6.756931, 3.510836, 0.067238, 0.150361, 0.669075, 0.669075, 633762.469642, 8095.713814 
68.062552, 20.357692, 7.607682, 0.067187, 0.058077, 1.512167, 1.107705, 130862.942177, 2591.466850 
74.590559, 15.991396, 8.636991, 0.135819, 0.053600, 1.162986, 0.740531, 97526.729185, 2714.631117 
86.074532, 16.487775, 7.550780, 0.164283, 0.064258, 1.187241, 0.961914, 100221.585372, 2777.885361 
68.797449, 17.794176, 8.697674, 0.067792, 0.063575, 1.493096, 1.159462, 128412.150961, 2619.212133 
74.229772, 20.243050, 7.571191, 0.052936, 0.050896, 1.511750, 1.016641, 129290.762550, 2586.843485 
48.332422, 7.141443, 3.687398, 0.071123, 0.156247, 0.708311, 0.708311, 572428.323377, 7371.100801 
48.609123, 7.209235, 3.718526, 0.071808, 0.157284, 0.715228, 0.715228, 562797.232187, 7257.080138 
94.812340, 13.321759, 7.206300, 0.135609, 0.068421, 0.710765, 0.633603, 106125.718043, 3089.853372 
23.526336, 1.063952, 0.896713, 0.009728, 0.063224, 0.088158, 0.088158, 2000000000000000.000000, 1000000000000000.000000 
69.754084, 18.026577, 8.562387, 0.062616, 0.062682, 1.667380, 1.214707, 130060.114076, 2608.160773 
102.738553, 11.718595, 7.191410, 0.135811, 0.058207, 0.846625, 0.699496, 97117.711985, 3288.471558 
20.886543, 0.417203, 0.599736, 0.003194, 0.053325, 0.022164, 0.022164, 2000000000000000.000000, 1000000000000000.000000 
67.589241, 22.509764, 7.538581, 0.059792, 0.066144, 1.420977, 1.089531, 140551.465895, 2521.555371 
65.766862, 20.942219, 8.067577, 0.035899, 0.064719, 1.493053, 1.118869, 167238.495301, 2525.810983 
91.326926, 15.853775, 7.775740, 0.144883, 0.053800, 1.210189, 0.975618, 93772.889211, 2797.541098 
62.761556, 20.184855, 8.736168, 0.021334, 0.062463, 1.369334, 1.376025, 225948.417358, 2524.516667 
83.865817, 15.718999, 7.191329, 0.162961, 0.067250, 1.035723, 0.979093, 108874.061262, 2879.466996 
72.842275, 20.136601, 7.469561, 0.054391, 0.069407, 1.278579, 1.020801, 148610.448029, 2605.904488 
78.358230, 19.916299, 7.540313, 0.072708, 0.069801, 1.531603, 1.190502, 130457.572541, 2602.963781 
66.807646, 17.772525, 8.666707, 0.028765, 0.065588, 1.303870, 0.853779, 180454.659023, 2640.405710 
72.757390, 15.365883, 8.289316, 0.125226, 0.069588, 1.057467, 0.650205, 110469.085165, 2812.762683 
67.426103, 17.784465, 8.968025, 0.070682, 0.050318, 1.470956, 1.166306, 117480.416302, 2612.340601 
90.785145, 16.797773, 7.113407, 0.151164, 0.057726, 1.349547, 0.872947, 100214.349065, 2838.148443 
69.131480, 20.333721, 7.181355, 0.066673, 0.062715, 1.607758, 1.136319, 138310.521301, 2644.982824 
90.585972, 14.035060, 7.576846, 0.131868, 0.054832, 1.018452, 0.930650, 100592.803713, 2958.167061 
94.106590, 13.831683, 7.826572, 0.126962, 0.059257, 0.659822, 0.620802, 97240.184577, 2945.967328 
69.964273, 20.678182, 8.101414, 0.020411, 0.060669, 1.542617, 0.911798, 195441.388217, 2516.892266 
72.657180, 20.792421, 7.159433, 0.069560, 0.061580, 1.481889, 1.065525, 132893.638113, 2623.293935 
98.572188, 11.522888, 7.451033, 0.132648, 0.064037, 0.923767, 0.805442, 101002.848034, 3249.135160 
96.674107, 11.987556, 7.903435, 0.132506, 0.056085, 0.728743, 0.636399, 92851.728673, 3119.468877 
67.725418, 17.554601, 9.348528, 0.066617, 0.054794, 1.530019, 1.202408, 120152.941730, 2602.539700 
76.950282, 15.698751, 8.106738, 0.119743, 0.063967, 1.089691, 0.646925, 106101.166295, 2775.459359 
42.600470, 5.737115, 3.042553, 0.056936, 0.134752, 0.565012, 0.565012, 2000000000000000.000000, 1000000000000000.000000 
92.395497, 9.641496, 7.605566, 0.134834, 0.057081, 0.847663, 0.725116, 101988.185182, 3518.183464 
74.064587, 17.687293, 8.622459, 0.066929, 0.058159, 1.635353, 1.165932, 119400.528233, 2600.883480 
90.483357, 12.668393, 8.297918, 0.142350, 0.073622, 0.787573, 0.658310, 98112.148083, 2993.260812 
44.570182, 6.219694, 3.264145, 0.061811, 0.142138, 0.614255, 0.614255, 2000000000000000.000000, 1000000000000000.000000 
64.708529, 21.037654, 8.105045, 0.046161, 0.055678, 1.170127, 1.624269, 160594.175898, 2523.623582 
69.523078, 20.255891, 8.173199, 0.038254, 0.059209, 1.391605, 1.102973, 154726.318981, 2528.616212 
62.088048, 21.479704, 8.438870, 0.046759, 0.054484, 1.284546, 1.507758, 151824.925624, 2491.251252 
69.506249, 18.843634, 7.994447, 0.080527, 0.056096, 1.560842, 1.149865, 120165.727856, 2615.263077 
90.730703, 15.111418, 8.004838, 0.117151, 0.077050, 0.766488, 0.546327, 103986.244570, 2815.918985 
69.425460, 17.710764, 9.317750, 0.067526, 0.059532, 1.387419, 1.112231, 120642.303008, 2577.004877 
67.010251, 20.086499, 8.736999, 0.041324, 0.052745, 1.354298, 1.414218, 148763.817131, 2498.129215 
93.151537, 14.701603, 8.096839, 0.139070, 0.060683, 1.260627, 0.714305, 90158.630599, 2839.048939 
66.895794, 19.903402, 8.308040, 0.025417, 0.061129, 1.650560, 0.805179, 172198.611533, 2543.866217 
64.431258, 21.874700, 7.535565, 0.039301, 0.056514, 1.555750, 0.860017, 149927.726632, 2554.072957 
70.681651, 19.805122, 8.204976, 0.032237, 0.050741, 1.534261, 0.754088, 142248.477698, 2541.403359 
35.193440, 3.922393, 2.209262, 0.038604, 0.106975, 0.379836, 0.379836, 2000000000000000.000000, 1000000000000000.000000 
73.667219, 21.289169, 7.676574, 0.064661, 0.062556, 1.591507, 1.142763, 129064.950209, 2535.686101 
69.806066, 20.924988, 7.576629, 0.059545, 0.062080, 1.368335, 1.072869, 137987.124461, 2566.783125 
100.815382, 11.754506, 7.384123, 0.137557, 0.056466, 0.950593, 0.871351, 96388.028777, 3240.426900 
74.004684, 20.682419, 7.733967, 0.081043, 0.065286, 1.505475, 1.037850, 120749.094673, 2550.107116 
49.384570, 7.399220, 3.805764, 0.073727, 0.160192, 0.734614, 0.734614, 537421.394470, 6956.347752 
92.568928, 17.420167, 7.450802, 0.127831, 0.077297, 0.846384, 0.430720, 102708.251009, 2759.588717 
87.995768, 16.681542, 7.470858, 0.151281, 0.065632, 1.287943, 0.910732, 100874.780434, 2781.331599 
78.005732, 19.883808, 7.793173, 0.076303, 0.063876, 1.491230, 1.094204, 120746.947626, 2572.426170 
66.861446, 22.196971, 7.715150, 0.035204, 0.050121, 1.381894, 1.085092, 153430.633549, 2512.453223 
88.102818, 16.117894, 7.298389, 0.160873, 0.061765, 1.299765, 0.908345, 100544.425060, 2841.484705 
75.089704, 15.333396, 8.025507, 0.117382, 0.059639, 1.026414, 0.634675, 108320.560107, 2824.436263 
92.611285, 14.850035, 7.478494, 0.131125, 0.061978, 1.159604, 0.979553, 102608.352876, 2912.331196 
68.993243, 20.521607, 7.635003, 0.081935, 0.071622, 1.441827, 1.104052, 130636.203574, 2578.017961 
36.470121, 4.235180, 2.352889, 0.041764, 0.111763, 0.411753, 0.411753, 2000000000000000.000000, 1000000000000000.000000 
73.321929, 20.333526, 7.734738, 0.074446, 0.054783, 1.374720, 1.122706, 120981.814161, 2564.138279 
96.552573, 8.314262, 7.774186, 0.136275, 0.064108, 0.990118, 0.602231, 97087.026942, 3740.706720 
89.700455, 16.075059, 7.414666, 0.152362, 0.053129, 1.277265, 0.969820, 97058.191755, 2830.413753 
88.097048, 13.692288, 7.429490, 0.145381, 0.058110, 1.147837, 0.887213, 102095.573910, 3009.375550 
62.460280, 16.665064, 8.366567, 0.060488, 0.051008, 1.683285, 0.892770, 131826.190865, 2810.684582 
70.719839, 17.636968, 8.778955, 0.069347, 0.064921, 1.681973, 1.230126, 125122.508993, 2609.325160 
88.278575, 15.896612, 7.748801, 0.143014, 0.067392, 0.708864, 0.951418, 104961.647323, 2791.497163 
64.203922, 21.733192, 7.256698, 0.043128, 0.071744, 1.547453, 0.846552, 162130.369804, 2596.164520 
74.220671, 19.732006, 7.662085, 0.088118, 0.053226, 1.427236, 1.059015, 114238.021232, 2596.556292 
73.678626, 21.152964, 8.156672, 0.028103, 0.067778, 1.391451, 1.079383, 183265.172091, 2486.648589 
23.287172, 1.005357, 0.869807, 0.009136, 0.062327, 0.082179, 0.082179, 2000000000000000.000000, 1000000000000000.000000 
53.081057, 8.304859, 4.221619, 0.082876, 0.174054, 0.827026, 0.827026, 442035.688976, 5821.937707 
73.504258, 19.956439, 7.657564, 0.080038, 0.055406, 1.493577, 1.054931, 118050.088606, 2588.586313 
70.649438, 19.680619, 8.011720, 0.052539, 0.066464, 1.382162, 1.060401, 143478.391770, 2566.971253 
89.145496, 13.899879, 7.589900, 0.127529, 0.054588, 1.123434, 0.930251, 101519.949098, 2966.838381 
75.089423, 20.485669, 7.790683, 0.069344, 0.050061, 1.583859, 1.038292, 115292.286482, 2549.975765 
69.027061, 19.009916, 8.890948, 0.054476, 0.066060, 1.508233, 0.893925, 129686.287197, 2529.332656 
38.637573, 4.766205, 2.596727, 0.047128, 0.119891, 0.465939, 0.465939, 2000000000000000.000000, 1000000000000000.000000 
45.438826, 6.432512, 3.361868, 0.063961, 0.145396, 0.635971, 0.635971, 2000000000000000.000000, 1000000000000000.000000 
95.765209, 11.942598, 7.844757, 0.133182, 0.053076, 0.881749, 0.736806, 92873.968804, 3132.324393 
69.929365, 21.278128, 7.337460, 0.069030, 0.063925, 1.429549, 1.032556, 133687.135344, 2584.280213 
61.486813, 20.991096, 7.781732, 0.034895, 0.057522, 1.528432, 1.205893, 171053.982391, 2579.637084 
70.468279, 17.546561, 8.592234, 0.065248, 0.059447, 1.539343, 1.157253, 126235.728070, 2631.991600 
93.596418, 14.543975, 7.831160, 0.151325, 0.069730, 1.214344, 0.763538, 94626.290795, 2887.001800 
77.296429, 19.306451, 8.136163, 0.053273, 0.056832, 1.255804, 1.059819, 130553.371497, 2557.767245 
67.524964, 19.858215, 8.156349, 0.056982, 0.061367, 1.315596, 1.042850, 136701.460415, 2556.996275 
66.708611, 19.302779, 8.844658, 0.036845, 0.066435, 1.406786, 0.792635, 152272.010862, 2532.142941 
64.887672, 18.738350, 8.771053, 0.040343, 0.061031, 1.317871, 0.880049, 150293.238950, 2586.315120 
33.352798, 3.471436, 2.002190, 0.034048, 0.100073, 0.333820, 0.333820, 2000000000000000.000000, 1000000000000000.000000 
50.551022, 7.685000, 3.936990, 0.076614, 0.164566, 0.763776, 0.763776, 503217.130659, 6550.270635 
92.072338, 17.403224, 7.398672, 0.144414, 0.051157, 1.230920, 0.892064, 95276.906542, 2766.096191 
38.064610, 4.625830, 2.532269, 0.045710, 0.117742, 0.451615, 0.451615, 2000000000000000.000000, 1000000000000000.000000 
72.666900, 19.185802, 7.556316, 0.071168, 0.062508, 1.349654, 1.212729, 133783.429456, 2637.305940 
90.568715, 15.871280, 7.243343, 0.143992, 0.052182, 0.625833, 0.850630, 102370.071504, 2872.284618 
21.455694, 0.556645, 0.663766, 0.004603, 0.055459, 0.036392, 0.036392, 2000000000000000.000000, 1000000000000000.000000 
66.144288, 21.206221, 7.884931, 0.063088, 0.061180, 1.515673, 1.063700, 131964.771005, 2532.252782 
88.146625, 16.320420, 7.265315, 0.158692, 0.055995, 1.074940, 0.958553, 100891.852745, 2834.036050 
69.619061, 19.595020, 8.195775, 0.031150, 0.062986, 1.629800, 0.866445, 161589.354203, 2556.095561 
69.271958, 20.540462, 7.451967, 0.065368, 0.059951, 1.541123, 1.092654, 133258.883037, 2599.229906 
71.548566, 16.661304, 8.970240, 0.064612, 0.068163, 1.378846, 1.099558, 131310.774864, 2658.439786 
71.381088, 20.166374, 7.737538, 0.052937, 0.070503, 1.265889, 1.006332, 148490.773404, 2574.155831 
23.069753, 0.952089, 0.845347, 0.008598, 0.061512, 0.076744, 0.076744, 2000000000000000.000000, 1000000000000000.000000 
71.086370, 20.974727, 8.492611, 0.015266, 0.059031, 1.607306, 0.956982, 216951.964354, 2464.967518 
63.287311, 21.424309, 7.772355, 0.042720, 0.069211, 1.540195, 0.886243, 156712.847178, 2549.955383 
31.783272, 3.086902, 1.825618, 0.030164, 0.094187, 0.294582, 0.294582, 2000000000000000.000000, 1000000000000000.000000 
74.814878, 19.775045, 7.808101, 0.058158, 0.059888, 1.298326, 1.053865, 132964.480282, 2576.466034 
65.696876, 19.665445, 8.654743, 0.029115, 0.062567, 1.550679, 0.950070, 169922.609589, 2534.280337 
75.152548, 20.455572, 7.506041, 0.083105, 0.052352, 1.447670, 1.129773, 116676.634385, 2586.406276 
70.150666, 22.017691, 7.243833, 0.084571, 0.059202, 1.479128, 0.928306, 121872.321962, 2571.423035 
56.066147, 9.036206, 4.557442, 0.090264, 0.185248, 0.901654, 0.901654, 386541.753676, 5159.485458 
82.186478, 15.890644, 7.294646, 0.164477, 0.053836, 1.158866, 0.858262, 102164.545163, 2851.740192 
67.485781, 16.775074, 8.292210, 0.058536, 0.051762, 1.662314, 0.866910, 126355.982165, 2739.578593 
97.609907, 11.546775, 7.549092, 0.138151, 0.059305, 0.932935, 0.781371, 96922.748326, 3227.736589 
62.704021, 19.835570, 8.931106, 0.019604, 0.054690, 1.476167, 1.333171, 214324.648405, 2530.820714 
92.121235, 14.630103, 7.482137, 0.145570, 0.065373, 1.120143, 0.919853, 101277.957608, 2926.989367 
92.084325, 13.030997, 8.019163, 0.133144, 0.064103, 1.179112, 0.707724, 95114.915624, 2990.180640 
74.537749, 15.673269, 8.658502, 0.129355, 0.066054, 1.131341, 0.657751, 102389.727412, 2739.341842 
65.792321, 19.698055, 8.753587, 0.031308, 0.058118, 1.385262, 1.324261, 174758.572659, 2524.284600 
77.814333, 20.019190, 7.721979, 0.074302, 0.050868, 1.515877, 1.071929, 114087.127055, 2575.696737 
74.402697, 20.381108, 7.220958, 0.060835, 0.055866, 1.617288, 1.175061, 133448.305148, 2628.731204 
94.877909, 9.022422, 7.821003, 0.132650, 0.059960, 0.993516, 0.588580, 96246.247719, 3589.762166 
75.296001, 20.643478, 8.057618, 0.053306, 0.061219, 1.490368, 1.287818, 136722.217817, 2513.970225 
