101.210409, 11.287189, 8.048752, 0.157710, 0.053936, 0.885222, 0.632250, 82616.193221, 3186.355272 
103.006459, 11.407580, 8.445214, 0.148414, 0.063459, 0.618450, 0.556572, 83400.829169, 3119.263851 
35.068296, 3.891733, 2.195183, 0.038294, 0.106506, 0.376707, 0.376707, 2000000000000000.000000, 1000000000000000.000000 
77.687542, 19.043009, 9.732489, 0.070707, 0.054224, 1.514133, 1.143150, 102084.009889, 2437.752370 
96.374601, 13.680180, 8.032334, 0.160790, 0.080514, 0.774798, 0.744864, 96358.008081, 2936.297803 
35.785482, 4.067443, 2.275867, 0.040069, 0.109196, 0.394637, 0.394637, 2000000000000000.000000, 1000000000000000.000000 
73.050996, 16.984232, 10.011993, 0.081225, 0.059053, 1.484816, 0.964545, 103133.571119, 2559.686620 
42.941999, 5.820790, 3.080975, 0.057781, 0.136033, 0.573550, 0.573550, 2000000000000000.000000, 1000000000000000.000000 
54.316349, 8.607505, 4.360589, 0.085933, 0.178686, 0.857909, 0.857909, 417240.691036, 5526.121591 
70.955086, 21.041510, 8.331661, 0.027711, 0.050051, 1.419884, 1.104851, 160411.369255, 2477.652206 
100.004430, 10.895656, 8.458483, 0.166605, 0.058514, 0.688088, 0.855413, 84146.321455, 3173.634209 
77.787959, 17.915831, 10.491574, 0.076690, 0.052763, 1.609929, 0.932885, 91519.443189, 2451.042659 
71.378898, 17.720306, 9.189860, 0.073513, 0.061068, 1.503565, 0.949177, 113129.166140, 2569.709462 
48.393591, 7.156430, 3.694279, 0.071274, 0.156476, 0.709840, 0.709840, 570271.635263, 7345.573851 
36.671815, 4.284595, 2.375579, 0.042263, 0.112519, 0.416795, 0.416795, 2000000000000000.000000, 1000000000000000.000000 
84.964952, 17.980879, 8.407655, 0.126314, 0.073901, 1.352135, 0.868956, 98372.173150, 2592.764090 
77.959468, 17.578024, 9.855868, 0.088617, 0.066203, 1.392003, 0.907413, 99380.562893, 2503.263949 
98.691035, 11.298829, 8.629857, 0.169110, 0.061295, 0.758900, 0.775606, 82722.987903, 3101.144925 
35.124733, 3.905560, 2.201532, 0.038434, 0.106718, 0.378118, 0.378118, 2000000000000000.000000, 1000000000000000.000000 
98.962019, 12.287900, 8.422287, 0.148542, 0.061301, 0.550700, 0.595878, 86387.269785, 3019.505136 
86.326402, 18.247640, 8.021907, 0.152309, 0.054908, 1.266100, 0.854203, 91368.500892, 2625.066466 
70.470416, 19.093411, 10.185040, 0.061723, 0.050367, 1.454494, 0.996619, 105617.476982, 2438.841616 
72.837884, 17.756534, 10.176427, 0.085250, 0.051954, 1.449253, 0.873798, 95168.738833, 2501.118009 
73.862702, 17.939473, 9.253602, 0.066355, 0.057367, 1.542081, 1.075260, 113094.442242, 2537.728800 
98.826974, 11.657079, 8.358537, 0.137434, 0.054397, 0.539182, 0.548780, 85752.402499, 3095.120467 
75.119102, 17.931016, 10.189181, 0.065337, 0.053728, 1.531924, 0.979802, 102279.015989, 2476.462848 
77.443890, 17.530308, 9.823708, 0.096171, 0.055755, 1.415294, 1.025550, 94282.499222, 2509.736979 
85.953074, 18.388765, 8.335432, 0.126058, 0.075044, 1.374977, 0.852752, 98290.812378, 2583.139070 
100.757663, 10.422122, 9.097994, 0.164552, 0.057233, 0.831734, 0.897941, 77522.819669, 3152.044440 
93.655278, 12.565536, 8.380757, 0.154487, 0.061749, 0.566143, 0.645876, 90191.493026, 2991.284911 
78.810023, 17.355989, 9.518085, 0.071491, 0.052196, 1.630615, 1.128697, 101894.609848, 2534.945672 
96.929784, 12.927952, 8.165777, 0.158397, 0.062918, 0.781093, 0.696322, 88568.324328, 2986.587062 
32.093679, 3.162951, 1.860539, 0.030932, 0.095351, 0.302342, 0.302342, 2000000000000000.000000, 1000000000000000.000000 
23.873517, 1.149012, 0.935771, 0.010587, 0.064526, 0.096838, 0.096838, 2000000000000000.000000, 1000000000000000.000000 
72.787348, 17.562325, 9.724509, 0.062740, 0.050199, 1.691885, 1.035733, 106689.897149, 2537.433192 
101.494577, 14.580989, 7.605884, 0.156308, 0.061752, 1.382368, 0.726175, 87907.987467, 2951.677502 
69.520165, 23.332471, 7.894469, 0.066792, 0.050576, 1.383941, 0.972145, 117446.745692, 2452.686669 
68.881963, 21.633021, 8.252274, 0.025595, 0.064306, 1.506409, 0.875576, 176504.722600, 2469.161180 
52.021557, 8.045282, 4.102425, 0.080253, 0.170081, 0.800539, 0.800539, 465766.487635, 6104.727538 
96.308860, 11.233975, 9.014068, 0.153194, 0.064721, 0.704267, 0.584235, 82840.914360, 3065.478804 
37.660576, 4.526841, 2.486815, 0.044710, 0.116227, 0.441514, 0.441514, 2000000000000000.000000, 1000000000000000.000000 
65.957476, 22.249654, 8.896555, 0.074438, 0.073781, 1.533198, 1.250087, 125188.437748, 2403.244914 
39.679480, 5.021473, 2.713942, 0.049707, 0.123798, 0.491987, 0.491987, 2000000000000000.000000, 1000000000000000.000000 
98.174976, 11.863992, 8.389511, 0.145950, 0.067931, 0.675044, 0.724435, 91207.940708, 3067.198464 
50.543683, 7.683202, 3.936164, 0.076596, 0.164539, 0.763592, 0.763592, 503418.950733, 6552.668843 
45.512729, 6.450619, 3.370182, 0.064144, 0.145673, 0.637818, 0.637818, 2000000000000000.000000, 1000000000000000.000000 
46.419997, 6.672899, 3.472250, 0.066389, 0.149075, 0.660500, 0.660500, 648904.008311, 8274.206216 
79.430885, 16.328972, 8.325316, 0.141570, 0.072530, 1.242717, 0.843762, 101584.097216, 2697.843445 
99.178631, 12.257565, 8.375062, 0.162657, 0.069401, 0.794096, 0.749368, 87536.952017, 3029.197206 
59.909567, 9.977844, 4.989826, 0.099776, 0.199661, 0.997739, 0.997739, 332936.081046, 4518.972927 
101.329662, 10.190005, 8.755228, 0.163530, 0.070958, 0.833235, 0.859769, 84974.802947, 3226.801453 
20.198850, 0.248718, 0.522371, 0.001492, 0.050746, 0.004971, 0.004971, 2000000000000000.000000, 1000000000000000.000000 
46.554512, 6.705855, 3.487383, 0.066722, 0.149579, 0.663863, 0.663863, 642882.771220, 8203.244614 
40.838347, 5.305395, 2.844314, 0.052575, 0.128144, 0.520959, 0.520959, 2000000000000000.000000, 1000000000000000.000000 
98.884224, 11.980498, 8.450155, 0.167466, 0.073811, 0.736377, 0.720476, 88045.799939, 3047.587367 
95.719303, 12.568485, 8.297951, 0.140690, 0.059064, 0.500691, 0.550441, 89856.400853, 3002.292493 
91.337326, 16.931714, 8.197145, 0.145013, 0.057575, 1.586389, 1.024826, 88948.809378, 2682.623905 
43.111665, 5.862358, 3.100062, 0.058201, 0.136669, 0.577792, 0.577792, 2000000000000000.000000, 1000000000000000.000000 
69.000553, 21.111248, 8.410972, 0.026228, 0.053779, 1.438474, 1.121122, 170874.483795, 2473.059095 
73.426230, 19.207213, 10.010353, 0.081324, 0.054775, 1.712634, 1.159550, 98086.805168, 2426.327879 
101.730997, 11.608090, 8.197539, 0.157699, 0.052067, 0.660667, 0.709521, 82428.152893, 3128.757137 
101.788947, 11.034059, 8.263518, 0.166968, 0.056791, 0.722559, 0.950775, 84697.772771, 3185.914876 
93.660931, 16.438509, 7.806052, 0.142606, 0.071474, 1.353847, 0.852185, 96172.465712, 2766.463329 
93.337171, 16.728989, 7.439243, 0.142716, 0.057533, 1.543216, 0.944708, 95601.593117, 2800.846038 
29.143255, 2.440098, 1.528616, 0.023630, 0.084287, 0.228581, 0.228581, 2000000000000000.000000, 1000000000000000.000000 
96.605317, 10.624224, 8.535697, 0.161618, 0.072274, 0.749034, 0.929519, 93069.094654, 3203.281513 
87.042488, 18.755239, 8.394759, 0.157764, 0.051027, 1.255332, 0.749653, 84906.023558, 2563.698219 
98.582837, 12.763627, 8.403440, 0.144929, 0.058962, 0.793141, 0.852830, 87654.191614, 2974.844586 
44.906009, 6.301972, 3.301926, 0.062642, 0.143398, 0.622650, 0.622650, 2000000000000000.000000, 1000000000000000.000000 
100.485965, 12.226114, 8.464900, 0.149387, 0.054118, 0.483745, 0.598809, 82678.461298, 3023.703168 
101.610319, 10.227593, 8.560966, 0.161655, 0.060931, 0.833999, 1.074227, 85390.275597, 3248.127589 
72.075703, 19.757922, 10.583470, 0.073540, 0.050918, 1.632533, 0.987422, 94391.293658, 2379.455774 
25.369053, 1.515418, 1.104019, 0.014288, 0.070134, 0.134226, 0.134226, 2000000000000000.000000, 1000000000000000.000000 
76.366903, 17.725028, 9.735234, 0.083172, 0.070645, 1.518785, 1.117167, 107964.469174, 2507.971916 
56.618452, 9.171521, 4.619576, 0.091631, 0.187319, 0.915461, 0.915461, 377776.989962, 5054.755945 
69.866088, 17.381849, 10.146651, 0.081155, 0.058573, 1.395697, 0.898486, 104673.185053, 2553.648292 
69.895340, 22.095602, 8.780424, 0.067318, 0.054625, 1.504429, 1.180800, 114416.085068, 2404.576112 
85.568752, 18.737699, 8.678508, 0.125675, 0.074949, 1.492138, 0.843323, 94376.133611, 2533.354424 
72.559565, 18.119966, 9.155208, 0.071909, 0.054103, 1.476570, 0.967157, 108765.014967, 2540.536321 
53.087030, 8.306322, 4.222291, 0.082890, 0.174076, 0.827176, 0.827176, 441908.737714, 5820.423872 
104.024151, 14.913119, 7.862587, 0.140943, 0.052854, 1.100718, 0.534961, 82434.449775, 2906.689036 
38.032383, 4.617934, 2.528643, 0.045630, 0.117621, 0.450810, 0.450810, 2000000000000000.000000, 1000000000000000.000000 
72.380413, 16.874745, 10.033922, 0.078697, 0.071596, 1.451496, 0.906040, 110980.219219, 2572.335482 
75.892615, 19.191816, 10.045371, 0.073937, 0.052943, 1.490286, 0.959630, 96630.420477, 2416.829222 
30.373600, 2.741532, 1.667030, 0.026675, 0.088901, 0.259340, 0.259340, 2000000000000000.000000, 1000000000000000.000000 
43.683170, 6.002377, 3.164357, 0.059616, 0.138812, 0.592079, 0.592079, 2000000000000000.000000, 1000000000000000.000000 
70.009810, 21.328103, 8.375488, 0.018115, 0.060255, 1.534210, 1.131969, 214216.821366, 2465.354678 
74.879332, 17.158060, 9.892118, 0.089102, 0.061950, 1.405814, 1.034393, 102018.031723, 2541.184734 
75.633338, 18.906866, 9.480340, 0.079008, 0.052702, 1.472427, 1.039209, 100097.921194, 2464.699604 
101.485323, 12.571936, 8.532101, 0.150361, 0.066434, 0.413123, 0.577151, 86349.731301, 2984.817038 
109.695678, 13.472328, 7.375999, 0.139270, 0.059042, 1.101902, 0.449767, 85659.164147, 3133.996123 
98.665930, 12.720423, 8.117951, 0.161715, 0.073603, 0.773801, 0.711830, 91451.675037, 3017.098064 
90.180739, 18.700189, 8.523974, 0.143539, 0.061618, 1.366106, 0.931694, 87787.571976, 2562.082019 
25.105686, 1.450893, 1.074390, 0.013637, 0.069146, 0.127642, 0.127642, 2000000000000000.000000, 1000000000000000.000000 
70.523227, 15.614100, 9.687196, 0.135739, 0.061523, 0.979640, 1.012172, 102383.615098, 2718.801385 
22.123146, 0.720171, 0.738854, 0.006255, 0.057962, 0.053079, 0.053079, 2000000000000000.000000, 1000000000000000.000000 
76.318519, 17.749894, 10.070737, 0.077035, 0.055164, 1.472168, 1.043138, 99192.470156, 2487.492557 
53.826232, 8.487427, 4.305451, 0.084720, 0.176848, 0.845656, 0.845656, 426738.106115, 5639.468181 
74.553971, 18.608930, 10.458320, 0.059650, 0.060872, 1.503298, 1.071373, 110169.160650, 2429.196778 
99.666986, 11.474808, 8.626660, 0.164319, 0.062568, 0.782485, 0.941424, 84896.032209, 3081.464161 
98.275270, 12.545871, 8.190447, 0.138235, 0.058083, 0.621009, 0.716258, 90424.407987, 3023.064995 
80.566694, 18.740448, 10.689847, 0.073308, 0.063094, 1.625453, 0.954881, 94337.437543, 2395.324574 
77.038979, 22.709008, 7.999565, 0.054897, 0.053927, 1.315458, 0.998695, 122993.475511, 2457.112232 
81.747856, 18.389154, 8.330339, 0.129211, 0.061227, 1.387344, 0.849769, 95545.033853, 2578.520474 
37.487141, 4.484349, 2.467303, 0.044281, 0.115577, 0.437179, 0.437179, 2000000000000000.000000, 1000000000000000.000000 
97.126798, 11.643475, 8.493685, 0.160753, 0.051594, 0.797434, 0.729329, 81733.779211, 3077.968773 
51.602566, 7.942629, 4.055289, 0.079216, 0.168510, 0.790064, 0.790064, 475863.458136, 6224.941554 
101.057916, 12.112033, 7.972020, 0.139064, 0.075026, 0.610897, 0.464982, 93731.308520, 3106.039556 
76.391720, 18.434593, 9.724183, 0.087586, 0.074294, 1.455111, 1.036447, 106228.439308, 2470.224417 
28.179267, 2.203920, 1.420168, 0.021244, 0.080672, 0.204482, 0.204482, 2000000000000000.000000, 1000000000000000.000000 
73.671579, 17.807106, 9.198469, 0.076671, 0.071706, 1.440072, 1.016773, 116963.989984, 2550.348782 
97.326886, 10.722328, 8.658180, 0.157884, 0.050792, 0.743036, 0.801550, 81592.109742, 3172.294040 
99.635324, 11.509861, 8.813958, 0.147049, 0.053813, 0.645719, 0.549690, 78795.173226, 3054.096526 
98.349206, 11.024165, 7.973389, 0.158035, 0.062760, 0.861771, 0.820223, 91135.009124, 3226.656985 
31.161938, 2.934675, 1.755718, 0.028626, 0.091857, 0.279048, 0.279048, 2000000000000000.000000, 1000000000000000.000000 
69.162588, 21.273888, 8.340809, 0.029565, 0.060454, 1.555936, 0.899351, 160279.154664, 2472.908324 
21.984657, 0.686241, 0.723274, 0.005912, 0.057442, 0.049616, 0.049616, 2000000000000000.000000, 1000000000000000.000000 
106.592904, 12.449535, 8.385153, 0.154975, 0.050248, 0.855035, 0.884039, 77879.591400, 3038.706753 
72.686718, 20.606903, 8.125723, 0.038407, 0.063398, 1.535485, 1.099434, 153685.261009, 2510.999148 
103.528373, 11.584125, 9.234518, 0.141017, 0.059606, 0.710977, 0.627492, 76483.907773, 3002.140076 
74.831879, 17.626624, 9.511071, 0.081724, 0.065437, 1.543002, 1.110929, 108580.162777, 2534.538284 
35.311779, 3.951386, 2.222575, 0.038897, 0.107419, 0.382794, 0.382794, 2000000000000000.000000, 1000000000000000.000000 
29.126380, 2.435963, 1.526718, 0.023588, 0.084224, 0.228159, 0.228159, 2000000000000000.000000, 1000000000000000.000000 
54.934469, 8.758945, 4.430128, 0.087463, 0.181004, 0.873362, 0.873362, 405850.683202, 5390.132827 
83.507592, 18.262632, 8.436094, 0.127231, 0.078390, 1.428291, 0.942581, 100574.171963, 2574.900901 
102.330579, 10.332160, 8.459068, 0.158660, 0.051107, 0.839855, 0.880610, 79757.714758, 3248.333922 
90.366815, 17.687546, 7.849439, 0.139835, 0.061829, 1.566077, 0.970494, 94370.426000, 2683.607922 
37.383094, 4.458858, 2.455598, 0.044023, 0.115187, 0.434577, 0.434577, 2000000000000000.000000, 1000000000000000.000000 
