50.873167, 8.800806, 5.545628, 0.098640, 0.151195, 0.822816, 1.004054, 2000000000000000.000000, 1000000000000000.000000 
59.763690, 9.944344, 4.210248, 0.104715, 0.188230, 0.897262, 0.664412, 323741.194735, 4750.632479 
61.294421, 8.324884, 4.214435, 0.109005, 0.176177, 0.899165, 0.869861, 349286.036706, 5303.069463 
67.259800, 8.544350, 3.959414, 0.068253, 0.176046, 0.773023, 0.794089, 411914.737405, 5121.147802 
57.236765, 10.360944, 3.964014, 0.094313, 0.161391, 0.812386, 0.881645, 350359.630383, 4805.913651 
61.530461, 10.558125, 4.237662, 0.091283, 0.130019, 0.917952, 0.899645, 297026.645052, 4527.650402 
67.652727, 10.283257, 4.805303, 0.105842, 0.185610, 0.206778, 1.117603, 342327.324509, 4268.902523 
60.403652, 7.549317, 5.197869, 0.100537, 0.064911, 0.933081, 0.971240, 259164.362236, 5739.600790 
62.829887, 8.714245, 4.829507, 0.083294, 0.168909, 0.782066, 0.812009, 348655.500924, 4912.999634 
55.691628, 10.207079, 4.125984, 0.093166, 0.165908, 0.848343, 0.898360, 356685.921740, 4837.172589 
59.891843, 10.210256, 5.715547, 0.004035, 0.053060, 1.121658, 1.029645, 787908.367612, 4340.129545 
57.704714, 9.883457, 4.201606, 0.099472, 0.155132, 0.653373, 0.697953, 327064.640479, 4839.780186 
60.688406, 10.254755, 4.145520, 0.094429, 0.154123, 0.813714, 0.845541, 323717.426360, 4663.097629 
61.653915, 10.606630, 4.171554, 0.104694, 0.167884, 0.624218, 0.660412, 307998.971741, 4540.823230 
62.619828, 9.487998, 4.232789, 0.102193, 0.187691, 0.876065, 0.699971, 326996.239807, 4801.541020 
51.558728, 7.931888, 4.050357, 0.079108, 0.168345, 0.788968, 0.788968, 476944.977129, 6237.814027 
58.078065, 10.671721, 5.624683, 0.013667, 0.060241, 1.071051, 1.076938, 468127.257435, 4276.833855 
62.057940, 7.713852, 4.019945, 0.093799, 0.177479, 0.964756, 0.797961, 383610.094154, 5638.220033 
61.503387, 8.312250, 4.824050, 0.108806, 0.062704, 0.952207, 0.931329, 235386.023050, 5171.475152 
56.936783, 9.157299, 5.084565, 0.080138, 0.159126, 0.630071, 0.781290, 364448.869582, 4994.136509 
54.304371, 9.277042, 4.969037, 0.105054, 0.188276, 0.969940, 1.093359, 372831.392545, 5125.439850 
59.751981, 10.899383, 5.374609, 0.007746, 0.057073, 1.124976, 1.015484, 580325.905946, 4174.613264 
66.711396, 9.896846, 5.038247, 0.109914, 0.066590, 0.862646, 0.888080, 200269.793410, 4323.199973 
59.661572, 9.179773, 4.805665, 0.080776, 0.187161, 0.764159, 0.772233, 371758.003758, 4862.390848 
60.242533, 11.757403, 5.418639, 0.022293, 0.055363, 0.983124, 1.037988, 327365.725758, 3939.534323 
62.495727, 8.795793, 3.484429, 0.101977, 0.161930, 0.924085, 0.696397, 354471.001723, 5402.513295 
56.878032, 9.387623, 4.016850, 0.091255, 0.150940, 0.962297, 0.947501, 359640.582430, 5108.715141 
61.124994, 7.946108, 5.004919, 0.082572, 0.177784, 0.822336, 0.970140, 400637.446796, 5390.594419 
67.757854, 10.359437, 5.765706, 0.095281, 0.169663, 0.022056, 0.849991, 304271.748503, 4016.023006 
61.724606, 9.869059, 5.732310, 0.011025, 0.050159, 1.176609, 0.959159, 452483.206665, 4376.309046 
54.610112, 8.899083, 4.426592, 0.098954, 0.193991, 0.973550, 0.939136, 395001.618321, 5338.805695 
63.289320, 9.632068, 4.213972, 0.104731, 0.167594, 0.835517, 0.907529, 322683.971398, 4747.087742 
55.369548, 9.303264, 5.141369, 0.108887, 0.202768, 0.968765, 1.066525, 366202.375403, 5028.935656 
62.568077, 11.043362, 5.823284, 0.012150, 0.061130, 1.111947, 1.121441, 463818.994172, 3972.944674 
64.015239, 10.585994, 5.707992, 0.010421, 0.055982, 1.134162, 0.972066, 464651.469169, 4067.485296 
63.684464, 9.755958, 4.747134, 0.109236, 0.068753, 0.914365, 0.830464, 215758.920420, 4521.120368 
57.492051, 9.617210, 4.309642, 0.068381, 0.147808, 0.874459, 0.938027, 386049.391881, 4903.783731 
55.678089, 9.520458, 5.016535, 0.081422, 0.197022, 0.892340, 0.760704, 379319.326952, 4907.340342 
64.623479, 8.808168, 4.858379, 0.105736, 0.062787, 0.957007, 0.978743, 219997.691082, 4795.756199 
54.066715, 9.940276, 4.844974, 0.098695, 0.166778, 0.807757, 0.965223, 347272.003399, 4841.073946 
56.887837, 9.735221, 4.483551, 0.103088, 0.171451, 0.892902, 0.840289, 331775.936790, 4839.613165 
66.049100, 11.291744, 5.440781, 0.002396, 0.054960, 1.057912, 1.045456, 887914.536664, 3899.895140 
60.236099, 9.139166, 4.176208, 0.102476, 0.186387, 0.917154, 0.828162, 350812.258298, 5016.582928 
65.019646, 9.022807, 4.679079, 0.108079, 0.063167, 1.067512, 0.822041, 214481.760565, 4744.751955 
58.831450, 9.065792, 4.695401, 0.091450, 0.184846, 0.832338, 0.834514, 361759.486466, 4971.096761 
60.124179, 9.422626, 4.476714, 0.084697, 0.159066, 0.575601, 0.716752, 346259.625630, 4823.332116 
57.395906, 8.525024, 4.961506, 0.096070, 0.201163, 0.863237, 0.901585, 391481.323834, 5309.766740 
59.995399, 7.610472, 5.092669, 0.081400, 0.185190, 0.837876, 0.970416, 432833.663580, 5720.317112 
53.760255, 9.039004, 4.451476, 0.095065, 0.146338, 0.788075, 0.734628, 351051.299296, 5321.865851 
59.885258, 9.779165, 5.001560, 0.110972, 0.062672, 1.085915, 1.014982, 216890.276526, 4586.381268 
62.907383, 9.298396, 4.650744, 0.087649, 0.149693, 0.635412, 0.709953, 315647.363382, 4721.968300 
57.844910, 9.613117, 4.436895, 0.102185, 0.199879, 0.888945, 0.754757, 347284.363564, 4855.039742 
56.096634, 8.189756, 3.783918, 0.101250, 0.187554, 0.901311, 0.845397, 414859.538301, 5762.739621 
50.458924, 7.660908, 5.380551, 0.081811, 0.157699, 0.853417, 0.913547, 2000000000000000.000000, 1000000000000000.000000 
58.677424, 9.974457, 4.690101, 0.086875, 0.159575, 0.754216, 0.962431, 342765.045181, 4632.369570 
55.929992, 7.918179, 4.222175, 0.077898, 0.171988, 0.810186, 0.844542, 448335.796082, 5844.376147 
57.853871, 11.432390, 5.603500, 0.009930, 0.065231, 1.179349, 1.064456, 539860.356572, 4064.764473 
60.853881, 11.277340, 5.474331, 0.012919, 0.060572, 1.077959, 1.072936, 454574.089136, 4023.005892 
56.606902, 10.071983, 3.979666, 0.089490, 0.178849, 0.967652, 0.997603, 382008.229482, 4903.045149 
48.618812, 7.211609, 3.719616, 0.071832, 0.157321, 0.715470, 0.715470, 562465.721596, 7253.154155 
60.152374, 9.575365, 5.129357, 0.096541, 0.177744, 0.838348, 1.052338, 335864.676125, 4629.232670 
54.946537, 9.692731, 5.265256, 0.096034, 0.157041, 0.779530, 0.927206, 334771.145816, 4865.652405 
59.390436, 9.040118, 4.946745, 0.074195, 0.161098, 0.632261, 0.904405, 383274.781561, 4915.384987 
58.367650, 11.426208, 4.875410, 0.108917, 0.188475, 0.097319, 1.017749, 347988.017271, 4190.697819 
58.705819, 9.347725, 5.211569, 0.074544, 0.181851, 0.710389, 0.851106, 383292.063857, 4786.963573 
60.753357, 8.936029, 4.239867, 0.092389, 0.184407, 0.911512, 0.891165, 370221.334632, 5054.060441 
53.265927, 8.350152, 4.242417, 0.083333, 0.174747, 0.831648, 0.831648, 438139.363753, 5775.474511 
61.244157, 10.406140, 4.435346, 0.094788, 0.162733, 0.594314, 0.631112, 308148.611155, 4498.612497 
56.822694, 9.298273, 3.948926, 0.080265, 0.167921, 0.860648, 0.916365, 404587.117552, 5169.685789 
40.709849, 5.273913, 2.829858, 0.052257, 0.127662, 0.517746, 0.517746, 2000000000000000.000000, 1000000000000000.000000 
55.367788, 8.865108, 4.478876, 0.088535, 0.182629, 0.884195, 0.884195, 398231.696894, 5299.138054 
56.047158, 8.873204, 5.185896, 0.075237, 0.179803, 0.803870, 0.798963, 402671.824328, 5213.320753 
57.038368, 9.015828, 4.541920, 0.083196, 0.154177, 0.823197, 0.796811, 360249.179960, 5115.282951 
50.509056, 9.643933, 4.147541, 0.096783, 0.157530, 0.737391, 0.722091, 372028.737005, 5301.625222 
58.409375, 9.561644, 5.074585, 0.080154, 0.173656, 0.782608, 0.820627, 354678.238582, 4726.529753 
53.497210, 8.564558, 3.476748, 0.086985, 0.152489, 0.817256, 0.894143, 433202.401787, 5835.410504 
56.750833, 9.092506, 4.582087, 0.088062, 0.190930, 0.929587, 0.824911, 380811.904224, 5089.333714 
58.952721, 8.717168, 4.498886, 0.082078, 0.154213, 0.879503, 0.857437, 363733.511021, 5159.959266 
57.254022, 9.476993, 3.434552, 0.100471, 0.148051, 1.055441, 0.569895, 340603.816005, 5348.338421 
63.413756, 8.936494, 4.019152, 0.096258, 0.164870, 0.626189, 0.768349, 350406.820333, 5050.618166 
57.826196, 8.932930, 4.936153, 0.101152, 0.183443, 0.856935, 1.032506, 363589.323133, 5058.460486 
61.434236, 11.170608, 5.164946, 0.019124, 0.059477, 0.896447, 0.969294, 376661.597819, 4095.505974 
55.242261, 9.176675, 4.290664, 0.100388, 0.182546, 0.901825, 0.833825, 369732.576513, 5191.326518 
56.587389, 9.471983, 4.349174, 0.089028, 0.173914, 0.992012, 0.951943, 370597.172794, 4986.339291 
60.192792, 8.187664, 4.245193, 0.095317, 0.144137, 0.717763, 0.836084, 352831.524017, 5413.770472 
60.663909, 10.580417, 5.516332, 0.014628, 0.057977, 1.131191, 1.056421, 427200.055869, 4211.037828 
59.048097, 11.340486, 5.758789, 0.020536, 0.056897, 1.137037, 1.087755, 345471.266586, 4023.851342 
62.374269, 9.530205, 5.120789, 0.080223, 0.175195, 0.001937, 1.026616, 414563.894305, 4554.280093 
62.900743, 10.604440, 4.285318, 0.090692, 0.147341, 0.899019, 0.922408, 308568.382403, 4468.185085 
62.334614, 9.805111, 4.295428, 0.099298, 0.183646, 0.822356, 0.984610, 346267.069661, 4688.541202 
52.548053, 9.601534, 4.215832, 0.100225, 0.146658, 0.769920, 0.547046, 331214.563732, 5177.257009 
56.412823, 9.690017, 5.839737, 0.090142, 0.169537, 0.891475, 0.901370, 332009.588988, 4768.514792 
58.664491, 9.653814, 5.197807, 0.118013, 0.060751, 1.007763, 1.028940, 215770.978598, 4661.502598 
59.580929, 8.526095, 4.174868, 0.095786, 0.161539, 0.827500, 0.843143, 361078.459331, 5297.295268 
54.140984, 9.533275, 4.540061, 0.065805, 0.162619, 0.779721, 0.851227, 419645.912855, 5050.499297 
63.953807, 10.097206, 4.519108, 0.117760, 0.171962, 0.770479, 0.992529, 299256.154630, 4486.484952 
65.857056, 10.203972, 4.332310, 0.071286, 0.165918, 0.606705, 0.770227, 357029.247371, 4490.045340 
63.690014, 11.394970, 5.205709, 0.110262, 0.180210, 0.033025, 0.989433, 314865.155742, 3981.600308 
53.238160, 9.448601, 5.013095, 0.086213, 0.143125, 0.832067, 1.055718, 366327.178639, 5119.210626 
63.486803, 10.204082, 4.365455, 0.074820, 0.173975, 0.708083, 0.862645, 365182.416572, 4523.915109 
63.527216, 8.883834, 4.585249, 0.089995, 0.178390, 0.708711, 0.702083, 339840.329584, 4871.995876 
51.914686, 9.128767, 5.373192, 0.099314, 0.150481, 0.852254, 0.962595, 364685.614386, 5487.254017 
55.305054, 9.509089, 5.261432, 0.070164, 0.172589, 0.795566, 0.734838, 383724.398569, 4928.668613 
57.424682, 10.229401, 4.809475, 0.076129, 0.156434, 0.687337, 0.789276, 345321.116507, 4571.654441 
60.510902, 8.934237, 4.325997, 0.104709, 0.167708, 0.888412, 0.832248, 332028.969650, 5037.586371 
60.717918, 9.813935, 5.137401, 0.108706, 0.064354, 1.010523, 1.000316, 214235.209458, 4516.249423 
58.529608, 9.071158, 4.479002, 0.087888, 0.177589, 0.712508, 0.835023, 375965.604820, 5026.988706 
59.047106, 10.373922, 4.603495, 0.013160, 0.060475, 0.913543, 1.025625, 519527.790758, 4517.898258 
57.257147, 8.949648, 4.129658, 0.086440, 0.145311, 0.669567, 0.750206, 363149.893451, 5229.689106 
59.283616, 10.510699, 4.095069, 0.089604, 0.168395, 0.628984, 0.774103, 348734.552015, 4652.596678 
51.599683, 8.795346, 4.433388, 0.111641, 0.176805, 0.960420, 0.883899, 381866.006220, 5633.782231 
65.542559, 11.278715, 4.940294, 0.117927, 0.072398, 0.954069, 0.910581, 195813.971896, 4042.524430 
69.143981, 9.540881, 4.707315, 0.087781, 0.162112, 0.177675, 1.037013, 357527.196382, 4468.032055 
59.317270, 8.783735, 4.850479, 0.093915, 0.169061, 0.638945, 0.686434, 341511.617316, 5052.064474 
54.151520, 9.189647, 4.613376, 0.088283, 0.171085, 0.844392, 0.960851, 391532.579744, 5201.092211 
57.753136, 10.977401, 5.198709, 0.015322, 0.051987, 1.127834, 1.061018, 408051.452546, 4256.053137 
57.840750, 9.537293, 5.061682, 0.089048, 0.172400, 0.870438, 0.946783, 347442.613168, 4768.175249 
65.435235, 8.916060, 5.215660, 0.062840, 0.143037, 0.790051, 0.939325, 352697.991349, 4652.206750 
68.108733, 9.034572, 4.772227, 0.095095, 0.155465, 0.077439, 1.017773, 352069.461497, 4627.347728 
60.781228, 11.539579, 6.029025, 0.012059, 0.055955, 1.107816, 0.979331, 417487.103712, 3878.055559 
61.252742, 9.267704, 4.613788, 0.094719, 0.163771, 0.655223, 0.777727, 329683.566372, 4801.426316 
55.429910, 8.743599, 4.115615, 0.074881, 0.170388, 0.824000, 0.875235, 433462.152682, 5423.373931 
60.886500, 11.361474, 5.605113, 0.006931, 0.062918, 1.154729, 1.045878, 614841.698247, 3978.798764 
57.479599, 9.894863, 4.178141, 0.076727, 0.171200, 0.842728, 0.861594, 385450.841981, 4852.318806 
71.146226, 10.298393, 4.847669, 0.084957, 0.157420, 0.077343, 1.021935, 342602.414608, 4196.752699 
59.081705, 10.055154, 4.230302, 0.090403, 0.157510, 0.844931, 0.845970, 335437.475417, 4730.721131 
58.207882, 9.453317, 5.003200, 0.081363, 0.180555, 0.708755, 0.769323, 363008.080511, 4790.808749 
52.208753, 9.934074, 4.453516, 0.092476, 0.175912, 0.986160, 0.886945, 370563.163978, 5011.835973 
