49.684679, 7.813819, 4.273381, 0.092778, 0.072882, 0.474286, 0.523289, 349923.991808, 6613.074712 
58.506164, 8.173132, 4.567871, 0.081732, 0.055257, 0.306527, 0.337411, 258545.103503, 5462.440382 
24.887746, 5.056585, 2.028956, 0.058530, 0.080651, 0.755879, 0.158881, 2000000000000000.000000, 1000000000000000.000000 
26.524340, 5.426927, 3.762076, 0.099817, 0.177340, 0.801145, 0.624398, 2000000000000000.000000, 1000000000000000.000000 
42.628590, 0.914864, 1.719517, 0.037021, 0.081150, 0.750895, 0.830556, 2000000000000000.000000, 1000000000000000.000000 
56.621477, 8.633627, 3.300229, 0.095050, 0.062618, 0.361862, 0.312914, 299793.278854, 5760.654550 
47.368100, 9.048839, 4.528435, 0.094736, 0.052741, 0.203006, 0.411467, 302177.208817, 5936.529080 
50.655327, 1.291038, 0.521032, 0.031532, 0.095473, 0.918296, 0.156503, 2980761.998802, 39640.082113 
56.058295, 8.955077, 4.294252, 0.087624, 0.067508, 0.239552, 0.277571, 269365.614198, 5246.036453 
50.763189, 9.412993, 4.524659, 0.091184, 0.056640, 0.316070, 0.836780, 289845.674895, 5349.569687 
55.418973, 8.131045, 4.054146, 0.084746, 0.051054, 0.362445, 0.339474, 278779.270345, 5770.236916 
55.708099, 9.254683, 4.757391, 0.098801, 0.059964, 0.149565, 0.587496, 255757.310187, 5052.232708 
44.543277, 5.014556, 2.744348, 0.071076, 0.191402, 0.481049, 0.884589, 2000000000000000.000000, 1000000000000000.000000 
55.190199, 9.612790, 4.733849, 0.078359, 0.053403, 0.173620, 0.295075, 247120.284297, 4925.811325 
51.343473, 9.691269, 4.699805, 0.076307, 0.050981, 0.016485, 0.618754, 283502.970169, 5152.597987 
55.190034, 8.188745, 4.002984, 0.027307, 0.053204, 0.181128, 0.366992, 411237.218386, 5761.481706 
56.235229, 8.779055, 4.543305, 0.053802, 0.053664, 0.237484, 0.610494, 305760.012526, 5278.913185 
45.218300, 3.126730, 4.359806, 0.093429, 0.113689, 0.119613, 0.908322, 2000000000000000.000000, 1000000000000000.000000 
52.194845, 9.557872, 3.686045, 0.086591, 0.058491, 0.141537, 0.542410, 302874.760545, 5383.189707 
27.897602, 8.382680, 4.051132, 0.051488, 0.184608, 0.985456, 0.558851, 2000000000000000.000000, 1000000000000000.000000 
30.958364, 1.569360, 0.679422, 0.074311, 0.094433, 0.038108, 0.263607, 2000000000000000.000000, 1000000000000000.000000 
52.876924, 8.298338, 4.768823, 0.055485, 0.057305, 0.271349, 0.728715, 349186.833425, 5877.069125 
56.186941, 8.732743, 4.404861, 0.027037, 0.057266, 0.094904, 0.385605, 397378.518133, 5325.713070 
47.870143, 8.921182, 3.919775, 0.029875, 0.060415, 0.159049, 0.449419, 462024.873963, 5927.323212 
56.137151, 7.965147, 4.349386, 0.090205, 0.088390, 0.412534, 0.605106, 321910.726084, 5786.049767 
55.246227, 8.395441, 4.166743, 0.092221, 0.060170, 0.402990, 0.792093, 294199.565994, 5607.670251 
56.161165, 9.672379, 4.426444, 0.051826, 0.050307, 0.102508, 0.667583, 298312.432267, 4909.869370 
38.809383, 0.609207, 2.469530, 0.063689, 0.129904, 0.873739, 0.897906, 2000000000000000.000000, 1000000000000000.000000 
59.239816, 7.986007, 2.906339, 0.082296, 0.062821, 0.385984, 0.207257, 329046.646241, 6245.974684 
55.922561, 6.460226, 4.746176, 0.091473, 0.058172, 0.424978, 0.068624, 309249.188794, 7486.741093 
51.942387, 5.864010, 1.322777, 0.056882, 0.130710, 0.586191, 0.919860, 1045799.584560, 11211.776434 
37.141673, 9.519772, 3.018080, 0.077197, 0.052580, 0.318266, 0.213954, 406956.244961, 6945.900755 
54.956305, 8.009344, 4.034598, 0.090901, 0.058826, 0.282957, 0.337269, 290522.134428, 5882.540324 
39.187905, 0.203740, 2.727963, 0.006101, 0.161367, 0.483034, 0.594889, 2000000000000000.000000, 1000000000000000.000000 
53.322025, 8.790528, 4.702248, 0.088560, 0.052123, 0.280531, 0.324112, 262691.978502, 5483.563689 
54.167856, 9.968805, 4.609109, 0.058774, 0.063586, 0.156672, 0.626687, 303039.111698, 4858.304034 
55.616133, 7.054088, 4.744806, 0.088808, 0.060996, 0.424232, 0.597005, 318366.448659, 6711.712184 
33.537519, 9.381717, 2.469374, 0.064768, 0.095993, 0.038084, 0.100540, 567541.305852, 7810.319444 
50.180382, 5.472046, 1.090231, 0.065504, 0.174502, 0.640914, 0.722058, 1240769.691530, 13061.727828 
51.855664, 6.902696, 3.530438, 0.072498, 0.089680, 0.218838, 0.468430, 442275.942966, 7117.535367 
47.504362, 0.380694, 4.410606, 0.084664, 0.169414, 0.791648, 0.730203, 2000000000000000.000000, 1000000000000000.000000 
45.429781, 9.739400, 0.530409, 0.077902, 0.108047, 0.293334, 0.840605, 1807083.747034, 20840.319529 
50.110875, 9.017197, 4.942545, 0.051811, 0.065632, 0.396158, 0.257693, 328340.611184, 5695.605405 
58.495369, 9.177432, 3.649780, 0.065597, 0.053596, 0.315397, 0.453258, 291492.228813, 5287.311442 
50.453238, 9.758118, 4.207622, 0.090236, 0.050524, 0.209528, 0.500503, 274649.603168, 5243.036289 
54.327443, 9.049178, 4.440050, 0.049081, 0.058768, 0.228324, 0.659661, 336374.847322, 5279.607051 
52.416469, 6.752681, 2.872367, 0.055602, 0.108733, 0.433119, 0.727732, 580120.642988, 7369.572294 
56.141120, 8.380465, 4.710758, 0.069378, 0.055062, 0.174632, 0.297479, 276085.601355, 5500.626634 
29.737858, 6.059981, 3.862140, 0.016668, 0.083483, 0.688856, 0.317627, 2000000000000000.000000, 1000000000000000.000000 
21.126667, 2.755578, 3.993531, 0.098125, 0.133353, 0.834159, 0.064679, 2000000000000000.000000, 1000000000000000.000000 
45.782830, 9.590500, 0.655982, 0.064595, 0.154499, 0.584630, 0.632286, 1652837.705826, 17286.314916 
25.455258, 4.375202, 4.742729, 0.076961, 0.098931, 0.856154, 0.768725, 2000000000000000.000000, 1000000000000000.000000 
59.254314, 7.637174, 4.731010, 0.091285, 0.051710, 0.362903, 0.265741, 248409.281381, 5750.988137 
57.725929, 8.584605, 3.678560, 0.066105, 0.053871, 0.061503, 0.684679, 323864.638542, 5533.712053 
31.832083, 5.767642, 0.997807, 0.077142, 0.186662, 0.963970, 0.400063, 1298793.482146, 15272.956635 
52.519643, 9.491958, 4.469529, 0.047094, 0.058274, 0.313084, 0.161822, 298541.329436, 5182.858544 
48.651119, 8.085676, 3.563770, 0.034714, 0.159503, 0.192580, 0.598041, 747418.836142, 6446.034214 
54.439448, 8.534490, 4.058523, 0.086986, 0.054392, 0.126784, 0.189574, 276704.415541, 5604.987268 
49.493552, 8.722094, 4.478308, 0.087800, 0.080517, 0.364874, 0.860058, 355286.648895, 5904.315605 
29.778695, 1.535148, 0.827543, 0.008606, 0.093123, 0.836614, 0.319025, 2000000000000000.000000, 1000000000000000.000000 
47.390221, 9.362871, 4.708839, 0.075114, 0.074774, 0.143988, 0.469237, 343662.800954, 5743.815887 
55.868674, 1.152635, 2.837829, 0.022811, 0.080250, 0.277535, 0.074046, 2000000000000000.000000, 1000000000000000.000000 
45.011722, 0.952221, 1.032751, 0.022308, 0.051760, 0.664471, 0.415403, 2000000000000000.000000, 1000000000000000.000000 
43.477873, 3.551455, 0.543178, 0.092617, 0.095728, 0.692905, 0.708913, 1753558.475487, 24631.270094 
57.861468, 8.794918, 3.436022, 0.070641, 0.066153, 0.129492, 0.795461, 350748.208967, 5568.396599 
59.011667, 7.131138, 4.417991, 0.085443, 0.058804, 0.334574, 0.415717, 287454.212243, 6171.926694 
25.119670, 1.531633, 3.887641, 0.022071, 0.172057, 0.709010, 0.511658, 2000000000000000.000000, 1000000000000000.000000 
56.543541, 8.770863, 3.705352, 0.082126, 0.057246, 0.162125, 0.560422, 299664.803425, 5492.099608 
48.672807, 8.125149, 4.763449, 0.094848, 0.064361, 0.280398, 0.162927, 2000000000000000.000000, 1000000000000000.000000 
38.368312, 8.866668, 1.225395, 0.029052, 0.178577, 0.781195, 0.616979, 1437680.329046, 10855.184874 
53.499008, 9.378163, 3.750887, 0.014990, 0.069053, 0.126029, 0.278740, 553060.945812, 5363.102564 
56.684366, 8.744677, 4.089133, 0.063043, 0.056079, 0.156028, 0.650260, 311495.616748, 5361.231609 
53.930954, 4.944900, 1.654417, 0.063215, 0.122219, 0.989050, 0.479263, 760815.854637, 10725.223269 
28.472686, 3.339817, 3.212370, 0.079772, 0.086302, 0.205960, 0.919833, 2000000000000000.000000, 1000000000000000.000000 
26.099387, 5.903260, 4.096288, 0.026161, 0.154035, 0.283047, 0.178602, 2000000000000000.000000, 1000000000000000.000000 
42.863894, 4.503671, 1.707370, 0.025430, 0.095587, 0.308776, 0.449198, 1307555.781300, 12857.680160 
30.206596, 9.075980, 0.903054, 0.015477, 0.168562, 0.606226, 0.913711, 2705921.865670, 14087.186704 
57.392593, 9.439426, 3.076292, 0.075204, 0.050278, 0.062495, 0.369401, 313216.787563, 5618.137226 
58.057209, 8.164129, 4.945967, 0.055313, 0.056871, 0.271669, 0.168757, 275532.476079, 5484.045830 
49.353331, 3.055857, 4.479498, 0.071634, 0.194111, 0.596980, 0.448265, 2000000000000000.000000, 1000000000000000.000000 
58.250786, 9.414172, 3.579889, 0.086587, 0.051543, 0.282651, 0.085226, 258507.657714, 5252.429382 
40.743913, 3.929466, 2.591477, 0.008995, 0.103130, 0.359148, 0.097852, 2000000000000000.000000, 1000000000000000.000000 
39.246068, 7.424755, 1.550300, 0.061597, 0.175902, 0.102768, 0.512356, 1013972.487965, 9972.437050 
50.156434, 8.765676, 3.533355, 0.067062, 0.051177, 0.086333, 0.689237, 354769.781076, 5914.645620 
53.407574, 7.595699, 3.978555, 0.095193, 0.052526, 0.441276, 0.647009, 310321.646242, 6317.331179 
24.697540, 6.068208, 0.693013, 0.011029, 0.101114, 0.305138, 0.151400, 2787844.718831, 20163.037977 
47.284388, 9.232274, 4.387841, 0.092452, 0.056271, 0.164922, 0.452011, 307180.001708, 5796.379644 
50.232029, 8.712125, 4.565815, 0.095027, 0.058807, 0.056817, 0.438394, 301316.473426, 5837.744662 
41.745315, 4.956516, 2.514184, 0.087545, 0.062512, 0.873072, 0.289807, 2000000000000000.000000, 1000000000000000.000000 
54.427004, 8.811533, 2.337221, 0.004287, 0.163720, 0.275089, 0.365964, 1433997.673026, 6754.109268 
58.091543, 7.100783, 4.988167, 0.081503, 0.063460, 0.363045, 0.350031, 292974.676908, 6383.524338 
50.541733, 9.185026, 3.585859, 0.090005, 0.050574, 0.216000, 0.435443, 301285.840328, 5668.566150 
54.905587, 9.214056, 4.697718, 0.085346, 0.067124, 0.196819, 0.632922, 281122.541385, 5129.740454 
31.178851, 6.769138, 1.790805, 0.087082, 0.078873, 0.100878, 0.740426, 823393.344450, 11400.238042 
31.886736, 6.562362, 4.028108, 0.022696, 0.107481, 0.949187, 0.932866, 2000000000000000.000000, 1000000000000000.000000 
50.155715, 9.745104, 4.873184, 0.073225, 0.060575, 0.229590, 0.507850, 291166.447745, 5225.105997 
59.176290, 8.734196, 2.806367, 0.096285, 0.134843, 0.392829, 0.761555, 432755.576631, 6056.728120 
52.781583, 9.085729, 4.699599, 0.082863, 0.054800, 0.295161, 0.521607, 274277.385126, 5355.732802 
54.480951, 9.388896, 4.458915, 0.084611, 0.059825, 0.329591, 0.314841, 259109.881041, 5107.261742 
57.217876, 8.837223, 1.399636, 0.070644, 0.181441, 0.306627, 0.818615, 949479.745063, 9353.028694 
57.891317, 9.315764, 3.976339, 0.071212, 0.058999, 0.166030, 0.702695, 296880.701514, 5110.913377 
51.244870, 9.922847, 4.762962, 0.081518, 0.067687, 0.149215, 0.357874, 277092.138014, 5046.307522 
40.812740, 2.564953, 1.296108, 0.066348, 0.106018, 0.060468, 0.379384, 2000000000000000.000000, 1000000000000000.000000 
37.968310, 7.817274, 1.021693, 0.021363, 0.194663, 0.865821, 0.432256, 1840406.394980, 12827.117667 
20.804198, 3.416747, 1.381964, 0.099462, 0.191280, 0.949377, 0.107698, 2000000000000000.000000, 1000000000000000.000000 
54.170782, 8.961572, 4.364327, 0.088907, 0.063040, 0.271668, 0.510872, 280823.756124, 5344.854798 
49.093414, 4.065413, 1.811772, 0.089397, 0.109070, 0.298684, 0.433394, 801326.778012, 12660.333977 
52.968245, 9.360505, 4.774798, 0.093732, 0.062135, 0.135818, 0.654964, 276851.504274, 5189.971209 
31.229812, 5.363956, 1.868806, 0.091969, 0.093046, 0.596168, 0.754095, 2000000000000000.000000, 1000000000000000.000000 
54.518697, 9.536895, 4.361576, 0.066869, 0.063386, 0.061629, 0.665013, 309255.392641, 5060.850396 
53.874462, 8.570279, 4.397409, 0.086566, 0.055704, 0.334030, 0.503311, 281097.781542, 5578.642842 
55.055578, 0.888464, 1.104489, 0.051450, 0.060066, 0.832780, 0.575580, 2000000000000000.000000, 1000000000000000.000000 
24.922754, 4.368547, 1.774390, 0.035582, 0.159893, 0.429071, 0.136336, 2000000000000000.000000, 1000000000000000.000000 
51.263929, 9.874159, 4.296029, 0.079090, 0.052528, 0.249998, 0.349773, 269592.061530, 5123.799030 
49.037555, 0.956539, 2.835885, 0.076582, 0.192389, 0.955224, 0.275899, 2000000000000000.000000, 1000000000000000.000000 
52.108082, 3.104241, 1.382665, 0.046931, 0.065303, 0.294849, 0.832366, 1138214.826081, 15896.298691 
48.689610, 9.838720, 4.937229, 0.079525, 0.058018, 0.160934, 0.380291, 284773.936021, 5323.129139 
52.968931, 9.108061, 3.322706, 0.090436, 0.070038, 0.164717, 0.320761, 321946.713991, 5705.767720 
59.121871, 8.035671, 4.803505, 0.065843, 0.066548, 0.162042, 0.166478, 277129.665457, 5486.474779 
55.092447, 8.084565, 3.344237, 0.091045, 0.064280, 0.348470, 0.278822, 315276.865319, 6056.001545 
58.966630, 8.575056, 3.424307, 0.095547, 0.052939, 0.271058, 0.197150, 274097.143144, 5624.135400 
56.003878, 9.887860, 4.885604, 0.061364, 0.066014, 0.333098, 0.182970, 255737.158582, 4747.268390 
31.954570, 5.775372, 3.020269, 0.072622, 0.123854, 0.567128, 0.787877, 2000000000000000.000000, 1000000000000000.000000 
53.752406, 8.839276, 4.741447, 0.054946, 0.056439, 0.274428, 0.658282, 319684.405751, 5417.005543 
52.968202, 9.968545, 3.939348, 0.091555, 0.054301, 0.230518, 0.511017, 271856.597972, 5096.107711 
35.085964, 9.014206, 3.719846, 0.068924, 0.104396, 0.364397, 0.101991, 2000000000000000.000000, 1000000000000000.000000 
54.618900, 2.771537, 1.635046, 0.077303, 0.083563, 0.893174, 0.802282, 950755.579282, 16943.963431 
52.531916, 9.059294, 4.486588, 0.073888, 0.061511, 0.188239, 0.564551, 303347.092781, 5398.950795 
