99.622774, 12.100127, 8.567288, 0.136390, 0.061607, 0.729648, 0.830069, 88667.452492, 3021.334823 
76.028268, 18.495505, 9.248691, 0.076859, 0.060395, 1.449909, 1.004851, 106775.006214, 2499.798666 
103.252446, 10.308004, 7.763083, 0.151250, 0.061487, 0.940808, 0.592390, 86858.203730, 3363.668364 
112.512577, 14.594954, 7.968535, 0.136376, 0.053417, 0.976421, 0.375277, 76703.889068, 2981.394014 
59.894083, 9.974050, 4.988084, 0.099738, 0.199603, 0.997352, 0.997352, 333121.446628, 4521.186418 
96.606121, 13.279948, 8.344901, 0.145174, 0.074034, 0.761195, 0.811081, 94968.387408, 2930.646111 
79.091571, 17.489231, 9.486328, 0.068452, 0.059210, 1.664753, 1.121845, 107208.020455, 2528.778051 
88.935670, 18.709341, 8.808878, 0.145635, 0.075391, 1.324544, 0.933938, 90223.545200, 2530.538125 
57.712890, 9.439658, 4.742700, 0.094339, 0.191423, 0.942822, 0.942822, 361549.922902, 4860.834837 
54.281256, 8.598908, 4.356641, 0.085846, 0.178555, 0.857031, 0.857031, 417906.611219, 5534.070564 
74.233339, 18.689291, 9.808138, 0.074759, 0.057333, 1.449947, 1.017508, 103409.393863, 2459.895072 
46.442631, 6.678445, 3.474796, 0.066446, 0.149160, 0.661066, 0.661066, 647883.199404, 8262.177369 
103.608541, 12.280364, 8.762130, 0.148050, 0.073379, 0.569416, 0.656112, 85891.114998, 2990.601814 
89.204150, 17.943110, 8.074503, 0.146955, 0.054913, 1.317871, 0.871632, 89860.535453, 2640.381636 
102.509854, 13.329447, 8.740054, 0.147765, 0.061997, 0.669261, 0.527464, 79752.673381, 2898.097537 
101.704028, 12.146146, 8.863945, 0.135064, 0.061996, 0.650732, 0.677309, 83695.634623, 2984.941881 
74.984688, 23.470291, 7.955711, 0.057150, 0.060703, 1.449420, 0.947244, 124709.753317, 2441.237906 
101.731137, 15.846890, 7.872774, 0.138045, 0.056906, 1.156030, 0.492527, 84482.683572, 2832.702818 
100.831193, 17.190497, 6.952232, 0.141190, 0.058253, 1.594991, 1.063762, 99055.699355, 2898.673678 
96.215809, 10.924544, 8.755132, 0.158142, 0.058373, 0.741217, 0.810089, 84674.386009, 3135.597120 
76.064922, 17.595345, 10.112736, 0.079015, 0.062972, 1.525213, 1.230716, 105341.947838, 2495.425566 
105.476309, 13.683260, 7.916255, 0.157078, 0.054026, 0.822674, 0.923973, 84955.820503, 2996.210453 
92.549845, 18.326536, 8.249675, 0.146795, 0.065250, 1.403791, 0.967476, 90019.674293, 2615.355512 
78.517939, 18.022560, 9.568123, 0.084122, 0.066158, 1.516240, 1.193058, 105415.259651, 2495.757443 
54.272486, 8.596759, 4.355655, 0.085824, 0.178522, 0.856812, 0.856812, 418073.367893, 5536.060964 
95.230743, 11.657526, 8.412721, 0.161168, 0.063753, 0.837730, 0.773826, 88474.886344, 3087.480773 
34.232377, 3.686932, 2.101142, 0.036225, 0.103371, 0.355809, 0.355809, 2000000000000000.000000, 1000000000000000.000000 
98.449431, 16.699567, 8.459731, 0.150445, 0.064653, 1.277120, 0.986970, 85711.902552, 2694.649360 
97.383390, 12.440063, 8.065314, 0.125850, 0.058943, 0.661402, 0.801364, 96080.016422, 3049.003380 
98.865221, 12.292514, 8.076605, 0.162558, 0.052022, 0.621330, 0.612838, 84069.794271, 3065.759694 
48.118487, 7.089029, 3.663330, 0.070593, 0.155444, 0.702962, 0.702962, 580098.244289, 7461.856296 
101.460055, 10.196749, 8.195835, 0.152400, 0.052488, 0.808571, 0.820398, 83868.905587, 3306.363125 
96.458869, 16.758462, 8.357480, 0.155162, 0.054368, 1.331268, 1.022084, 83681.388723, 2693.273398 
74.710630, 18.949095, 10.772596, 0.062468, 0.061504, 1.544217, 1.059002, 105572.723421, 2397.809321 
73.228963, 19.407462, 10.088346, 0.074527, 0.052802, 1.729661, 1.068920, 97703.792349, 2413.592131 
91.715691, 18.596275, 8.690187, 0.147239, 0.066649, 1.339954, 0.889817, 86395.450767, 2555.456032 
54.984699, 8.771251, 4.435779, 0.087587, 0.181193, 0.874617, 0.874617, 404952.479031, 5379.406600 
89.784505, 17.216524, 8.334159, 0.145079, 0.062472, 1.571228, 1.012462, 89970.099385, 2647.942312 
77.100423, 23.835970, 8.165924, 0.052888, 0.057031, 1.200001, 0.983238, 125466.642892, 2413.160066 
57.293476, 9.336902, 4.695516, 0.093301, 0.189851, 0.932337, 0.932337, 367597.822791, 4933.111481 
59.350972, 9.840988, 4.926984, 0.098394, 0.197566, 0.983774, 0.983774, 339760.912005, 4600.485537 
57.471655, 9.380555, 4.715561, 0.093742, 0.190519, 0.936791, 0.936791, 365003.448800, 4902.106827 
45.836461, 6.529933, 3.406602, 0.064945, 0.146887, 0.645912, 0.645912, 2000000000000000.000000, 1000000000000000.000000 
82.227664, 17.789213, 8.518405, 0.153096, 0.063122, 1.266555, 0.837760, 91775.439456, 2589.149506 
54.730480, 8.708968, 4.407179, 0.086958, 0.180239, 0.868262, 0.868262, 409539.877044, 5434.185461 
90.160424, 17.149383, 8.040074, 0.146597, 0.059810, 1.589244, 1.048552, 91758.061195, 2686.225147 
77.526407, 18.309611, 9.707114, 0.073600, 0.062245, 1.472753, 1.113702, 106621.952279, 2474.445744 
82.917734, 17.083472, 7.952424, 0.145615, 0.054800, 1.199842, 0.877874, 96080.673389, 2688.424128 
103.635325, 10.554426, 8.762793, 0.172545, 0.057228, 0.658891, 0.750162, 76706.379428, 3177.740451 
99.401376, 12.316796, 8.462907, 0.151431, 0.061634, 0.763882, 0.891083, 87448.566875, 3012.298258 
29.480946, 2.522832, 1.566606, 0.024465, 0.085554, 0.237024, 0.237024, 2000000000000000.000000, 1000000000000000.000000 
103.195802, 10.330723, 8.924925, 0.172787, 0.066477, 0.692798, 0.798429, 79406.054630, 3184.477743 
30.633143, 2.805120, 1.696229, 0.027317, 0.089874, 0.265829, 0.265829, 2000000000000000.000000, 1000000000000000.000000 
98.906618, 11.707670, 8.652587, 0.159873, 0.055698, 0.798692, 0.839821, 81831.858289, 3051.405534 
28.994019, 2.403535, 1.511827, 0.023260, 0.083728, 0.224850, 0.224850, 2000000000000000.000000, 1000000000000000.000000 
100.862146, 11.846786, 9.090571, 0.132646, 0.056503, 0.600153, 0.663969, 80860.286768, 2986.721369 
93.742186, 12.288743, 8.504306, 0.151243, 0.053431, 0.796492, 0.800217, 86560.297050, 3005.625529 
101.726725, 12.757748, 8.323985, 0.156585, 0.056006, 0.666936, 0.584831, 81352.373097, 2995.914279 
107.135412, 13.660743, 7.623650, 0.138051, 0.055207, 1.091591, 0.500801, 83883.362564, 3055.543587 
102.668714, 13.426906, 8.403516, 0.157173, 0.062185, 0.710134, 0.787063, 84232.170991, 2932.576463 
34.683402, 3.797434, 2.151883, 0.037341, 0.105063, 0.367085, 0.367085, 2000000000000000.000000, 1000000000000000.000000 
105.019287, 12.196480, 8.088301, 0.145683, 0.058670, 0.588231, 0.721639, 86554.524280, 3096.867362 
99.347194, 13.847507, 8.741897, 0.154605, 0.082379, 0.619185, 0.833463, 92493.701676, 2844.814566 
70.268037, 23.471394, 7.960258, 0.064651, 0.058086, 1.401137, 0.973814, 121885.001098, 2441.107847 
31.924468, 3.121495, 1.841503, 0.030513, 0.094717, 0.298112, 0.298112, 2000000000000000.000000, 1000000000000000.000000 
100.930648, 10.592378, 9.435260, 0.138310, 0.073028, 0.708088, 0.640228, 83050.118494, 3090.466211 
101.313490, 15.571907, 8.139181, 0.142407, 0.056130, 1.135424, 0.562392, 82133.053553, 2810.746508 
100.257592, 16.410433, 7.066559, 0.148984, 0.050138, 1.707074, 0.947950, 92595.280719, 2916.417940 
71.414012, 19.398039, 10.446649, 0.061159, 0.064274, 1.604299, 1.140813, 113371.201606, 2405.764430 
74.911790, 18.955534, 9.575851, 0.065424, 0.059186, 1.549212, 1.182815, 111785.644880, 2458.297877 
101.247995, 12.363285, 8.731230, 0.144405, 0.068061, 0.491780, 0.600042, 86076.369766, 2978.826970 
77.242220, 18.117760, 9.774178, 0.059642, 0.063113, 1.403284, 0.973793, 113766.088628, 2480.974963 
100.951311, 13.468542, 7.724867, 0.150458, 0.052137, 0.844309, 0.533020, 85456.159817, 3016.411666 
100.227001, 12.560101, 8.532213, 0.146155, 0.076585, 0.524218, 0.586121, 90809.301768, 2981.983578 
92.631035, 12.758353, 7.953657, 0.157311, 0.061727, 0.837014, 0.679498, 92928.069129, 3026.614883 
48.195630, 7.107929, 3.672008, 0.070784, 0.155734, 0.704891, 0.704891, 577309.483596, 7428.862980 
49.625471, 7.458240, 3.832866, 0.074323, 0.161096, 0.740637, 0.740637, 529988.561521, 6868.174149 
88.702719, 12.211906, 8.219431, 0.148515, 0.056370, 0.507393, 0.625547, 95036.271666, 3059.009703 
73.713939, 18.580264, 9.871056, 0.085826, 0.056988, 1.551548, 1.222051, 101094.462215, 2464.258001 
86.275648, 18.534878, 8.180463, 0.144585, 0.061692, 1.218666, 1.003616, 94480.581869, 2594.117256 
37.732934, 4.544569, 2.494955, 0.044889, 0.116499, 0.443323, 0.443323, 2000000000000000.000000, 1000000000000000.000000 
103.293420, 11.403359, 8.204935, 0.168040, 0.053882, 0.726953, 0.696549, 80145.956929, 3155.111117 
96.074616, 11.169263, 8.484795, 0.159927, 0.054106, 0.804044, 0.720363, 83663.773498, 3137.643822 
44.950410, 6.312850, 3.306921, 0.062752, 0.143564, 0.623760, 0.623760, 2000000000000000.000000, 1000000000000000.000000 
68.614415, 21.179973, 8.979779, 0.067693, 0.064799, 1.394605, 1.169965, 122283.307492, 2425.144019 
100.918478, 11.769954, 8.176610, 0.156611, 0.059871, 0.698181, 0.627497, 85005.972326, 3111.859116 
90.819070, 16.344482, 8.586028, 0.148784, 0.060251, 1.585024, 0.970248, 85854.123106, 2670.798222 
69.944375, 19.203571, 9.862445, 0.058261, 0.055000, 1.497183, 1.012504, 113107.560191, 2452.286909 
99.328813, 11.558201, 8.516909, 0.135916, 0.053810, 0.552909, 0.760498, 86750.358243, 3085.846838 
101.567807, 12.567137, 9.234541, 0.145614, 0.056768, 0.632297, 0.631686, 76479.052513, 2903.548082 
32.369814, 3.230604, 1.891604, 0.031615, 0.096387, 0.309245, 0.309245, 2000000000000000.000000, 1000000000000000.000000 
77.895097, 23.563587, 8.662567, 0.054113, 0.066338, 1.350406, 0.943030, 123344.128394, 2374.007693 
70.265799, 19.611478, 10.191636, 0.087820, 0.057780, 1.837910, 1.182195, 98081.871894, 2413.292384 
84.470624, 18.224963, 8.686749, 0.133882, 0.067696, 1.436614, 0.807364, 91440.385637, 2553.372583 
53.648243, 8.443820, 4.285427, 0.084279, 0.176181, 0.841206, 0.841206, 430295.111975, 5681.907486 
45.478032, 6.442118, 3.366279, 0.064058, 0.145543, 0.636951, 0.636951, 2000000000000000.000000, 1000000000000000.000000 
90.140114, 16.707816, 8.068597, 0.136177, 0.061193, 1.577611, 0.860738, 91870.789065, 2706.406552 
74.052654, 18.020721, 9.666223, 0.108078, 0.062797, 1.355771, 0.950234, 97197.773493, 2505.444428 
46.590831, 6.714754, 3.491468, 0.066812, 0.149716, 0.664771, 0.664771, 641275.613286, 8184.299736 
67.459827, 22.398238, 8.561621, 0.068415, 0.061280, 1.576914, 1.193240, 121040.266426, 2419.524186 
36.371908, 4.211117, 2.341840, 0.041520, 0.111395, 0.409298, 0.409298, 2000000000000000.000000, 1000000000000000.000000 
105.609375, 13.701808, 7.854979, 0.144247, 0.052294, 1.148835, 0.542377, 80739.521752, 3004.891098 
101.778304, 11.665455, 8.719251, 0.155321, 0.053184, 0.603839, 0.605066, 77717.076274, 3051.855851 
52.580522, 8.182228, 4.165309, 0.081637, 0.172177, 0.814513, 0.814513, 452939.864322, 5951.920743 
101.186727, 13.140745, 8.180511, 0.155093, 0.066201, 0.628393, 0.777600, 89667.955568, 2979.274526 
100.370159, 11.083724, 9.203028, 0.167678, 0.056483, 0.848499, 0.776389, 74822.709307, 3057.377869 
51.911263, 8.018259, 4.090017, 0.079980, 0.169667, 0.797782, 0.797782, 468383.010422, 6135.886096 
103.822755, 14.689179, 7.746241, 0.140444, 0.059108, 1.157423, 0.436471, 84367.560124, 2937.429928 
53.045256, 8.296088, 4.217591, 0.082787, 0.173920, 0.826131, 0.826131, 442798.245692, 5831.029933 
74.520373, 16.458518, 9.592746, 0.099401, 0.058413, 1.395934, 0.970959, 99811.695444, 2610.215854 
101.895040, 12.639957, 8.150207, 0.141903, 0.059942, 0.673523, 0.641378, 87139.938485, 3031.348122 
97.321867, 11.837360, 8.853517, 0.133698, 0.057203, 0.693476, 0.687270, 84861.525924, 3012.375850 
56.375241, 9.111934, 4.592215, 0.091029, 0.186407, 0.909381, 0.909381, 381586.453394, 5100.276684 
93.629929, 16.142206, 8.290759, 0.141644, 0.056842, 1.474664, 1.086748, 88331.981254, 2722.909873 
99.740390, 12.696172, 8.901874, 0.147310, 0.052355, 0.700805, 0.604625, 77539.905915, 2923.898671 
37.015024, 4.368681, 2.414190, 0.043112, 0.113806, 0.425376, 0.425376, 2000000000000000.000000, 1000000000000000.000000 
96.830012, 13.921035, 8.491856, 0.152437, 0.070088, 0.708261, 0.733333, 89698.842170, 2859.908068 
71.974646, 19.520777, 9.775681, 0.073689, 0.072786, 1.507854, 1.263745, 117636.072977, 2430.446791 
80.528861, 23.677621, 8.628568, 0.049248, 0.061442, 1.374768, 0.957052, 123200.085898, 2379.474232 
22.263075, 0.754453, 0.754596, 0.006601, 0.058487, 0.056577, 0.056577, 2000000000000000.000000, 1000000000000000.000000 
104.783716, 15.199968, 7.888697, 0.144771, 0.055956, 1.155169, 0.504084, 81746.582657, 2889.912535 
78.003420, 17.314619, 9.363345, 0.075153, 0.061065, 1.539492, 1.171018, 108908.680348, 2550.520576 
99.180299, 11.104974, 8.689714, 0.152998, 0.052123, 0.597785, 0.634247, 80129.750004, 3116.934559 
97.799723, 12.502167, 8.542558, 0.181842, 0.056879, 0.794962, 0.819992, 81048.309224, 2980.859294 
42.608128, 5.738991, 3.043414, 0.056955, 0.134780, 0.565203, 0.565203, 2000000000000000.000000, 1000000000000000.000000 
76.074152, 19.677214, 9.129603, 0.086864, 0.051090, 1.438660, 1.030831, 98286.316194, 2454.217233 
71.288532, 23.329369, 7.654107, 0.074958, 0.057075, 1.440995, 0.919489, 117837.986069, 2478.883753 
92.246061, 14.785626, 7.997868, 0.165830, 0.069149, 1.452922, 0.928428, 91907.354441, 2843.415420 
