89.927524, 15.885836, 8.211810, 0.161981, 0.058002, 1.367500, 0.944446, 88531.243943, 2737.501760 
105.541216, 12.614238, 7.946953, 0.145958, 0.058698, 0.641329, 0.517090, 84442.907949, 3081.893986 
100.809061, 15.977282, 7.425269, 0.128897, 0.051943, 1.289129, 0.442627, 88238.162562, 2885.362495 
95.522557, 16.714511, 8.363591, 0.165010, 0.056379, 1.379866, 1.057652, 83731.440300, 2690.617273 
71.644427, 18.697682, 9.696037, 0.059726, 0.062554, 1.546828, 1.015780, 117181.702226, 2478.418056 
58.166838, 9.550875, 4.793769, 0.095463, 0.193126, 0.954171, 0.954171, 355229.138077, 4785.299465 
101.073463, 12.527364, 8.958458, 0.133875, 0.063025, 0.820826, 0.773275, 83736.644430, 2936.242537 
103.529918, 12.581490, 9.174423, 0.129926, 0.051119, 0.622048, 0.678707, 76608.114659, 2915.003561 
93.216066, 17.231252, 8.158205, 0.153955, 0.070358, 1.338877, 1.016852, 92344.665091, 2678.543284 
86.822749, 18.132837, 8.549984, 0.137922, 0.053375, 1.433932, 0.789233, 86176.665781, 2574.472267 
73.243451, 24.082096, 8.620638, 0.057743, 0.054429, 1.220638, 0.943674, 116168.553125, 2362.425106 
78.746693, 18.491025, 9.755468, 0.081291, 0.051291, 1.530914, 0.933207, 92988.353195, 2459.897675 
99.864878, 15.955566, 8.136526, 0.144395, 0.054506, 1.082723, 0.494419, 81774.085206, 2780.464671 
88.697418, 17.057325, 7.881332, 0.139987, 0.057894, 1.613856, 0.897114, 93040.182925, 2706.665683 
42.883243, 5.806395, 3.074365, 0.057636, 0.135812, 0.572081, 0.572081, 2000000000000000.000000, 1000000000000000.000000 
69.656094, 19.131432, 10.203057, 0.079619, 0.057460, 1.845273, 1.255417, 102865.794363, 2441.483337 
73.342639, 17.808417, 9.357589, 0.109735, 0.056817, 1.382679, 0.931100, 97051.217916, 2541.124255 
98.840902, 13.053835, 8.709147, 0.150508, 0.051701, 0.679207, 0.541193, 78469.634586, 2911.903234 
103.491545, 12.184627, 8.714459, 0.147218, 0.069751, 0.634426, 0.390930, 80468.630529, 3005.158472 
75.803543, 19.404842, 10.067487, 0.070345, 0.052221, 1.482947, 0.979032, 97724.990608, 2406.422198 
76.765916, 24.185575, 8.520630, 0.051066, 0.078637, 1.386598, 1.007469, 138000.618555, 2371.845790 
90.280692, 17.246859, 8.341850, 0.136668, 0.055918, 1.587970, 1.027114, 88666.573187, 2646.935904 
72.877851, 19.020518, 9.712553, 0.080185, 0.065216, 1.462359, 1.213326, 109755.778620, 2454.401168 
107.345323, 12.809626, 9.062574, 0.155415, 0.061936, 0.668654, 0.549140, 73650.552061, 2926.299163 
73.860446, 18.504893, 10.628196, 0.083155, 0.063890, 1.496350, 0.991399, 98315.610697, 2430.730989 
76.923956, 17.936673, 10.087240, 0.076819, 0.060727, 1.471259, 0.984653, 100619.752657, 2473.705546 
102.288393, 12.259188, 9.032257, 0.167667, 0.062689, 0.748277, 0.781955, 77629.950070, 2956.028883 
77.962325, 18.777159, 9.692659, 0.082234, 0.059874, 1.467782, 1.048632, 99775.029217, 2451.809376 
74.131945, 17.905535, 9.666713, 0.112578, 0.068837, 1.380045, 0.923431, 98092.160334, 2511.727710 
108.113609, 15.493029, 8.272026, 0.145010, 0.072050, 1.005607, 0.701719, 84745.636788, 2845.989627 
71.595177, 19.753542, 10.243597, 0.051138, 0.054499, 1.483832, 1.004163, 113055.850662, 2397.082975 
25.795635, 1.619930, 1.152009, 0.015344, 0.071734, 0.144891, 0.144891, 2000000000000000.000000, 1000000000000000.000000 
100.387562, 11.778336, 8.675394, 0.164117, 0.051446, 0.489988, 0.648301, 78578.471866, 3042.729320 
76.146517, 18.094169, 9.387097, 0.081106, 0.065751, 1.387437, 0.904701, 106134.266122, 2510.710289 
88.684638, 16.771433, 8.044193, 0.150654, 0.069560, 1.656778, 1.035220, 94786.806077, 2702.244404 
48.295804, 7.132472, 3.683278, 0.071032, 0.156109, 0.707395, 0.707395, 573727.075244, 7386.471324 
42.873978, 5.804125, 3.073323, 0.057613, 0.135777, 0.571849, 0.571849, 2000000000000000.000000, 1000000000000000.000000 
106.346915, 15.232983, 7.877936, 0.139343, 0.052505, 1.171149, 0.463512, 80174.211158, 2901.011545 
49.953933, 7.538714, 3.869817, 0.075136, 0.162327, 0.748848, 0.748848, 520173.389330, 6751.679836 
23.040250, 0.944861, 0.842028, 0.008525, 0.061401, 0.076006, 0.076006, 2000000000000000.000000, 1000000000000000.000000 
40.308102, 5.175485, 2.784662, 0.051263, 0.126155, 0.507703, 0.507703, 2000000000000000.000000, 1000000000000000.000000 
28.692380, 2.329633, 1.477893, 0.022514, 0.082596, 0.217309, 0.217309, 2000000000000000.000000, 1000000000000000.000000 
76.465311, 23.373884, 8.382475, 0.059960, 0.051060, 1.221095, 0.898830, 112571.331105, 2401.534670 
106.768564, 15.853913, 7.763621, 0.146881, 0.060686, 0.981415, 0.683082, 86269.902275, 2884.301362 
77.279854, 20.154965, 8.972545, 0.077441, 0.067076, 1.498762, 0.912155, 107591.958947, 2446.264010 
71.495031, 18.217946, 10.186730, 0.079563, 0.061346, 1.621119, 1.054212, 103627.281601, 2481.567487 
74.530154, 18.062496, 9.722679, 0.099045, 0.060510, 1.351909, 1.029626, 98692.042700, 2497.390897 
72.575839, 19.093111, 10.460780, 0.062054, 0.071329, 1.379764, 1.024202, 116929.403771, 2414.069205 
99.778258, 16.981280, 8.173597, 0.166925, 0.072982, 1.345083, 0.985825, 87647.858181, 2721.374288 
105.100080, 11.720167, 8.950044, 0.147398, 0.054705, 0.725628, 0.554906, 73911.890340, 3026.740271 
97.926913, 12.450546, 8.793467, 0.176620, 0.064106, 0.809200, 0.831936, 81831.266768, 2956.167403 
93.102879, 16.027756, 8.100352, 0.154629, 0.056425, 1.536142, 1.035116, 87922.606776, 2750.552340 
79.109155, 24.245542, 8.501886, 0.060184, 0.058869, 1.336786, 0.957733, 114609.211255, 2376.361411 
101.679573, 12.349217, 9.400466, 0.131315, 0.055060, 0.682705, 0.609171, 76132.113140, 2906.047697 
40.580636, 5.242256, 2.815322, 0.051937, 0.127177, 0.514516, 0.514516, 2000000000000000.000000, 1000000000000000.000000 
102.230134, 13.109541, 7.702796, 0.154764, 0.050422, 0.610429, 0.668493, 86679.323214, 3057.256928 
91.213666, 13.590128, 8.203470, 0.145057, 0.051981, 0.839841, 0.581222, 88179.382898, 2913.612364 
43.068041, 5.851670, 3.095155, 0.058093, 0.136505, 0.576701, 0.576701, 2000000000000000.000000, 1000000000000000.000000 
43.173759, 5.877571, 3.107048, 0.058355, 0.136902, 0.579344, 0.579344, 2000000000000000.000000, 1000000000000000.000000 
107.542097, 10.771714, 8.374690, 0.178814, 0.060204, 1.002948, 0.562109, 73560.607568, 3217.514887 
71.548796, 17.981596, 9.619957, 0.105907, 0.058689, 1.358422, 0.988259, 99171.330535, 2525.142156 
84.248141, 18.007091, 8.112252, 0.142223, 0.061529, 1.211332, 1.056835, 97481.607052, 2622.362260 
87.042071, 18.224299, 8.236131, 0.139301, 0.068674, 1.316577, 0.919208, 95344.479135, 2603.491604 
76.818579, 18.041111, 9.659724, 0.108896, 0.073009, 1.349447, 0.976892, 99161.743867, 2493.458843 
75.344670, 24.166326, 8.110801, 0.062625, 0.060482, 1.169289, 1.015093, 122959.089239, 2409.641779 
103.754019, 15.900455, 7.577642, 0.140119, 0.053077, 1.258165, 0.363611, 83437.874371, 2886.297464 
56.575125, 9.160906, 4.614702, 0.091523, 0.187157, 0.914378, 0.914378, 378449.987229, 5062.797872 
106.419393, 12.003987, 8.552146, 0.158879, 0.050983, 0.642475, 0.617086, 74885.831279, 3056.174656 
74.635348, 19.264227, 9.903908, 0.074136, 0.075986, 1.417591, 1.261019, 117554.174706, 2425.072015 
92.772456, 16.517921, 8.476240, 0.144130, 0.063012, 1.480304, 1.166165, 89501.925817, 2678.184636 
102.337644, 12.155663, 8.303020, 0.153175, 0.051728, 0.627465, 0.654989, 81108.915184, 3058.246051 
89.706220, 17.061287, 7.971192, 0.136858, 0.075478, 1.567226, 0.854451, 97347.217943, 2697.925920 
51.186566, 7.840709, 4.008489, 0.078187, 0.166950, 0.779664, 0.779664, 486326.078661, 6349.437882 
96.800701, 15.782224, 8.044727, 0.138255, 0.055800, 1.440306, 1.106014, 89515.285689, 2786.740235 
106.325365, 13.231613, 8.815592, 0.142490, 0.061060, 0.600214, 0.539011, 78145.803244, 2916.248125 
75.347400, 19.688593, 9.869716, 0.081264, 0.053795, 1.826548, 1.130646, 95317.811029, 2406.413165 
108.536917, 16.353565, 8.003741, 0.131711, 0.059395, 1.106212, 0.615253, 83326.150366, 2838.344613 
98.679508, 15.811665, 8.538501, 0.133021, 0.062097, 1.181115, 0.448961, 81406.264014, 2734.729221 
59.073558, 9.773022, 4.895775, 0.097707, 0.196526, 0.976839, 0.976839, 343259.057118, 4642.274424 
99.098576, 16.213286, 7.524351, 0.132562, 0.057273, 1.235271, 0.351693, 88418.514466, 2845.932778 
37.454796, 4.476425, 2.463665, 0.044201, 0.115455, 0.436370, 0.436370, 2000000000000000.000000, 1000000000000000.000000 
68.061455, 22.217364, 8.544971, 0.066624, 0.061802, 1.487889, 1.140887, 122306.943503, 2425.000816 
85.711952, 18.062660, 8.295180, 0.149760, 0.073152, 1.256802, 0.996564, 96657.100956, 2601.837919 
103.637580, 12.491378, 9.173268, 0.139342, 0.054676, 0.767097, 0.691188, 75570.460979, 2923.385591 
75.611693, 18.334776, 9.119274, 0.083670, 0.051085, 1.459276, 1.021474, 100834.235768, 2518.780673 
100.968162, 12.510260, 8.412181, 0.135854, 0.068459, 0.755553, 0.801823, 91497.764569, 3004.400435 
76.301995, 20.680982, 9.956884, 0.082013, 0.056501, 1.512528, 0.894519, 93378.109836, 2362.032570 
110.448636, 14.812444, 8.130223, 0.136836, 0.065777, 1.043447, 0.384278, 79706.868236, 2925.295859 
43.766255, 6.022732, 3.173704, 0.059821, 0.139123, 0.594156, 0.594156, 2000000000000000.000000, 1000000000000000.000000 
53.149275, 8.321572, 4.229293, 0.083044, 0.174310, 0.828732, 0.828732, 440589.894810, 5804.697836 
73.012630, 16.453898, 9.655256, 0.096390, 0.060953, 1.481128, 0.966872, 102336.336397, 2618.837646 
90.568167, 16.903393, 8.127072, 0.168326, 0.059205, 1.299648, 0.925068, 88426.194135, 2689.992259 
75.261360, 17.736378, 9.569284, 0.102573, 0.059098, 1.294015, 0.979179, 97724.814877, 2522.283119 
102.698981, 11.512529, 9.179377, 0.174881, 0.056319, 0.865191, 0.779298, 72466.190442, 3014.222560 
54.596051, 8.676032, 4.392056, 0.086625, 0.179735, 0.864901, 0.864901, 412008.125804, 5463.655607 
100.178999, 11.730279, 9.455262, 0.171153, 0.080969, 0.779039, 0.834064, 82086.908486, 2958.501671 
83.736453, 18.349692, 8.085637, 0.140020, 0.054862, 1.126227, 0.957855, 95356.910247, 2608.500218 
20.761160, 0.386484, 0.585630, 0.002884, 0.052854, 0.019029, 0.019029, 2000000000000000.000000, 1000000000000000.000000 
97.042260, 15.771008, 8.203272, 0.137181, 0.070580, 1.477843, 1.157661, 93896.786990, 2768.641008 
102.200739, 13.159854, 9.257458, 0.156224, 0.050775, 0.594446, 0.581911, 72122.112455, 2853.149262 
80.388450, 20.468276, 9.345536, 0.079338, 0.062475, 1.486733, 0.919034, 99568.962286, 2407.436491 
73.758706, 19.560659, 9.693648, 0.073576, 0.072394, 1.601221, 1.228726, 114755.623152, 2426.673533 
100.761533, 11.900739, 9.815380, 0.171047, 0.054796, 0.748539, 0.788130, 69991.693746, 2905.949459 
103.371306, 11.320321, 8.652156, 0.154067, 0.057019, 0.503322, 0.524491, 78583.500631, 3101.722385 
95.504748, 13.213758, 8.486388, 0.180004, 0.062235, 0.793327, 0.819923, 84837.669931, 2917.152209 
22.765759, 0.877611, 0.811148, 0.007845, 0.060372, 0.069144, 0.069144, 2000000000000000.000000, 1000000000000000.000000 
95.634902, 17.624414, 8.511447, 0.163596, 0.061466, 1.316564, 1.073627, 84372.811758, 2631.075353 
98.694362, 16.392031, 8.325648, 0.156860, 0.058533, 1.305085, 0.995957, 83928.360233, 2727.153274 
76.428720, 24.163681, 8.234970, 0.051345, 0.054712, 1.142552, 1.060459, 126762.121084, 2398.501545 
44.374196, 6.171678, 3.242097, 0.061326, 0.141403, 0.609355, 0.609355, 2000000000000000.000000, 1000000000000000.000000 
74.263449, 24.113710, 8.334861, 0.041682, 0.053375, 1.372766, 1.052927, 132559.027229, 2387.819893 
74.281544, 20.305888, 9.713903, 0.084708, 0.050585, 1.754767, 1.083882, 93833.595974, 2393.064932 
107.325073, 11.960042, 8.587365, 0.167256, 0.055491, 0.655330, 0.744371, 75963.403260, 3060.174250 
75.629878, 19.336748, 10.083164, 0.076910, 0.050722, 1.726271, 1.022488, 93361.773206, 2409.024846 
58.384738, 9.604261, 4.818283, 0.096002, 0.193943, 0.959618, 0.959618, 352274.825324, 4749.996508 
113.118579, 14.472245, 8.494350, 0.132536, 0.061457, 0.964319, 0.357024, 74469.488001, 2922.156353 
99.025848, 11.822068, 8.689680, 0.148488, 0.070196, 0.514892, 0.589423, 87794.959510, 3034.425648 
72.436896, 17.784379, 9.458453, 0.097231, 0.059877, 1.340565, 0.979845, 102488.939337, 2541.373578 
90.297485, 15.752733, 8.149046, 0.133611, 0.061583, 1.406071, 1.148264, 95887.804473, 2754.090833 
55.786981, 8.967810, 4.526035, 0.089573, 0.184201, 0.894675, 0.894675, 391130.573811, 5214.310091 
100.771790, 12.981763, 9.105333, 0.162559, 0.057853, 0.751113, 0.548193, 74401.056025, 2879.133487 
101.635771, 13.744349, 8.831971, 0.144791, 0.063607, 0.723961, 0.564897, 80531.527698, 2851.528462 
96.231151, 15.995673, 8.860497, 0.154591, 0.054819, 1.593392, 1.121263, 79399.105653, 2679.610458 
79.091104, 17.758523, 8.367842, 0.138829, 0.052987, 1.479626, 0.889827, 93369.644780, 2607.402812 
36.510418, 4.245052, 2.357422, 0.041863, 0.111914, 0.412760, 0.412760, 2000000000000000.000000, 1000000000000000.000000 
71.545772, 20.092344, 9.685557, 0.054015, 0.055996, 1.578713, 0.962755, 113307.282620, 2411.671643 
72.483622, 18.739105, 10.127700, 0.072331, 0.060066, 1.702035, 0.993693, 103013.105627, 2448.499832 
78.858575, 21.585345, 9.680891, 0.086404, 0.051599, 1.548159, 0.873114, 88997.871117, 2349.746176 
