67.714395, 18.235805, 10.946199, 0.085810, 0.068835, 1.413068, 0.948846, 105389.177509, 2488.504453 
74.922679, 20.388443, 10.235555, 0.083831, 0.076450, 1.434672, 1.008899, 103991.415674, 2359.922527 
36.917682, 4.344832, 2.403239, 0.042871, 0.113441, 0.422942, 0.422942, 2000000000000000.000000, 1000000000000000.000000 
91.701839, 17.962454, 8.745900, 0.131612, 0.051087, 1.396649, 0.746244, 81749.804305, 2576.479015 
75.902171, 19.246291, 10.052014, 0.091351, 0.056253, 1.772171, 1.085487, 92134.421933, 2413.997750 
74.445904, 22.955792, 9.426028, 0.042677, 0.051647, 1.223734, 1.038966, 122464.241776, 2328.355418 
66.080490, 19.732891, 10.947521, 0.051726, 0.062378, 1.547013, 1.005061, 119948.723285, 2411.693617 
92.481828, 17.783094, 8.474336, 0.136074, 0.060404, 1.378068, 0.802274, 86646.066475, 2614.477311 
82.133640, 18.155185, 8.099063, 0.145352, 0.051580, 1.381322, 0.901077, 92817.384140, 2614.688601 
56.231928, 9.076822, 4.576092, 0.090674, 0.185870, 0.905798, 0.905798, 383867.906991, 5127.537526 
27.662619, 2.077342, 1.362045, 0.019965, 0.078735, 0.191565, 0.191565, 2000000000000000.000000, 1000000000000000.000000 
107.583342, 13.536953, 8.823600, 0.139119, 0.060581, 0.604635, 0.643300, 79201.656359, 2900.099265 
77.469376, 21.059741, 9.876422, 0.093117, 0.054769, 1.688125, 0.872097, 87756.331179, 2353.380580 
77.185000, 17.273816, 8.506238, 0.139713, 0.066968, 1.415573, 0.900620, 98807.482192, 2625.446151 
82.508911, 16.886545, 8.650457, 0.141742, 0.058180, 1.616838, 0.699003, 88157.248754, 2625.836938 
70.601090, 22.329024, 9.221557, 0.041983, 0.055972, 1.231322, 0.937028, 129638.245799, 2363.007445 
73.794686, 22.217067, 9.076216, 0.053682, 0.064500, 1.182579, 0.891519, 123164.531818, 2372.509663 
36.115973, 4.148413, 2.313047, 0.040887, 0.110435, 0.402899, 0.402899, 2000000000000000.000000, 1000000000000000.000000 
101.705332, 14.397548, 10.269114, 0.156559, 0.061120, 0.603701, 0.616925, 69423.491462, 2674.546329 
90.529713, 17.659089, 8.201274, 0.145735, 0.051428, 1.094439, 0.997598, 89203.872727, 2643.200915 
32.997858, 3.384475, 1.962259, 0.033170, 0.098742, 0.324946, 0.324946, 2000000000000000.000000, 1000000000000000.000000 
109.615305, 10.653956, 8.775939, 0.171936, 0.053824, 0.756066, 0.730135, 70680.313384, 3180.586157 
87.338976, 16.049558, 8.569401, 0.143939, 0.061574, 1.611312, 0.889147, 88483.350983, 2684.721866 
77.194494, 17.680258, 8.219713, 0.140302, 0.050808, 1.559061, 0.775976, 94109.789766, 2629.905660 
102.447416, 15.922326, 8.479191, 0.163819, 0.058008, 1.472615, 1.181318, 80404.124259, 2756.196520 
99.388621, 15.493402, 8.090523, 0.161192, 0.054031, 1.256174, 0.852440, 82943.276163, 2811.004876 
77.292036, 17.285404, 8.406245, 0.129371, 0.052762, 1.661544, 0.783189, 94245.340701, 2634.002009 
71.608175, 19.779473, 10.854041, 0.047499, 0.050174, 1.532232, 0.980047, 108134.614281, 2370.121417 
70.848348, 19.476328, 9.948545, 0.096524, 0.055206, 1.794112, 0.974502, 93685.499326, 2428.658888 
106.018823, 13.876274, 9.687382, 0.158032, 0.058930, 0.443593, 0.665124, 71701.212485, 2776.523136 
39.506158, 4.979009, 2.694443, 0.049278, 0.123148, 0.487654, 0.487654, 2000000000000000.000000, 1000000000000000.000000 
105.622562, 13.336152, 9.486626, 0.151438, 0.064349, 0.350269, 0.554254, 75554.250814, 2831.219104 
80.626768, 18.400860, 8.564745, 0.143712, 0.051590, 1.405794, 0.838465, 89073.630098, 2554.681406 
93.381749, 16.814928, 8.220885, 0.145489, 0.052751, 1.763432, 1.017711, 85218.928394, 2693.062180 
90.415088, 17.686864, 8.537512, 0.125900, 0.064784, 1.383228, 0.897825, 91279.947271, 2605.314733 
34.978613, 3.869760, 2.185094, 0.038072, 0.106170, 0.374465, 0.374465, 2000000000000000.000000, 1000000000000000.000000 
54.351528, 8.616124, 4.364547, 0.086020, 0.178818, 0.858788, 0.858788, 416575.239272, 5518.178191 
28.992110, 2.403067, 1.511612, 0.023255, 0.083720, 0.224803, 0.224803, 2000000000000000.000000, 1000000000000000.000000 
75.333532, 20.405158, 9.619141, 0.064298, 0.061776, 1.606071, 1.030476, 108459.451444, 2393.157552 
107.583473, 13.284139, 9.272284, 0.156910, 0.055554, 0.512687, 0.578316, 71131.189733, 2867.946572 
71.249436, 22.646950, 9.350341, 0.047454, 0.055050, 1.225102, 1.024610, 123080.703096, 2343.944240 
52.278326, 8.108190, 4.131312, 0.080889, 0.171044, 0.806958, 0.806958, 459785.988520, 6033.493415 
74.521345, 23.294366, 9.586163, 0.051881, 0.052118, 1.185161, 0.980331, 111747.514529, 2310.185241 
78.044557, 17.775627, 8.578567, 0.136558, 0.062592, 1.636022, 0.763675, 93684.126412, 2587.814930 
74.327962, 18.913146, 9.905856, 0.081331, 0.065359, 1.375171, 1.116959, 106216.073973, 2442.736323 
74.391690, 17.320653, 10.932574, 0.074634, 0.059506, 1.500657, 1.031656, 99840.209574, 2486.381009 
76.142394, 21.352111, 9.346431, 0.083619, 0.051967, 1.338012, 0.958617, 96468.270620, 2377.983816 
100.636237, 11.178386, 8.331370, 0.151393, 0.052468, 0.720784, 0.645718, 81826.983374, 3156.915323 
89.510211, 18.677001, 8.560425, 0.134028, 0.072216, 1.185227, 0.902981, 93610.255973, 2557.171683 
97.095869, 12.251478, 9.176388, 0.132559, 0.059141, 0.741889, 0.488614, 80177.330626, 2933.262591 
79.811483, 15.916643, 8.486799, 0.134602, 0.058996, 1.458798, 0.895398, 96132.909765, 2709.678848 
76.526523, 20.302915, 10.043233, 0.092348, 0.053887, 1.803395, 1.264406, 91154.433970, 2370.456197 
111.701885, 10.471386, 8.792195, 0.171351, 0.070848, 0.787877, 0.610337, 73485.341106, 3208.703839 
78.668583, 19.018451, 10.092846, 0.079731, 0.055765, 1.512229, 1.006420, 94240.258743, 2416.116701 
105.164694, 12.142685, 8.851666, 0.160439, 0.054779, 0.385318, 0.537899, 75278.576942, 2998.519178 
96.860789, 11.921777, 10.052032, 0.129357, 0.058153, 0.740244, 0.597523, 76012.068005, 2884.514795 
70.571172, 23.037807, 9.502049, 0.039508, 0.054968, 1.187260, 0.979125, 130582.164469, 2324.636058 
74.983237, 20.237966, 10.209080, 0.095489, 0.059145, 1.790570, 1.166924, 91848.600951, 2366.839372 
102.907330, 12.887585, 10.496831, 0.168970, 0.063636, 0.455172, 0.597716, 67609.437927, 2765.255916 
77.645175, 20.032846, 9.927683, 0.104669, 0.060506, 1.840214, 1.026033, 88466.391123, 2385.692300 
93.303071, 18.018800, 8.448032, 0.130475, 0.058728, 1.418932, 0.857613, 87001.042630, 2610.085717 
78.835576, 19.758124, 9.737803, 0.100471, 0.050307, 1.746046, 1.106807, 87278.441124, 2406.587004 
54.280845, 8.598807, 4.356595, 0.085845, 0.178553, 0.857021, 0.857021, 417914.427099, 5534.163769 
76.633710, 19.363747, 9.604340, 0.095827, 0.070239, 1.734396, 0.974320, 97919.111142, 2433.654586 
87.457688, 16.193178, 8.636896, 0.121324, 0.058362, 1.475053, 0.970628, 91644.258965, 2669.125188 
89.547982, 15.632929, 7.901729, 0.110571, 0.061864, 1.498057, 0.821488, 99331.687799, 2791.060919 
75.887859, 16.679054, 10.360773, 0.082194, 0.051303, 1.404965, 0.904601, 94026.126795, 2543.443518 
69.265771, 20.317195, 10.900544, 0.042187, 0.050881, 1.497282, 0.954916, 114805.338265, 2357.371976 
85.766361, 18.679071, 8.244613, 0.144379, 0.062649, 1.120843, 0.893360, 93932.425930, 2579.795745 
87.420716, 17.792982, 8.262770, 0.140008, 0.068809, 1.340699, 0.858267, 94208.804662, 2621.496427 
68.425308, 19.820934, 11.051998, 0.039836, 0.057493, 1.578983, 0.890017, 121885.321620, 2382.371774 
65.643156, 20.501353, 10.489737, 0.053451, 0.060909, 1.468102, 1.043381, 120375.019437, 2390.085502 
88.778664, 17.956504, 8.358444, 0.133881, 0.063410, 1.319950, 0.881050, 92044.922563, 2606.823230 
102.120181, 15.392373, 8.163353, 0.156595, 0.062138, 1.227902, 0.963338, 85118.083519, 2823.252144 
46.484611, 6.688730, 3.479519, 0.066549, 0.149317, 0.662115, 0.662115, 645998.129699, 8239.962720 
44.501617, 6.202896, 3.256432, 0.061642, 0.141881, 0.612540, 0.612540, 2000000000000000.000000, 1000000000000000.000000 
69.389551, 22.413771, 9.075767, 0.043195, 0.056733, 1.258951, 1.014512, 132500.411586, 2373.371634 
46.904844, 6.791687, 3.526795, 0.067589, 0.150893, 0.672621, 0.672621, 627698.725872, 8024.189836 
108.107116, 10.921230, 8.548224, 0.165756, 0.052700, 0.809584, 0.847846, 74749.495650, 3176.808312 
97.495572, 12.108463, 9.456616, 0.126457, 0.055022, 0.650900, 0.508280, 78265.230318, 2919.273784 
82.861354, 17.501497, 8.279990, 0.154059, 0.050303, 1.491441, 0.866807, 89073.665901, 2628.539599 
31.167118, 2.935944, 1.756301, 0.028639, 0.091877, 0.279178, 0.279178, 2000000000000000.000000, 1000000000000000.000000 
39.503075, 4.978253, 2.694096, 0.049270, 0.123137, 0.487577, 0.487577, 2000000000000000.000000, 1000000000000000.000000 
103.618161, 11.839918, 9.177399, 0.151806, 0.057677, 0.398559, 0.557971, 76060.520736, 2983.311888 
66.260324, 20.240460, 11.120781, 0.051537, 0.054957, 1.498015, 0.920231, 111229.977750, 2377.506451 
102.646230, 11.246636, 9.902996, 0.164467, 0.057539, 0.819259, 0.646235, 67973.642204, 2964.998623 
77.679176, 18.567909, 9.700311, 0.087309, 0.055155, 1.711208, 1.083727, 94750.544063, 2461.765516 
31.602512, 3.042615, 1.805283, 0.029716, 0.093509, 0.290063, 0.290063, 2000000000000000.000000, 1000000000000000.000000 
108.270170, 12.433857, 9.374734, 0.161841, 0.058251, 0.398562, 0.680931, 72341.347307, 2926.751839 
39.435903, 4.961796, 2.686539, 0.049104, 0.122885, 0.485898, 0.485898, 2000000000000000.000000, 1000000000000000.000000 
98.310953, 12.355476, 9.471794, 0.129085, 0.059892, 0.587404, 0.593980, 80727.424317, 2893.506168 
86.438983, 15.751526, 8.153408, 0.144805, 0.072345, 1.648040, 0.930027, 96465.759258, 2748.759569 
92.854814, 17.688298, 8.737047, 0.143157, 0.068785, 1.419214, 0.749885, 85011.147301, 2593.647171 
40.088848, 5.121768, 2.759995, 0.050720, 0.125333, 0.502221, 0.502221, 2000000000000000.000000, 1000000000000000.000000 
34.585162, 3.773365, 2.140831, 0.037098, 0.104694, 0.364629, 0.364629, 2000000000000000.000000, 1000000000000000.000000 
73.322787, 20.417267, 9.934509, 0.092565, 0.054655, 1.728811, 1.075362, 92819.106773, 2378.432791 
91.363706, 16.852398, 8.296480, 0.134776, 0.054339, 1.481944, 0.788857, 86744.915016, 2675.560763 
92.879098, 17.723020, 8.440718, 0.134022, 0.051274, 1.438251, 0.907909, 84716.179674, 2622.274227 
43.769240, 6.023464, 3.174040, 0.059829, 0.139135, 0.594231, 0.594231, 2000000000000000.000000, 1000000000000000.000000 
82.078721, 17.162297, 8.835729, 0.136664, 0.057339, 1.478312, 0.877708, 89300.736330, 2593.354682 
100.496116, 14.961945, 8.004618, 0.154427, 0.052607, 1.315918, 0.911262, 83671.459415, 2862.085025 
72.662283, 17.599147, 10.737007, 0.087010, 0.053973, 1.367044, 0.979381, 94885.948175, 2488.783275 
79.595065, 20.284993, 10.300918, 0.091478, 0.070614, 1.862664, 0.981077, 91285.938380, 2355.416314 
30.983985, 2.891076, 1.735698, 0.028185, 0.091190, 0.274600, 0.274600, 2000000000000000.000000, 1000000000000000.000000 
40.862033, 5.311198, 2.846979, 0.052634, 0.128233, 0.521551, 0.521551, 2000000000000000.000000, 1000000000000000.000000 
46.645848, 6.728233, 3.497658, 0.066948, 0.149922, 0.666146, 0.666146, 638855.855890, 8155.772684 
76.134888, 16.101192, 8.546113, 0.138177, 0.062361, 1.525723, 0.908847, 98983.222251, 2705.174537 
29.916918, 2.629645, 1.615653, 0.025544, 0.087188, 0.247923, 0.247923, 2000000000000000.000000, 1000000000000000.000000 
56.699361, 9.191343, 4.628678, 0.091831, 0.187623, 0.917484, 0.917484, 376526.759210, 5039.815876 
24.318793, 1.258104, 0.985864, 0.011689, 0.066195, 0.107970, 0.107970, 2000000000000000.000000, 1000000000000000.000000 
103.230221, 13.341613, 8.839077, 0.141173, 0.062318, 0.777354, 0.730096, 81466.440958, 2888.806762 
71.367144, 20.438320, 10.692670, 0.044870, 0.053678, 1.510133, 1.029905, 114852.931810, 2348.755851 
56.058704, 9.034383, 4.556604, 0.090245, 0.185220, 0.901468, 0.901468, 386662.679777, 5160.930297 
25.587018, 1.568819, 1.128540, 0.014828, 0.070951, 0.139675, 0.139675, 2000000000000000.000000, 1000000000000000.000000 
103.724723, 15.547524, 8.019476, 0.155078, 0.055757, 1.265985, 0.947622, 83398.670131, 2843.292590 
75.360431, 20.329518, 10.189930, 0.094898, 0.050225, 1.667458, 1.138354, 88295.163822, 2363.567972 
94.766025, 14.764984, 8.717661, 0.172408, 0.060092, 1.263705, 0.868046, 80841.073978, 2766.503630 
98.162721, 14.615970, 8.615624, 0.180488, 0.065885, 1.332565, 0.928555, 80712.236625, 2798.916386 
71.306132, 19.967411, 10.020829, 0.104804, 0.058336, 1.364534, 0.824429, 92446.644797, 2399.732752 
105.883266, 12.722184, 9.259642, 0.153039, 0.066188, 0.692055, 0.535154, 74339.124697, 2903.678684 
103.068310, 13.022419, 10.818540, 0.158294, 0.050409, 0.593052, 0.517517, 60988.753921, 2731.633437 
53.043831, 8.295739, 4.217431, 0.082783, 0.173914, 0.826096, 0.826096, 442828.658295, 5831.392411 
99.367612, 14.968527, 9.308852, 0.183600, 0.060799, 1.338677, 0.923683, 72848.071912, 2709.663941 
74.756685, 18.062224, 11.395561, 0.085352, 0.061585, 1.536697, 1.009424, 92241.641255, 2422.162527 
23.774508, 1.124754, 0.924632, 0.010342, 0.064154, 0.094363, 0.094363, 2000000000000000.000000, 1000000000000000.000000 
93.988425, 16.244948, 8.276216, 0.144792, 0.057878, 1.509046, 1.074957, 87874.477205, 2719.980564 
27.949526, 2.147634, 1.394322, 0.020675, 0.079811, 0.198738, 0.198738, 2000000000000000.000000, 1000000000000000.000000 
66.910761, 20.510675, 10.962151, 0.049333, 0.053462, 1.483857, 0.937111, 111857.127380, 2363.075532 
