34.977994, 3.869609, 2.185024, 0.038071, 0.106167, 0.374450, 0.374450, 2000000000000000.000000, 1000000000000000.000000 
112.988773, 11.020855, 8.826609, 0.180698, 0.068507, 0.746201, 0.597267, 70885.217551, 3152.281006 
107.271243, 13.691686, 9.496220, 0.152550, 0.061006, 0.357604, 0.551573, 73164.822589, 2814.324447 
105.808458, 13.101862, 9.240190, 0.158783, 0.056947, 0.301852, 0.559877, 73960.404239, 2875.275923 
111.666754, 10.781735, 8.880115, 0.178577, 0.052524, 0.713012, 0.737858, 67870.141735, 3161.802684 
91.053432, 17.083415, 9.246849, 0.136795, 0.068844, 1.633149, 1.210364, 86641.792780, 2570.571766 
102.230247, 13.942052, 9.923255, 0.143227, 0.054222, 0.197001, 0.543480, 73029.602831, 2733.451861 
103.663963, 13.222866, 9.277201, 0.158205, 0.058528, 0.390764, 0.664984, 76097.582142, 2851.938084 
79.005200, 21.859904, 9.540307, 0.089431, 0.058288, 1.520171, 0.730979, 90201.038189, 2351.180807 
97.311156, 12.570475, 9.567949, 0.137974, 0.058115, 0.651918, 0.560507, 77419.356917, 2863.540312 
99.220837, 12.073902, 9.328620, 0.124543, 0.050071, 0.631756, 0.447152, 75699.758453, 2936.082649 
74.523475, 19.165080, 10.452767, 0.107524, 0.077862, 1.623225, 1.241080, 98454.888199, 2402.102041 
70.180612, 22.457762, 9.652917, 0.044065, 0.058816, 1.225561, 1.074661, 130132.647267, 2332.617958 
77.535380, 20.846008, 9.601482, 0.087704, 0.053882, 1.320040, 1.035714, 94924.177357, 2376.951351 
97.817158, 11.802060, 9.659024, 0.133619, 0.062482, 0.658704, 0.608881, 79766.096067, 2931.222962 
102.029936, 13.688643, 10.334264, 0.153809, 0.050231, 0.457978, 0.685079, 67224.875718, 2717.042234 
70.639065, 22.629206, 9.057445, 0.047620, 0.069887, 1.180391, 1.016541, 138934.868372, 2365.748987 
47.114739, 6.843111, 3.550408, 0.068109, 0.151680, 0.677868, 0.677868, 618930.884428, 7920.726335 
54.901066, 8.750761, 4.426370, 0.087380, 0.180879, 0.872527, 0.872527, 406450.197691, 5397.292030 
71.580658, 19.708744, 10.060344, 0.088357, 0.060961, 1.697098, 1.131507, 99193.450480, 2408.193707 
84.316352, 22.513189, 9.497727, 0.087358, 0.057005, 1.528520, 0.885756, 89370.914379, 2348.315209 
32.220279, 3.193968, 1.874781, 0.031245, 0.095826, 0.305507, 0.305507, 2000000000000000.000000, 1000000000000000.000000 
110.928044, 12.868460, 9.269917, 0.162045, 0.051226, 0.347973, 0.626260, 68893.736883, 2920.627583 
46.348227, 6.655316, 3.464176, 0.066212, 0.148806, 0.658706, 0.658706, 652161.535336, 8312.587177 
73.157279, 21.029533, 10.220413, 0.092284, 0.058384, 1.691559, 0.852840, 89998.085172, 2341.346453 
77.129732, 23.798124, 10.282307, 0.052269, 0.053391, 1.130918, 0.832690, 103507.670721, 2263.588511 
67.911389, 21.564947, 11.031526, 0.064188, 0.059221, 1.467544, 0.856198, 101487.567781, 2309.132650 
99.052923, 15.605252, 9.089692, 0.145985, 0.060960, 1.589793, 1.087102, 78937.237804, 2691.171126 
109.825176, 11.680217, 8.947012, 0.176023, 0.054067, 0.773863, 0.750969, 69346.045787, 3052.576068 
92.815389, 16.595918, 8.513345, 0.135561, 0.066911, 1.464858, 0.657041, 86563.466850, 2670.114308 
68.541839, 23.713944, 9.502309, 0.060478, 0.061516, 1.283003, 0.918337, 114089.931553, 2310.938288 
106.140391, 12.597954, 10.502691, 0.155001, 0.062324, 0.596727, 0.735127, 67746.608591, 2797.140094 
53.191803, 8.331992, 4.234078, 0.083150, 0.174469, 0.829795, 0.829795, 439693.349347, 5794.006524 
34.878704, 3.845282, 2.173854, 0.037825, 0.105795, 0.371968, 0.371968, 2000000000000000.000000, 1000000000000000.000000 
43.451598, 5.945642, 3.138305, 0.059043, 0.137943, 0.586290, 0.586290, 2000000000000000.000000, 1000000000000000.000000 
66.945153, 22.054325, 9.504779, 0.042035, 0.057635, 1.347660, 1.056728, 133725.835295, 2365.069691 
72.848860, 20.254417, 10.977743, 0.061728, 0.058585, 1.537211, 1.086509, 103399.430091, 2339.238003 
28.229518, 2.216232, 1.425821, 0.021368, 0.080861, 0.205738, 0.205738, 2000000000000000.000000, 1000000000000000.000000 
52.114110, 8.067957, 4.112837, 0.080482, 0.170428, 0.802853, 0.802853, 463593.106691, 6078.842886 
83.411534, 16.750610, 9.011073, 0.140345, 0.053500, 1.417980, 0.859658, 85725.186246, 2600.901457 
77.602931, 17.959850, 10.012591, 0.093459, 0.061077, 1.813008, 1.091899, 93758.849356, 2474.252190 
23.707158, 1.108254, 0.917055, 0.010175, 0.063902, 0.092679, 0.092679, 2000000000000000.000000, 1000000000000000.000000 
52.651120, 8.199524, 4.173251, 0.081812, 0.172442, 0.816278, 0.816278, 451369.596504, 5933.206785 
108.516853, 12.974074, 9.748127, 0.153416, 0.052525, 0.386611, 0.524369, 66951.717120, 2847.531593 
102.673172, 11.431989, 9.627293, 0.160486, 0.059849, 0.741195, 0.624656, 71273.387289, 2973.556317 
58.885878, 9.727040, 4.874661, 0.097243, 0.195822, 0.972147, 0.972147, 345668.146403, 4671.056211 
107.435026, 12.834736, 10.329879, 0.158763, 0.055258, 0.557576, 0.669608, 64619.216324, 2799.338809 
67.570609, 20.747478, 10.872054, 0.044078, 0.052127, 1.385556, 1.011202, 117666.205023, 2350.177899 
92.251216, 16.967286, 7.910174, 0.135135, 0.058638, 1.488690, 0.801953, 91361.772714, 2718.713456 
93.025071, 11.701726, 9.596681, 0.174295, 0.069100, 0.743331, 0.700345, 80613.724928, 2960.079782 
89.828995, 17.109023, 8.192491, 0.143514, 0.053578, 1.426131, 0.890997, 88313.272117, 2669.465466 
112.101637, 11.292971, 8.933498, 0.169181, 0.062245, 0.854400, 0.762659, 71205.278311, 3104.856772 
77.782402, 24.589803, 9.331735, 0.048428, 0.051213, 1.133203, 0.881721, 111752.441072, 2303.590709 
20.390936, 0.295779, 0.543980, 0.001968, 0.051466, 0.009773, 0.009773, 2000000000000000.000000, 1000000000000000.000000 
73.229049, 19.037587, 10.631729, 0.059592, 0.057485, 1.506300, 0.950600, 105157.716237, 2406.177226 
24.356379, 1.267313, 0.990093, 0.011782, 0.066336, 0.108909, 0.108909, 2000000000000000.000000, 1000000000000000.000000 
85.264926, 17.072156, 8.519699, 0.141448, 0.056065, 1.582649, 0.674213, 86671.504969, 2628.211002 
28.793735, 2.354465, 1.489295, 0.022765, 0.082977, 0.219843, 0.219843, 2000000000000000.000000, 1000000000000000.000000 
100.815376, 13.451643, 10.718157, 0.174320, 0.067813, 0.385074, 0.593211, 68690.939312, 2702.222261 
72.107390, 23.196337, 9.429689, 0.053994, 0.068980, 1.149334, 0.974213, 125871.403664, 2323.226475 
30.990461, 2.892663, 1.736427, 0.028201, 0.091214, 0.274762, 0.274762, 2000000000000000.000000, 1000000000000000.000000 
73.403554, 19.835942, 10.979042, 0.053107, 0.051180, 1.456971, 0.939327, 102215.338970, 2354.543752 
103.639842, 13.750923, 9.527305, 0.155050, 0.058570, 0.419147, 0.595157, 73648.756936, 2788.000954 
79.945577, 20.635229, 9.968913, 0.104995, 0.053366, 1.733961, 1.183096, 85598.106079, 2361.872347 
25.821774, 1.626335, 1.154950, 0.015409, 0.071832, 0.145544, 0.145544, 2000000000000000.000000, 1000000000000000.000000 
54.858237, 8.740268, 4.421552, 0.087274, 0.180718, 0.871456, 0.871456, 407221.500053, 5406.502455 
77.776917, 20.950383, 9.216673, 0.091090, 0.057201, 1.327751, 0.922239, 96590.150629, 2399.752222 
74.566333, 24.102955, 9.767297, 0.055561, 0.054829, 1.181132, 0.889206, 107362.816692, 2282.271828 
80.833194, 16.706835, 8.765640, 0.138316, 0.065965, 1.587282, 0.868763, 92973.834910, 2628.153102 
94.477419, 11.417607, 10.124051, 0.130442, 0.057006, 0.797136, 0.627215, 76979.793277, 2942.079505 
20.424493, 0.304001, 0.547755, 0.002051, 0.051592, 0.010612, 0.010612, 2000000000000000.000000, 1000000000000000.000000 
95.115063, 16.140587, 8.074618, 0.151941, 0.063571, 1.785485, 1.005681, 88139.680884, 2754.604965 
70.791002, 22.680145, 9.007101, 0.060608, 0.053044, 1.324696, 0.989958, 112580.257912, 2367.756918 
69.812657, 20.760027, 10.086901, 0.112167, 0.053915, 1.291042, 0.795940, 89574.411207, 2369.445202 
35.995333, 4.118857, 2.299475, 0.040588, 0.109982, 0.399883, 0.399883, 2000000000000000.000000, 1000000000000000.000000 
46.727747, 6.748298, 3.506872, 0.067151, 0.150229, 0.668194, 0.668194, 635286.357154, 8113.684343 
42.174153, 5.632667, 2.994592, 0.055881, 0.133153, 0.554354, 0.554354, 2000000000000000.000000, 1000000000000000.000000 
110.422877, 9.991126, 9.078486, 0.165068, 0.058453, 0.787403, 0.776966, 70416.170073, 3218.797427 
99.063775, 15.587432, 10.564911, 0.153510, 0.057447, 0.663345, 0.687948, 68584.467274, 2576.387518 
68.164538, 20.525863, 11.190591, 0.053605, 0.059055, 1.527584, 0.941082, 109626.212444, 2345.961550 
94.230734, 16.038383, 9.179712, 0.164773, 0.064599, 1.290604, 0.833442, 78833.681032, 2640.155207 
96.686586, 15.387800, 9.329917, 0.149894, 0.058230, 1.601112, 1.086142, 76989.446641, 2672.281190 
73.190996, 19.775227, 10.537627, 0.047393, 0.050822, 1.532383, 1.023917, 109959.301424, 2375.795755 
29.124307, 2.435455, 1.526485, 0.023583, 0.084216, 0.228108, 0.228108, 2000000000000000.000000, 1000000000000000.000000 
35.996144, 4.119055, 2.299566, 0.040590, 0.109986, 0.399904, 0.399904, 2000000000000000.000000, 1000000000000000.000000 
111.815486, 10.925652, 9.043412, 0.167835, 0.056850, 0.714652, 0.770687, 69696.718802, 3125.105953 
43.975844, 6.074082, 3.197282, 0.060340, 0.139909, 0.599396, 0.599396, 2000000000000000.000000, 1000000000000000.000000 
80.087647, 22.863563, 9.551353, 0.093722, 0.052567, 1.595199, 0.870202, 86926.296412, 2327.335470 
100.343394, 12.463430, 10.604853, 0.178708, 0.067611, 0.549925, 0.598877, 67947.965828, 2787.051006 
77.897196, 20.612741, 10.003172, 0.092796, 0.058259, 1.842592, 1.123106, 90343.414540, 2360.630986 
93.226816, 16.216273, 8.730581, 0.129527, 0.062339, 1.519197, 1.013150, 87541.032585, 2669.788267 
107.695674, 14.259622, 9.062826, 0.139000, 0.057994, 0.637537, 0.664205, 76313.585282, 2824.326702 
110.778572, 11.290833, 8.378429, 0.177058, 0.072548, 0.738474, 0.633152, 78292.224482, 3176.567053 
32.005241, 3.141284, 1.850590, 0.030713, 0.095020, 0.300131, 0.300131, 2000000000000000.000000, 1000000000000000.000000 
103.961348, 14.742547, 9.498605, 0.163865, 0.056973, 0.588713, 0.621857, 71198.549808, 2727.978496 
76.522576, 23.793066, 9.535415, 0.046134, 0.056092, 1.183062, 1.084623, 121603.196258, 2303.691521 
95.977345, 12.469113, 9.177062, 0.121635, 0.063264, 0.676794, 0.464918, 84591.798952, 2911.477247 
74.617029, 20.951710, 9.428601, 0.085376, 0.051531, 1.393667, 0.955428, 96039.633238, 2386.851616 
106.701734, 11.874686, 9.432887, 0.167235, 0.064254, 0.392806, 0.666140, 74091.422115, 2961.571943 
78.225888, 19.202683, 10.103402, 0.086159, 0.059567, 1.756659, 1.102273, 93493.413837, 2408.274534 
73.026103, 18.802441, 9.596970, 0.088095, 0.075866, 1.685696, 1.058651, 108275.280275, 2471.746929 
107.020753, 13.148232, 9.527590, 0.170011, 0.067449, 0.457066, 0.674277, 73601.744084, 2848.238916 
92.746923, 16.440872, 8.659511, 0.125594, 0.058393, 1.573602, 1.012342, 87263.323611, 2663.060163 
88.981047, 17.328741, 8.910294, 0.150494, 0.065360, 1.727425, 0.849721, 83465.853228, 2582.911770 
90.927390, 16.322192, 8.849033, 0.143119, 0.059724, 1.583173, 1.146236, 85713.065733, 2646.129360 
83.473545, 16.623991, 8.676782, 0.137673, 0.062716, 1.475752, 0.923953, 92056.934255, 2638.398765 
47.225370, 6.870216, 3.562854, 0.068383, 0.152095, 0.680634, 0.680634, 614404.726501, 7867.295661 
31.338683, 2.977977, 1.775602, 0.029063, 0.092520, 0.283467, 0.283467, 2000000000000000.000000, 1000000000000000.000000 
20.875727, 0.414553, 0.598519, 0.003167, 0.053284, 0.021893, 0.021893, 2000000000000000.000000, 1000000000000000.000000 
92.741160, 17.590754, 8.482023, 0.124495, 0.067107, 1.383640, 0.947958, 92266.775433, 2623.445430 
53.163692, 8.325104, 4.230915, 0.083080, 0.174364, 0.829092, 0.829092, 440285.570110, 5801.068885 
69.524702, 22.469986, 9.397778, 0.041643, 0.061016, 1.178378, 0.889480, 133380.103472, 2349.468728 
48.339185, 7.143100, 3.688158, 0.071139, 0.156272, 0.708480, 0.708480, 572189.128479, 7368.269307 
108.411745, 13.051136, 8.955362, 0.132077, 0.057425, 0.600363, 0.657029, 77856.413041, 2926.221900 
52.429826, 8.145307, 4.148355, 0.081264, 0.171612, 0.810746, 0.810746, 456328.324869, 5992.298393 
93.743196, 16.729640, 8.518501, 0.155246, 0.062528, 1.594007, 1.098700, 85614.802782, 2665.694461 
24.393519, 1.276412, 0.994271, 0.011874, 0.066476, 0.109838, 0.109838, 2000000000000000.000000, 1000000000000000.000000 
72.455791, 22.919081, 9.917321, 0.053193, 0.069619, 1.311934, 1.022866, 122407.701533, 2301.187550 
78.255143, 19.701610, 9.854817, 0.104476, 0.060629, 1.693382, 1.126814, 90746.415537, 2402.081780 
104.157521, 11.557331, 8.845095, 0.159812, 0.054823, 0.773150, 0.846841, 76662.036644, 3053.352707 
102.494993, 12.139780, 8.910221, 0.162861, 0.059869, 0.360825, 0.484503, 77462.872552, 2982.213245 
83.688901, 17.929356, 8.504804, 0.133198, 0.060579, 1.632354, 0.781438, 90367.974889, 2584.105507 
42.314071, 5.666947, 3.010333, 0.056227, 0.133678, 0.557852, 0.557852, 2000000000000000.000000, 1000000000000000.000000 
97.303990, 11.544751, 9.870513, 0.127799, 0.056472, 0.739374, 0.558537, 76124.330496, 2940.123535 
72.231626, 20.071620, 11.241382, 0.056384, 0.051310, 1.478216, 1.024716, 100805.965634, 2340.480836 
93.988948, 16.808441, 8.433025, 0.129670, 0.053576, 1.555060, 0.918344, 85321.952030, 2671.757159 
92.579152, 16.373627, 8.359337, 0.149750, 0.051734, 1.776277, 0.992952, 83507.544443, 2698.428402 
74.561950, 23.246846, 9.461291, 0.047512, 0.064706, 1.262404, 1.068300, 128120.857560, 2319.104524 
