59.777424, 9.945469, 4.974960, 0.099449, 0.199165, 0.994436, 0.994436, 334524.832517, 4537.945830 
76.876341, 21.122355, 10.974285, 0.108432, 0.068061, 1.580669, 1.184190, 87384.027399, 2299.339142 
101.280917, 13.736018, 9.649458, 0.156087, 0.051881, 0.316069, 0.420074, 70380.849113, 2768.166489 
73.779991, 20.785364, 11.126716, 0.097294, 0.051955, 1.622402, 1.241001, 85457.169685, 2310.421746 
83.678044, 17.453943, 8.578311, 0.146409, 0.054391, 1.627453, 1.030772, 88621.122118, 2601.019959 
67.123674, 21.711747, 9.681144, 0.114754, 0.063943, 1.266429, 0.790783, 96437.010411, 2366.353860 
105.637417, 13.431735, 9.760115, 0.144342, 0.051429, 0.371692, 0.600865, 70237.891631, 2798.168846 
91.678958, 16.798754, 8.994784, 0.135339, 0.066494, 1.507961, 0.965600, 86051.345484, 2608.550888 
78.431998, 19.539270, 9.862892, 0.111689, 0.053435, 1.571605, 1.173527, 87457.503933, 2407.868950 
102.393024, 10.716638, 9.862590, 0.173140, 0.072539, 0.791065, 0.752964, 73707.219003, 3027.991059 
82.642155, 25.103402, 9.567671, 0.038408, 0.050211, 1.303625, 0.776700, 112221.827642, 2292.707455 
98.832367, 10.051724, 9.996238, 0.174439, 0.058768, 0.690945, 0.575518, 69572.283114, 3110.361213 
101.668546, 14.348960, 10.777729, 0.152012, 0.059866, 0.435733, 0.607369, 67851.439848, 2641.830913 
72.160719, 23.449328, 9.307377, 0.047939, 0.064031, 1.065511, 0.924239, 128831.364948, 2325.014992 
68.857597, 23.174236, 9.801549, 0.046997, 0.051122, 1.267071, 0.881582, 114433.254324, 2306.978447 
77.011884, 23.371838, 9.822241, 0.055188, 0.053546, 1.166094, 0.882216, 105513.905092, 2295.902212 
52.988751, 8.282244, 4.211234, 0.082647, 0.173708, 0.824719, 0.824719, 444007.113343, 5845.443104 
79.159647, 19.709680, 10.657895, 0.119800, 0.060677, 1.462917, 1.167846, 83936.237607, 2359.023723 
75.025520, 23.270831, 10.311237, 0.053145, 0.052841, 1.228433, 0.869325, 103518.862744, 2271.721249 
84.923691, 17.507424, 8.940336, 0.161945, 0.054400, 1.822425, 0.934540, 81926.544050, 2565.587990 
75.482718, 19.892392, 11.019315, 0.088238, 0.063214, 1.611137, 1.260798, 93756.946890, 2343.532813 
78.503209, 24.398857, 10.122024, 0.038872, 0.055573, 1.082070, 0.899742, 121074.219121, 2262.735797 
104.954564, 14.446414, 9.797346, 0.146956, 0.054320, 0.194857, 0.351402, 69452.050539, 2724.766594 
94.184793, 16.126107, 9.525040, 0.167618, 0.068241, 1.311366, 0.873328, 77285.799870, 2605.861482 
93.318504, 14.752361, 9.358517, 0.165380, 0.053626, 1.242843, 0.805237, 75247.204104, 2702.545729 
71.100017, 20.175679, 10.993202, 0.100751, 0.063074, 1.533304, 1.260801, 93856.643813, 2349.952384 
64.290315, 20.593183, 10.040765, 0.116130, 0.053142, 1.243883, 0.744749, 94248.539336, 2415.448773 
80.780990, 17.917577, 8.909102, 0.158100, 0.060857, 1.840587, 0.940880, 86652.512493, 2547.506464 
105.347245, 15.789022, 10.490674, 0.147049, 0.056280, 0.489446, 0.645320, 67172.249450, 2602.885045 
24.514026, 1.305936, 1.007828, 0.012172, 0.066928, 0.112851, 0.112851, 2000000000000000.000000, 1000000000000000.000000 
102.869588, 15.165515, 10.463935, 0.146758, 0.059259, 0.432646, 0.684741, 70473.892022, 2621.766366 
77.698350, 23.336495, 10.492558, 0.124046, 0.065422, 1.511994, 0.837519, 81006.212121, 2263.677637 
107.768774, 14.673757, 10.628320, 0.153527, 0.060008, 0.466336, 0.722624, 66714.771552, 2664.071714 
79.966926, 19.775802, 10.545896, 0.099089, 0.064097, 1.632521, 1.133865, 88579.759409, 2361.243148 
102.871683, 13.984917, 9.572081, 0.139257, 0.059563, 0.299178, 0.422254, 75091.457044, 2764.171352 
36.258761, 4.183396, 2.329111, 0.041240, 0.110970, 0.406469, 0.406469, 2000000000000000.000000, 1000000000000000.000000 
45.745763, 6.507712, 3.396398, 0.064721, 0.146547, 0.643644, 0.643644, 2000000000000000.000000, 1000000000000000.000000 
80.820722, 22.450452, 9.193438, 0.086162, 0.064862, 1.651191, 0.948208, 97127.584543, 2362.484917 
94.748068, 17.058546, 7.806441, 0.152910, 0.065254, 1.695664, 0.975831, 91376.824183, 2737.747543 
96.502714, 17.076093, 9.091431, 0.157704, 0.055623, 1.394990, 0.868331, 76170.143338, 2603.570784 
42.032247, 5.597901, 2.978628, 0.055530, 0.132621, 0.550806, 0.550806, 2000000000000000.000000, 1000000000000000.000000 
66.989777, 21.496687, 10.549469, 0.115832, 0.057143, 1.384090, 0.737241, 88173.839227, 2334.301593 
84.899620, 17.336329, 8.628141, 0.161665, 0.057722, 1.979651, 1.073326, 85799.339964, 2603.067050 
65.004766, 21.180756, 9.802095, 0.105626, 0.072500, 1.190354, 0.745778, 103382.654280, 2393.615049 
47.276401, 6.882718, 3.568595, 0.068509, 0.152286, 0.681910, 0.681910, 612338.562510, 7842.900379 
80.223688, 18.332111, 8.461668, 0.154160, 0.056388, 1.802632, 1.064231, 90658.884132, 2567.967044 
65.506764, 21.383960, 10.348696, 0.109440, 0.054634, 1.177416, 0.792846, 92691.363700, 2356.469063 
75.289716, 20.168826, 10.684558, 0.099038, 0.058109, 1.468000, 1.201200, 90040.710053, 2346.639067 
110.948101, 13.633826, 10.308600, 0.171018, 0.062593, 0.421154, 0.605080, 64474.285823, 2768.434616 
93.956908, 13.580915, 9.206120, 0.162749, 0.060280, 1.275269, 0.828249, 78529.899831, 2806.722565 
103.698453, 14.105612, 9.321186, 0.155504, 0.050728, 0.483888, 0.581968, 71659.517785, 2783.903088 
68.305646, 20.588297, 11.442464, 0.055742, 0.056991, 1.522364, 1.062061, 107570.879906, 2335.095935 
59.813116, 9.954213, 4.978976, 0.099537, 0.199299, 0.995328, 0.995328, 334094.157629, 4532.802619 
80.291277, 20.999650, 10.735849, 0.107465, 0.057867, 1.626714, 1.250745, 83202.346020, 2312.486592 
21.577261, 0.586429, 0.677442, 0.004904, 0.055915, 0.039432, 0.039432, 2000000000000000.000000, 1000000000000000.000000 
38.913735, 4.833865, 2.627795, 0.047811, 0.120927, 0.472843, 0.472843, 2000000000000000.000000, 1000000000000000.000000 
47.280380, 6.883693, 3.569043, 0.068519, 0.152301, 0.682010, 0.682010, 612178.021349, 7841.004630 
94.097244, 16.805164, 9.390596, 0.164236, 0.053908, 1.309174, 0.788886, 73952.339039, 2581.373051 
106.531577, 14.159435, 10.373903, 0.135808, 0.063372, 0.396324, 0.502046, 70379.521085, 2704.016634 
76.511181, 19.794185, 11.329627, 0.098550, 0.052229, 1.621845, 1.288124, 83573.768783, 2333.535929 
75.679858, 22.432910, 9.798274, 0.064062, 0.051897, 1.268167, 0.780766, 98231.085133, 2318.711741 
92.423529, 17.022631, 8.351143, 0.172868, 0.072930, 1.202565, 0.944289, 89369.507997, 2664.056551 
75.801543, 23.368605, 10.050302, 0.049524, 0.051342, 1.045131, 0.788880, 106675.936852, 2282.726214 
56.211473, 9.071811, 4.573791, 0.090623, 0.185793, 0.905287, 0.905287, 384195.777015, 5131.455283 
77.100955, 20.382374, 10.707287, 0.093476, 0.066778, 1.616557, 1.134775, 92008.561642, 2334.497263 
107.447988, 13.481114, 10.580876, 0.156040, 0.055857, 0.352484, 0.592191, 64498.408244, 2735.165085 
93.005064, 16.672303, 9.082836, 0.139889, 0.080416, 1.619075, 0.957993, 87585.248528, 2610.961204 
80.933507, 17.178586, 9.053844, 0.147386, 0.051170, 1.443795, 0.804323, 84872.847440, 2575.214424 
72.882849, 23.631145, 9.859072, 0.043401, 0.058157, 1.048585, 0.795395, 120911.011703, 2286.975647 
40.778279, 5.290678, 2.837556, 0.052426, 0.127919, 0.519457, 0.519457, 2000000000000000.000000, 1000000000000000.000000 
89.995550, 18.115846, 8.991444, 0.140438, 0.057335, 1.731814, 1.047317, 82529.553161, 2541.936648 
84.661912, 17.500316, 8.360923, 0.153579, 0.057377, 1.931144, 1.079192, 89100.965213, 2621.175381 
42.747121, 5.773045, 3.059051, 0.057299, 0.135302, 0.568678, 0.568678, 2000000000000000.000000, 1000000000000000.000000 
77.905091, 24.427606, 9.074198, 0.030044, 0.071464, 1.276611, 0.895941, 159414.426246, 2324.498743 
96.542744, 16.126550, 9.180002, 0.173801, 0.053581, 1.282551, 0.887593, 74137.438490, 2643.315236 
94.585913, 17.186336, 8.672021, 0.143842, 0.061349, 1.648786, 0.929424, 83101.575799, 2630.174270 
81.692803, 25.288535, 9.137321, 0.042365, 0.055515, 1.088650, 0.914430, 122545.277275, 2314.989661 
101.310918, 9.827601, 9.972238, 0.168997, 0.063461, 0.687116, 0.564125, 69862.307101, 3132.997390 
100.112013, 10.360263, 10.060389, 0.166883, 0.056435, 0.648408, 0.526056, 67918.347994, 3056.734594 
80.680834, 20.904712, 10.434179, 0.092886, 0.062472, 1.628192, 1.183201, 89702.519672, 2329.415117 
96.912193, 17.888903, 8.017023, 0.151595, 0.053081, 1.761753, 0.893074, 83751.548373, 2682.200533 
35.633662, 4.030247, 2.258787, 0.039693, 0.108626, 0.390842, 0.390842, 2000000000000000.000000, 1000000000000000.000000 
49.455021, 7.416480, 3.813690, 0.073901, 0.160456, 0.736376, 0.736376, 535226.605521, 6930.315816 
59.854011, 9.964233, 4.983576, 0.099639, 0.199453, 0.996350, 0.996350, 333602.111733, 4526.926589 
94.691755, 18.208652, 8.603097, 0.149197, 0.066005, 1.808606, 0.829763, 82544.716430, 2592.145002 
79.719057, 22.185349, 9.259300, 0.090289, 0.058161, 1.626800, 0.995478, 93927.719261, 2362.525508 
31.274690, 2.962299, 1.768403, 0.028905, 0.092280, 0.281867, 0.281867, 2000000000000000.000000, 1000000000000000.000000 
101.900357, 15.190123, 10.474613, 0.171288, 0.066799, 0.445135, 0.682610, 70010.080313, 2615.123882 
32.043433, 3.150641, 1.854886, 0.030808, 0.095163, 0.301086, 0.301086, 2000000000000000.000000, 1000000000000000.000000 
97.041540, 14.587096, 9.519225, 0.160764, 0.051467, 1.265211, 0.798599, 71545.807863, 2707.412061 
83.530656, 18.236428, 8.842367, 0.164850, 0.059109, 1.894741, 1.035277, 84576.335229, 2537.845962 
57.527482, 9.394233, 4.721842, 0.093881, 0.190728, 0.938187, 0.938187, 364198.238978, 4892.484073 
76.023310, 23.433815, 10.462362, 0.049360, 0.058348, 1.136939, 0.875936, 110153.009170, 2261.631749 
31.070681, 2.912317, 1.745452, 0.028400, 0.091515, 0.276767, 0.276767, 2000000000000000.000000, 1000000000000000.000000 
92.993790, 17.076091, 8.512982, 0.138843, 0.059219, 1.722819, 1.043488, 85987.942884, 2645.869646 
88.010284, 17.773169, 8.674639, 0.147038, 0.050180, 1.721134, 0.917360, 82520.142648, 2581.417011 
24.928818, 1.407560, 1.054492, 0.013199, 0.068483, 0.123220, 0.123220, 2000000000000000.000000, 1000000000000000.000000 
35.963223, 4.110990, 2.295863, 0.040509, 0.109862, 0.399081, 0.399081, 2000000000000000.000000, 1000000000000000.000000 
73.219788, 23.546523, 9.858641, 0.067017, 0.062644, 1.223254, 0.809298, 104023.859841, 2288.778104 
94.619796, 17.405016, 8.420602, 0.169992, 0.058014, 1.137352, 0.921732, 83645.916413, 2646.290203 
116.793304, 13.005248, 9.788740, 0.162862, 0.067893, 0.394222, 0.594555, 67821.121862, 2902.646506 
76.571072, 24.357287, 10.315694, 0.051104, 0.055125, 1.067559, 0.986432, 109443.927764, 2251.210615 
78.031030, 19.910123, 10.863788, 0.122979, 0.050200, 1.574357, 1.250874, 79180.895825, 2343.796863 
76.961820, 19.509191, 10.728254, 0.091762, 0.057120, 1.578877, 1.118397, 89033.040733, 2367.233132 
91.551174, 17.833352, 9.077655, 0.136523, 0.075937, 1.618464, 0.926699, 86817.834665, 2551.468340 
96.881780, 15.153062, 9.243521, 0.165279, 0.057002, 1.308936, 0.753684, 74125.429796, 2695.062434 
22.862753, 0.901375, 0.822060, 0.008085, 0.060735, 0.071569, 0.071569, 2000000000000000.000000, 1000000000000000.000000 
77.040809, 21.129857, 10.763626, 0.099114, 0.068870, 1.583187, 1.212309, 91536.820842, 2307.472969 
50.654910, 7.710453, 3.948677, 0.076871, 0.164956, 0.766373, 0.766373, 500377.431487, 6516.520519 
81.353672, 17.092470, 8.881058, 0.140907, 0.065757, 1.398912, 1.026515, 93473.469156, 2594.098302 
31.478646, 3.012268, 1.791348, 0.029410, 0.093045, 0.286966, 0.286966, 2000000000000000.000000, 1000000000000000.000000 
103.629217, 14.808441, 9.950146, 0.156695, 0.062959, 0.521651, 0.731929, 72976.051140, 2683.532709 
51.383190, 7.888882, 4.030609, 0.078673, 0.167687, 0.784580, 0.784580, 481324.763494, 6289.935751 
74.199687, 20.756340, 11.134156, 0.102305, 0.066458, 1.524111, 1.133971, 89514.989127, 2310.061557 
31.266810, 2.960368, 1.767516, 0.028885, 0.092251, 0.281670, 0.281670, 2000000000000000.000000, 1000000000000000.000000 
69.939112, 23.458870, 10.308996, 0.051398, 0.055469, 1.209383, 0.900339, 110765.694769, 2271.777447 
100.851086, 9.709346, 9.530749, 0.167336, 0.064854, 0.812726, 0.560278, 72929.630329, 3200.521480 
77.637242, 21.277562, 9.895467, 0.052853, 0.052446, 1.297276, 0.724264, 102620.815946, 2345.530997 
40.757058, 5.285479, 2.835169, 0.052374, 0.127839, 0.518926, 0.518926, 2000000000000000.000000, 1000000000000000.000000 
95.455746, 15.506536, 9.005004, 0.166458, 0.054842, 1.279731, 0.807410, 76530.786016, 2691.174523 
95.931499, 18.343121, 8.064586, 0.147587, 0.062476, 1.845630, 0.961661, 87025.612629, 2651.840011 
99.644476, 8.922307, 9.954498, 0.169171, 0.065454, 0.892608, 0.673560, 72115.061050, 3287.319945 
72.110178, 23.140979, 10.184063, 0.043627, 0.059526, 1.210199, 0.934367, 121912.186160, 2282.275204 
115.141115, 16.572813, 10.348607, 0.171578, 0.054657, 0.448078, 0.534887, 59971.460244, 2659.807654 
74.572330, 21.740112, 10.213430, 0.044848, 0.056611, 1.280535, 0.977936, 117793.995843, 2316.269643 
100.903558, 13.479401, 10.605627, 0.169438, 0.076595, 0.427536, 0.592795, 72266.071385, 2708.394320 
101.020096, 9.527627, 9.648871, 0.167192, 0.061784, 0.802538, 0.651619, 72189.742488, 3213.538200 
78.295793, 24.638920, 9.145859, 0.045860, 0.053231, 1.154325, 0.914966, 117496.361363, 2316.352641 
