76.003482, 24.392788, 10.296669, 0.054999, 0.069978, 1.188083, 0.911128, 114032.221389, 2250.826128 
102.468360, 12.063068, 9.506109, 0.158957, 0.060544, 0.773471, 0.656918, 72805.384489, 2923.396646 
78.728103, 19.995243, 10.415143, 0.098674, 0.061446, 1.522421, 1.177743, 90224.972374, 2360.242122 
46.251828, 6.631698, 3.453331, 0.065973, 0.148444, 0.656296, 0.656296, 656587.218449, 8364.720375 
79.444684, 22.402380, 9.377294, 0.088371, 0.054874, 1.636468, 1.013985, 92331.449156, 2348.521939 
78.152583, 20.577250, 10.066229, 0.092392, 0.063581, 1.817842, 1.072304, 91735.451800, 2358.244787 
20.576990, 0.341363, 0.564911, 0.002428, 0.052164, 0.014425, 0.014425, 2000000000000000.000000, 1000000000000000.000000 
108.384492, 10.636882, 9.256228, 0.165362, 0.069468, 0.658581, 0.802645, 75986.458521, 3113.465532 
82.992507, 16.856646, 8.747995, 0.139426, 0.053106, 1.334630, 0.780469, 87719.150951, 2618.197357 
79.300125, 24.023950, 9.269879, 0.042101, 0.051654, 1.103263, 0.844767, 117938.297106, 2320.713186 
86.174037, 17.685516, 8.564872, 0.154896, 0.052009, 1.890708, 1.045759, 84593.007114, 2592.947927 
72.004435, 23.378118, 9.876770, 0.055776, 0.060549, 1.230834, 0.866011, 111481.496802, 2292.436054 
34.515755, 3.756360, 2.133022, 0.036926, 0.104434, 0.362894, 0.362894, 2000000000000000.000000, 1000000000000000.000000 
111.926676, 10.353617, 8.755743, 0.171189, 0.058030, 0.696620, 0.695310, 70937.883930, 3228.677589 
105.583110, 13.760796, 10.074760, 0.136811, 0.058973, 0.389813, 0.529814, 71275.849728, 2747.792433 
37.030344, 4.372434, 2.415914, 0.043150, 0.113864, 0.425759, 0.425759, 2000000000000000.000000, 1000000000000000.000000 
21.987279, 0.686883, 0.723569, 0.005919, 0.057452, 0.049682, 0.049682, 2000000000000000.000000, 1000000000000000.000000 
94.051997, 16.275397, 8.409000, 0.129218, 0.054896, 1.610036, 0.905040, 85771.297562, 2703.359454 
106.377727, 11.762239, 9.625038, 0.162167, 0.072179, 0.730325, 0.617856, 72862.248855, 2949.936672 
110.446389, 13.306583, 10.471006, 0.147135, 0.063956, 0.457885, 0.468895, 65262.552703, 2772.287216 
78.628463, 20.105303, 10.509690, 0.099339, 0.055118, 1.624702, 1.165978, 85952.245790, 2351.779109 
111.944652, 13.419761, 9.927456, 0.162255, 0.061067, 0.332552, 0.575618, 67204.923013, 2822.285035 
53.664493, 8.447801, 4.287255, 0.084320, 0.176242, 0.841612, 0.841612, 429967.906060, 5678.003819 
103.015388, 13.448557, 9.556171, 0.141654, 0.057799, 0.137723, 0.574434, 77915.841940, 2804.350990 
107.074172, 13.796079, 9.416619, 0.161350, 0.059267, 0.349693, 0.592018, 72594.249579, 2813.992613 
26.909679, 1.892871, 1.277339, 0.018101, 0.075911, 0.172742, 0.172742, 2000000000000000.000000, 1000000000000000.000000 
35.526650, 4.004029, 2.246748, 0.039428, 0.108225, 0.388166, 0.388166, 2000000000000000.000000, 1000000000000000.000000 
34.290137, 3.701083, 2.107640, 0.036368, 0.103588, 0.357253, 0.357253, 2000000000000000.000000, 1000000000000000.000000 
41.297015, 5.417769, 2.895914, 0.053710, 0.129864, 0.532425, 0.532425, 2000000000000000.000000, 1000000000000000.000000 
78.269168, 24.571959, 9.618084, 0.053823, 0.056773, 1.108844, 0.934508, 110657.641657, 2286.820495 
105.976582, 14.007972, 9.807941, 0.135825, 0.054153, 0.247930, 0.575644, 72962.264288, 2756.826492 
40.266441, 5.165278, 2.779975, 0.051159, 0.125999, 0.506661, 0.506661, 2000000000000000.000000, 1000000000000000.000000 
41.409851, 5.445413, 2.908608, 0.053989, 0.130287, 0.535246, 0.535246, 2000000000000000.000000, 1000000000000000.000000 
57.426970, 9.369608, 4.710534, 0.093632, 0.190351, 0.935674, 0.935674, 365650.561243, 4909.840299 
71.394871, 20.393036, 11.310274, 0.058317, 0.067633, 1.565434, 0.977215, 108514.215907, 2328.717689 
74.874956, 23.566050, 10.170249, 0.056991, 0.053116, 1.108810, 0.905462, 103833.990034, 2272.073804 
75.340515, 20.377998, 10.043913, 0.091664, 0.056834, 1.797089, 1.141573, 92177.414176, 2369.463800 
79.998162, 20.005966, 9.311977, 0.074804, 0.060858, 1.223727, 0.991841, 105042.517299, 2425.765623 
54.135802, 8.563272, 4.340278, 0.085486, 0.178009, 0.853395, 0.853395, 420689.634857, 5567.288087 
50.215186, 7.602720, 3.899208, 0.075783, 0.163307, 0.755380, 0.755380, 512618.004147, 6661.960391 
99.841382, 14.098959, 9.561811, 0.156827, 0.053206, 0.514185, 0.633852, 73129.972238, 2745.437423 
74.291444, 23.042761, 9.902451, 0.057909, 0.061569, 1.247122, 0.809139, 107943.276220, 2297.800207 
82.806474, 17.314079, 8.937313, 0.138819, 0.053136, 1.411482, 0.872357, 86550.668553, 2575.681100 
50.852092, 7.758763, 3.970860, 0.077359, 0.165695, 0.771302, 0.771302, 495073.583825, 6453.469099 
85.441781, 22.451673, 9.458502, 0.092689, 0.060786, 1.504773, 0.942102, 90136.532242, 2355.645720 
47.010270, 6.817516, 3.538655, 0.067850, 0.151289, 0.675257, 0.675257, 623264.859843, 7971.875219 
73.618299, 23.104346, 9.846921, 0.048120, 0.059264, 1.093333, 0.777887, 115983.367193, 2299.592578 
112.801009, 10.792881, 9.145081, 0.166451, 0.057744, 0.746516, 0.750123, 68372.809122, 3130.597371 
26.090971, 1.692288, 1.185234, 0.016075, 0.072841, 0.152274, 0.152274, 2000000000000000.000000, 1000000000000000.000000 
89.682955, 17.653179, 9.115675, 0.141606, 0.063839, 1.678445, 0.999417, 83566.875093, 2550.993930 
80.374374, 20.390796, 9.639099, 0.093386, 0.050137, 1.789792, 1.164603, 88378.707669, 2390.151456 
28.601296, 2.307318, 1.467646, 0.022288, 0.082255, 0.215032, 0.215032, 2000000000000000.000000, 1000000000000000.000000 
81.451664, 16.577883, 8.690934, 0.143725, 0.051215, 1.271263, 0.858983, 89343.815679, 2641.984280 
78.287627, 20.674175, 10.155463, 0.082110, 0.063587, 1.781194, 1.149770, 95631.752631, 2350.172514 
111.088126, 11.603378, 8.723432, 0.164924, 0.054311, 0.727432, 0.795785, 72473.865335, 3097.270423 
80.645765, 23.720297, 9.733917, 0.060030, 0.059736, 1.127840, 0.808941, 104031.396605, 2299.896913 
70.491132, 23.343590, 10.140942, 0.073676, 0.068265, 1.261266, 0.996758, 106861.855419, 2281.598002 
98.746517, 15.784769, 10.920664, 0.149902, 0.054010, 0.678086, 0.642836, 65594.391156, 2543.870175 
78.319147, 24.309013, 9.910317, 0.056767, 0.068312, 1.212669, 0.888009, 112081.970165, 2274.851562 
105.997752, 10.547627, 9.092502, 0.173986, 0.067041, 0.650640, 0.754662, 75980.416253, 3138.620860 
91.561746, 17.587635, 8.244925, 0.155184, 0.070929, 1.716922, 1.064662, 90635.495697, 2645.126811 
78.129731, 20.755359, 10.953516, 0.107021, 0.063121, 1.549061, 1.234910, 86090.578326, 2310.810185 
102.719774, 14.229396, 9.904379, 0.161580, 0.063283, 0.500828, 0.706179, 73048.611104, 2718.153758 
54.014829, 8.533633, 4.326668, 0.085187, 0.177556, 0.850371, 0.850371, 423032.706930, 5595.251566 
103.868774, 14.321753, 10.518039, 0.150079, 0.058730, 0.439503, 0.641466, 68422.351956, 2670.207433 
75.660189, 20.120251, 10.733061, 0.097999, 0.058305, 1.603262, 1.214958, 89152.910811, 2345.583886 
37.047089, 4.376537, 2.417798, 0.043192, 0.113927, 0.426177, 0.426177, 2000000000000000.000000, 1000000000000000.000000 
94.640972, 16.039807, 9.095853, 0.167579, 0.058954, 1.299442, 0.880870, 77742.302445, 2648.953883 
102.074523, 12.624031, 9.432861, 0.147634, 0.062964, 0.191730, 0.560036, 79794.021525, 2879.301007 
71.609292, 23.653568, 9.751385, 0.048400, 0.069949, 1.249639, 1.020789, 129515.227768, 2293.266751 
95.001397, 14.486306, 9.321284, 0.166832, 0.051837, 1.270972, 0.824144, 73903.134173, 2727.284002 
51.104842, 7.820686, 3.999295, 0.077984, 0.166643, 0.777621, 0.777621, 488435.125387, 6374.524660 
81.714193, 20.761965, 10.122440, 0.106609, 0.056558, 1.763227, 1.176858, 84256.581653, 2350.741306 
24.685303, 1.347899, 1.027097, 0.012596, 0.067570, 0.117133, 0.117133, 2000000000000000.000000, 1000000000000000.000000 
98.954373, 13.561564, 10.368200, 0.167081, 0.062336, 0.456604, 0.643068, 70925.195104, 2715.716890 
78.273388, 24.534818, 10.322807, 0.049558, 0.057297, 1.088624, 0.945165, 110342.556730, 2250.539394 
32.953364, 3.373574, 1.957253, 0.033060, 0.098575, 0.323834, 0.323834, 2000000000000000.000000, 1000000000000000.000000 
112.818703, 16.547659, 10.267934, 0.166180, 0.051936, 0.519417, 0.558120, 60817.870425, 2643.858666 
102.512455, 13.553340, 10.678987, 0.160302, 0.064332, 0.532221, 0.656974, 68223.981101, 2702.459758 
86.564880, 22.367813, 9.534274, 0.087570, 0.051870, 1.616058, 0.868137, 85155.356903, 2356.187618 
111.604680, 11.638370, 9.098375, 0.162633, 0.063797, 0.872628, 0.665792, 70458.414362, 3047.631843 
95.170793, 17.145852, 8.465598, 0.122616, 0.058063, 1.576555, 0.854378, 86257.075339, 2656.179697 
80.977398, 19.805073, 10.409878, 0.115964, 0.054869, 1.491406, 1.239042, 83086.444466, 2366.676234 
86.099534, 17.717457, 8.527527, 0.134529, 0.052525, 1.694751, 1.073573, 88294.686337, 2594.981254 
75.015137, 20.244273, 10.390003, 0.099347, 0.062847, 1.418132, 1.198130, 94210.564591, 2357.656020 
94.097282, 14.680385, 8.875436, 0.168962, 0.052598, 1.213076, 0.878328, 78468.507992, 2754.506341 
25.133875, 1.457799, 1.077561, 0.013706, 0.069252, 0.128347, 0.128347, 2000000000000000.000000, 1000000000000000.000000 
91.889565, 17.496487, 8.925913, 0.140677, 0.068329, 1.568801, 0.947630, 85471.961739, 2581.256363 
87.008032, 16.357310, 9.340616, 0.139589, 0.055797, 1.500725, 0.810133, 81083.607580, 2596.142162 
41.355144, 5.432010, 2.902454, 0.053854, 0.130082, 0.533879, 0.533879, 2000000000000000.000000, 1000000000000000.000000 
79.390649, 16.984373, 9.654494, 0.131485, 0.062138, 1.401861, 1.017832, 89550.669227, 2546.186196 
32.192360, 3.187128, 1.871640, 0.031176, 0.095721, 0.304809, 0.304809, 2000000000000000.000000, 1000000000000000.000000 
94.945523, 15.573015, 10.221058, 0.146749, 0.059992, 0.635456, 0.645893, 74252.632740, 2587.172055 
94.658581, 14.259537, 9.002720, 0.177873, 0.050362, 1.220251, 0.813074, 75310.798465, 2773.447818 
108.175323, 13.823844, 10.549413, 0.161471, 0.054228, 0.453812, 0.624379, 62777.098227, 2720.247284 
107.063013, 13.197616, 9.215690, 0.145284, 0.057346, 0.228129, 0.536803, 75964.760414, 2877.426804 
47.725209, 6.992676, 3.619086, 0.069620, 0.153970, 0.693130, 0.693130, 594733.354714, 7634.915900 
80.340579, 24.803004, 9.325039, 0.039467, 0.050633, 1.241625, 0.900123, 118173.428274, 2305.914921 
97.121763, 16.138308, 8.832146, 0.127467, 0.070396, 1.543583, 0.944449, 86942.720570, 2678.246262 
72.969308, 23.601347, 10.172773, 0.060373, 0.068637, 1.233606, 0.897293, 111253.242634, 2271.358280 
72.756842, 23.879347, 9.371118, 0.048948, 0.067937, 1.051161, 0.937300, 130158.978036, 2310.732764 
77.609483, 20.629237, 9.940688, 0.080530, 0.063369, 1.193450, 0.993461, 100673.903567, 2363.723363 
71.648770, 21.251997, 10.196493, 0.088993, 0.074893, 1.672025, 0.845034, 98504.887231, 2338.699080 
84.415498, 24.251097, 9.490656, 0.044568, 0.063394, 1.234017, 0.829556, 118865.466491, 2316.055834 
78.974219, 16.484960, 8.723936, 0.129073, 0.051940, 1.373875, 0.999995, 93972.464052, 2650.604407 
102.622218, 12.555192, 11.030098, 0.166301, 0.059063, 0.507630, 0.623386, 63630.123542, 2751.171264 
41.884638, 5.561736, 2.962022, 0.055164, 0.132067, 0.547116, 0.547116, 2000000000000000.000000, 1000000000000000.000000 
105.755802, 14.108026, 9.777571, 0.154166, 0.063796, 0.337792, 0.483992, 72030.198285, 2751.917547 
56.546132, 9.153802, 4.611440, 0.091452, 0.187048, 0.913653, 0.913653, 378901.662309, 5068.195447 
95.761637, 16.037076, 9.319870, 0.160646, 0.069937, 1.326796, 0.915625, 79519.672819, 2632.878036 
51.637768, 7.951253, 4.059249, 0.079303, 0.168642, 0.790944, 0.790944, 474998.482851, 6214.645935 
50.102558, 7.575127, 3.886538, 0.075504, 0.162885, 0.752564, 0.752564, 515848.544223, 6700.327835 
56.965224, 9.256480, 4.658588, 0.092489, 0.188620, 0.924131, 0.924131, 372477.121628, 4991.421908 
93.821439, 17.963619, 8.272122, 0.150933, 0.052870, 1.804355, 0.904876, 82823.134528, 2633.834272 
27.322265, 1.993955, 1.323755, 0.019123, 0.077458, 0.183057, 0.183057, 2000000000000000.000000, 1000000000000000.000000 
92.776617, 18.829177, 9.011003, 0.154551, 0.064715, 1.657631, 0.876521, 80151.522248, 2521.450611 
104.658099, 14.522481, 10.533121, 0.150687, 0.053919, 0.488389, 0.671149, 66120.550918, 2661.262303 
27.420436, 2.018007, 1.334799, 0.019366, 0.077827, 0.185511, 0.185511, 2000000000000000.000000, 1000000000000000.000000 
92.899066, 13.666848, 9.304552, 0.174985, 0.064938, 1.231367, 0.838198, 78845.736604, 2790.093954 
96.454702, 15.442535, 9.175968, 0.168605, 0.056740, 1.305554, 0.823446, 75022.406447, 2682.187817 
25.425771, 1.529314, 1.110399, 0.014429, 0.070347, 0.135644, 0.135644, 2000000000000000.000000, 1000000000000000.000000 
29.701961, 2.576980, 1.591471, 0.025012, 0.086382, 0.242549, 0.242549, 2000000000000000.000000, 1000000000000000.000000 
107.680232, 13.320480, 9.537975, 0.149801, 0.067938, 0.289441, 0.600053, 77073.369271, 2838.406263 
58.980416, 9.750202, 4.885297, 0.097477, 0.196177, 0.974510, 0.974510, 344450.308321, 4656.506169 
74.966569, 24.181996, 10.271686, 0.051440, 0.052916, 1.131357, 0.877108, 105667.875846, 2254.938325 
89.192874, 16.861855, 8.364730, 0.145931, 0.058061, 1.744212, 1.018851, 87941.909683, 2661.775742 
76.236111, 24.451753, 10.344882, 0.048130, 0.063320, 1.164196, 0.879863, 114708.357876, 2247.854156 
101.404459, 14.064516, 9.897409, 0.148210, 0.052010, 0.247681, 0.529065, 71455.370757, 2724.219147 
