106.715320, 15.749420, 9.807161, 0.158011, 0.050654, 0.674698, 0.501749, 64995.814784, 2664.011226 
52.168142, 8.081195, 4.118916, 0.080616, 0.170631, 0.804204, 0.804204, 462333.567183, 6063.840544 
99.489616, 11.128924, 10.037049, 0.169793, 0.059682, 0.828053, 0.624486, 69103.312831, 2967.266446 
83.418788, 21.975402, 9.581827, 0.090365, 0.057062, 1.538483, 0.855643, 88195.531684, 2352.978516 
72.328237, 20.266161, 9.475556, 0.099193, 0.059760, 1.687907, 0.874022, 95255.359453, 2414.512598 
105.611931, 11.818473, 8.353962, 0.174058, 0.057999, 0.899939, 0.781685, 77874.848036, 3098.217630 
72.632958, 20.143337, 9.671175, 0.093829, 0.053064, 1.671560, 0.881780, 92607.523219, 2406.540426 
94.049730, 16.870060, 8.317954, 0.133632, 0.060664, 1.465143, 0.875660, 88190.897819, 2681.626929 
90.880107, 17.180036, 8.935285, 0.147230, 0.073934, 1.451628, 0.762695, 85460.339603, 2592.550077 
45.182042, 6.369600, 3.332980, 0.063326, 0.144433, 0.629551, 0.629551, 2000000000000000.000000, 1000000000000000.000000 
86.879650, 16.205808, 8.685550, 0.128705, 0.061880, 1.403470, 0.960541, 91902.986188, 2663.129923 
92.265725, 17.697912, 9.023676, 0.134498, 0.062127, 1.439475, 0.916928, 83788.155147, 2564.550367 
23.354925, 1.021957, 0.877429, 0.009303, 0.062581, 0.083873, 0.083873, 2000000000000000.000000, 1000000000000000.000000 
75.209702, 20.940542, 9.628404, 0.087548, 0.059113, 1.653284, 0.917649, 94925.451391, 2373.685627 
76.886271, 23.522216, 9.801295, 0.051023, 0.053813, 1.155556, 0.898000, 109352.148666, 2293.808220 
100.149909, 14.093325, 8.002257, 0.167104, 0.057392, 1.222623, 0.858405, 84060.766812, 2922.087479 
93.181427, 16.458267, 8.137386, 0.148330, 0.059321, 1.782226, 1.017470, 87807.179223, 2721.498340 
72.460909, 20.134599, 11.184896, 0.044933, 0.086399, 1.500891, 0.920867, 134821.552785, 2338.586570 
100.082134, 14.776168, 8.696775, 0.181378, 0.066936, 1.316544, 0.855354, 78569.439518, 2787.210917 
97.350117, 15.196742, 9.234234, 0.146351, 0.057051, 1.527701, 1.079294, 77716.745300, 2694.822911 
72.902776, 21.392293, 10.033015, 0.067102, 0.059807, 1.427173, 0.852427, 102283.368563, 2339.056556 
57.361850, 9.353653, 4.703208, 0.093471, 0.190107, 0.934046, 0.934046, 366597.815229, 4921.160700 
76.939509, 21.786419, 10.027568, 0.096243, 0.063428, 1.693556, 0.831260, 88705.808891, 2323.349708 
94.343549, 16.575246, 7.450266, 0.139874, 0.052879, 1.766964, 1.081965, 93893.937277, 2812.102396 
41.609867, 5.494417, 2.931110, 0.054484, 0.131037, 0.540247, 0.540247, 2000000000000000.000000, 1000000000000000.000000 
106.460817, 14.102661, 8.572203, 0.134681, 0.060289, 0.572487, 0.680693, 83408.666572, 2883.011662 
24.419616, 1.282806, 0.997207, 0.011939, 0.066574, 0.110490, 0.110490, 2000000000000000.000000, 1000000000000000.000000 
86.007743, 16.424366, 9.039507, 0.143386, 0.066355, 1.248592, 0.847598, 88345.050547, 2617.020903 
77.227770, 17.964422, 8.651636, 0.156137, 0.050112, 1.446409, 0.865061, 89469.107967, 2572.565003 
70.977907, 20.390421, 9.992090, 0.106696, 0.055359, 1.360202, 0.794223, 90650.258327, 2384.406740 
83.262591, 18.681866, 10.700283, 0.085778, 0.053122, 1.571586, 0.970527, 83729.421682, 2395.716979 
90.899883, 18.549192, 9.339068, 0.147068, 0.070699, 1.561288, 0.720784, 80135.794768, 2498.262503 
31.156013, 2.933223, 1.755051, 0.028611, 0.091835, 0.278900, 0.278900, 2000000000000000.000000, 1000000000000000.000000 
72.177937, 21.468238, 9.395442, 0.074324, 0.052715, 1.528112, 0.880399, 99859.805545, 2375.518516 
76.534928, 20.525859, 10.223149, 0.103972, 0.060106, 1.835086, 1.243428, 89242.120725, 2352.939209 
90.772929, 16.318707, 8.274251, 0.123236, 0.051084, 1.413714, 0.950262, 89796.429958, 2706.048453 
99.992221, 13.842357, 8.116427, 0.166496, 0.052765, 1.352994, 0.919199, 81561.702647, 2925.071623 
77.569846, 20.221765, 10.103514, 0.091932, 0.056569, 1.757387, 1.182440, 90885.034491, 2368.998235 
38.729581, 4.788747, 2.607078, 0.047356, 0.120236, 0.468240, 0.468240, 2000000000000000.000000, 1000000000000000.000000 
68.609492, 22.118131, 9.194749, 0.035391, 0.054947, 1.298085, 0.854519, 136603.187685, 2376.567254 
91.978505, 17.090467, 8.368613, 0.141993, 0.054583, 1.735847, 0.961352, 85222.254747, 2657.167095 
94.861553, 16.714059, 8.985958, 0.145517, 0.057780, 1.547802, 1.166222, 81654.047665, 2624.033638 
87.930460, 17.325483, 7.985760, 0.135247, 0.056160, 1.544433, 0.745901, 91363.165085, 2677.811864 
71.270474, 22.100669, 9.323747, 0.051443, 0.061082, 1.218059, 1.052838, 125804.435592, 2361.728223 
74.329728, 23.991791, 8.624421, 0.047876, 0.058368, 1.094806, 0.989982, 129661.627509, 2364.456541 
45.302761, 6.399176, 3.346561, 0.063624, 0.144885, 0.632569, 0.632569, 2000000000000000.000000, 1000000000000000.000000 
82.817451, 22.812118, 9.945666, 0.098805, 0.061044, 1.561057, 0.908553, 85696.122393, 2310.875736 
79.099630, 18.753136, 10.244979, 0.082012, 0.051461, 1.485104, 1.066843, 91187.621432, 2418.930226 
74.365046, 20.227032, 9.938959, 0.105103, 0.066640, 1.661113, 0.924136, 92597.030410, 2382.978212 
113.988256, 10.770461, 8.518078, 0.177195, 0.062622, 0.730331, 0.657172, 72091.204763, 3231.032069 
20.893843, 0.418992, 0.600557, 0.003212, 0.053352, 0.022346, 0.022346, 2000000000000000.000000, 1000000000000000.000000 
31.713638, 3.069841, 1.817784, 0.029991, 0.093926, 0.292841, 0.292841, 2000000000000000.000000, 1000000000000000.000000 
95.399489, 11.734894, 9.548355, 0.127024, 0.062927, 0.571782, 0.376812, 80968.934089, 2953.084905 
72.843051, 22.726169, 9.593941, 0.049470, 0.058604, 1.167827, 0.963641, 120384.618828, 2324.409011 
89.394209, 16.605470, 8.520154, 0.116827, 0.052110, 1.483174, 0.951055, 89376.413650, 2659.772627 
102.976673, 12.951358, 10.445545, 0.155901, 0.051648, 0.537063, 0.705968, 65966.897019, 2764.586387 
76.615693, 20.207093, 10.586686, 0.101435, 0.059610, 1.570064, 1.233734, 89287.563324, 2346.850761 
45.289046, 6.395816, 3.345018, 0.063590, 0.144834, 0.632226, 0.632226, 2000000000000000.000000, 1000000000000000.000000 
105.029532, 12.045109, 8.743398, 0.165065, 0.056760, 0.424498, 0.457107, 75087.778337, 3020.765573 
28.780446, 2.351209, 1.487800, 0.022732, 0.082927, 0.219511, 0.219511, 2000000000000000.000000, 1000000000000000.000000 
102.964262, 11.701048, 9.080185, 0.170822, 0.067693, 0.774097, 0.635208, 76207.951679, 3006.789728 
90.163243, 16.833550, 8.152406, 0.119959, 0.075367, 1.396100, 1.008922, 102035.163325, 2689.639764 
67.676339, 19.922088, 11.156178, 0.048546, 0.069379, 1.530235, 0.884758, 122024.315728, 2380.310084 
77.997167, 20.823816, 9.519152, 0.085409, 0.058902, 1.321600, 0.991361, 97868.175049, 2382.953262 
36.022362, 4.125479, 2.302516, 0.040655, 0.110084, 0.400559, 0.400559, 2000000000000000.000000, 1000000000000000.000000 
26.159282, 1.709024, 1.192919, 0.016244, 0.073097, 0.153982, 0.153982, 2000000000000000.000000, 1000000000000000.000000 
100.069421, 17.335430, 8.309824, 0.153111, 0.053098, 1.272274, 1.016779, 82356.158807, 2690.265650 
110.282367, 11.491903, 8.986967, 0.181032, 0.066816, 0.746072, 0.671842, 71648.594350, 3067.856905 
92.120102, 17.361027, 8.666483, 0.159472, 0.055991, 1.425809, 0.823782, 81249.617416, 2613.163792 
92.759449, 16.788596, 8.098598, 0.130797, 0.064474, 1.497071, 0.806252, 91813.354401, 2706.656918 
30.166216, 2.690723, 1.643699, 0.026161, 0.088123, 0.254155, 0.254155, 2000000000000000.000000, 1000000000000000.000000 
41.102824, 5.370192, 2.874068, 0.053229, 0.129136, 0.527571, 0.527571, 2000000000000000.000000, 1000000000000000.000000 
110.844243, 10.263376, 8.727937, 0.176531, 0.060050, 0.664224, 0.765193, 72911.810531, 3238.288262 
100.355997, 14.026106, 7.931883, 0.169137, 0.058890, 1.326987, 0.909851, 84819.535139, 2938.078699 
99.518049, 10.475766, 9.163595, 0.132878, 0.056122, 0.663226, 0.559881, 79492.883311, 3139.220189 
84.722592, 17.579980, 8.349371, 0.136412, 0.053910, 1.554999, 0.729934, 88783.082673, 2618.348308 
89.501398, 16.150703, 8.834761, 0.120430, 0.050477, 1.485131, 0.890761, 85066.117781, 2654.801678 
22.860782, 0.900892, 0.821838, 0.008080, 0.060728, 0.071520, 0.071520, 2000000000000000.000000, 1000000000000000.000000 
91.286180, 17.902450, 8.647153, 0.130492, 0.064526, 1.377150, 0.811035, 87986.384292, 2587.283566 
70.422836, 22.594979, 9.813352, 0.045426, 0.052240, 1.202422, 1.087117, 121599.395835, 2318.916685 
104.925858, 13.818966, 10.159521, 0.159623, 0.072258, 0.519026, 0.538261, 71207.870084, 2733.789839 
75.210447, 20.513138, 10.327340, 0.088052, 0.050880, 1.715307, 1.030466, 88065.576324, 2350.217579 
73.923839, 20.842878, 9.845561, 0.088014, 0.064323, 1.780317, 1.321978, 100915.095588, 2366.156452 
80.873887, 17.603347, 8.932147, 0.135458, 0.068226, 1.507853, 0.681603, 90420.675253, 2561.869293 
66.602767, 20.466936, 10.940674, 0.043078, 0.061809, 1.525026, 0.987281, 126146.065506, 2368.364472 
105.690342, 13.521512, 9.648611, 0.144139, 0.051511, 0.260503, 0.559286, 71433.568261, 2802.541242 
99.447631, 14.888938, 8.768580, 0.151702, 0.059508, 1.551746, 1.110008, 80518.995825, 2769.130850 
67.653628, 21.168273, 10.916954, 0.058588, 0.050750, 1.504760, 0.870220, 100732.472258, 2330.121156 
98.377868, 11.370041, 9.647749, 0.175911, 0.065303, 0.770032, 0.639628, 73983.559823, 2978.935085 
88.511452, 16.578154, 8.476205, 0.121916, 0.052532, 1.408853, 0.950635, 90007.251256, 2664.257192 
89.128968, 18.250400, 8.908193, 0.158373, 0.067795, 1.537358, 0.817113, 83366.453597, 2541.099672 
82.368123, 22.611827, 9.372754, 0.086888, 0.059221, 1.551548, 0.786768, 90844.209913, 2349.384425 
24.973279, 1.418453, 1.059494, 0.013309, 0.068650, 0.124332, 0.124332, 2000000000000000.000000, 1000000000000000.000000 
45.701330, 6.496826, 3.391400, 0.064611, 0.146380, 0.642533, 0.642533, 2000000000000000.000000, 1000000000000000.000000 
72.567907, 20.205126, 10.950978, 0.052501, 0.051877, 1.547072, 0.999591, 103739.348266, 2343.377800 
58.044162, 9.520820, 4.779968, 0.095159, 0.192666, 0.951104, 0.951104, 356914.856576, 4805.443900 
52.588942, 8.184291, 4.166256, 0.081658, 0.172209, 0.814724, 0.814724, 452752.006801, 5949.682071 
75.661876, 23.084758, 9.348579, 0.039111, 0.057636, 1.278746, 1.046260, 132136.136100, 2330.590846 
71.200769, 23.198361, 9.409512, 0.052886, 0.063279, 1.228002, 0.995097, 122799.907995, 2325.402365 
74.671367, 19.359504, 10.588862, 0.040681, 0.067025, 1.603101, 1.032074, 129994.231623, 2386.466310 
88.478739, 15.872433, 8.568295, 0.134429, 0.059635, 1.444827, 0.948315, 89969.485499, 2697.042262 
71.039223, 22.444543, 9.361554, 0.041936, 0.051708, 1.294074, 0.970832, 124114.623894, 2349.345777 
42.156997, 5.628464, 2.992662, 0.055839, 0.133089, 0.553925, 0.553925, 2000000000000000.000000, 1000000000000000.000000 
74.240744, 19.163651, 10.512783, 0.082838, 0.052978, 1.718791, 0.976148, 90871.010429, 2400.570112 
93.548860, 18.659779, 8.423902, 0.128709, 0.058639, 1.477010, 0.828545, 86611.100534, 2587.243375 
91.675965, 16.398232, 8.630548, 0.130869, 0.056849, 1.522547, 0.991433, 86799.219090, 2665.318328 
49.689005, 7.473806, 3.840013, 0.074480, 0.161334, 0.742225, 0.742225, 528061.772593, 6845.311023 
92.030436, 16.294342, 8.759335, 0.148266, 0.051426, 1.643579, 1.013559, 81146.439475, 2659.107036 
95.525858, 15.326195, 8.940966, 0.175444, 0.051181, 1.224581, 0.835360, 75662.658465, 2708.735633 
104.498804, 13.828899, 9.662466, 0.155095, 0.056808, 0.449671, 0.649779, 72042.700171, 2774.056914 
88.639262, 17.757248, 8.548450, 0.151967, 0.052151, 1.760576, 1.008908, 83787.321426, 2596.043781 
93.016181, 17.627968, 8.758868, 0.123958, 0.065181, 1.349671, 0.891916, 88659.600884, 2594.863359 
52.211103, 8.091720, 4.123749, 0.080722, 0.170792, 0.805278, 0.805278, 461336.947807, 6051.969065 
74.207429, 21.815027, 9.586856, 0.077496, 0.062123, 1.505980, 0.961925, 101645.867051, 2349.322703 
70.755916, 21.733213, 9.093396, 0.053015, 0.064900, 1.261220, 0.895955, 125668.899495, 2390.558256 
82.647413, 17.067496, 8.797174, 0.120997, 0.068779, 1.466388, 0.932287, 96428.995178, 2601.773451 
98.424353, 14.687467, 9.110874, 0.172652, 0.051998, 1.375256, 0.883540, 72943.541748, 2742.893728 
83.214448, 16.793364, 8.683943, 0.150125, 0.066305, 1.378488, 0.839367, 91121.150879, 2627.751338 
80.116320, 22.339805, 9.715544, 0.097234, 0.053649, 1.587069, 0.809140, 85111.704248, 2329.341260 
103.352181, 12.467958, 9.152252, 0.164670, 0.055694, 0.413365, 0.575692, 74089.458016, 2926.781340 
56.426642, 9.124527, 4.597997, 0.091156, 0.186600, 0.910666, 0.910666, 380774.859899, 5090.578915 
97.151127, 11.575651, 9.354347, 0.175740, 0.051489, 0.811514, 0.730370, 73230.709604, 2986.966887 
105.203928, 14.419845, 9.670820, 0.164445, 0.051365, 0.601288, 0.621747, 67445.963315, 2738.894025 
110.017864, 11.427229, 8.809617, 0.165521, 0.058077, 0.782725, 0.767297, 72945.964680, 3096.201300 
43.996826, 6.079222, 3.199643, 0.060392, 0.139988, 0.599921, 0.599921, 2000000000000000.000000, 1000000000000000.000000 
95.842213, 11.895979, 9.597633, 0.132915, 0.059792, 0.654375, 0.548808, 79839.584564, 2929.717262 
79.603054, 18.026986, 8.715189, 0.134204, 0.055168, 1.600751, 0.903101, 90685.039480, 2559.841258 
23.276594, 1.002766, 0.868617, 0.009110, 0.062287, 0.081915, 0.081915, 2000000000000000.000000, 1000000000000000.000000 
