68.191532, 21.115148, 11.137445, 0.098597, 0.055813, 1.505086, 1.058940, 90058.109869, 2321.868485 
102.233928, 14.613381, 9.741471, 0.144284, 0.056435, 0.336521, 0.324675, 70850.197926, 2705.598988 
92.667555, 18.034914, 9.381421, 0.165012, 0.051694, 1.552376, 0.909597, 73890.649879, 2521.640536 
76.617241, 20.414106, 11.495429, 0.084309, 0.053203, 1.590135, 1.415814, 88268.053206, 2304.647878 
88.385475, 17.469844, 8.928809, 0.154506, 0.066326, 1.784903, 1.000464, 84437.995304, 2573.100424 
73.663544, 19.031442, 11.511848, 0.094408, 0.053860, 1.683073, 1.042884, 84781.816954, 2373.061095 
94.946750, 16.119452, 9.284176, 0.166186, 0.054829, 1.121046, 0.852329, 75717.356956, 2628.719486 
86.581669, 16.472497, 9.668037, 0.154124, 0.053908, 1.457084, 0.842809, 77384.523704, 2564.603562 
71.256735, 20.348580, 11.256111, 0.097988, 0.064560, 1.508303, 1.141578, 92409.799019, 2332.972783 
106.859526, 14.130953, 10.210405, 0.131518, 0.059612, 0.325172, 0.454705, 70469.306735, 2720.314734 
85.544283, 18.364580, 8.975342, 0.142717, 0.062660, 1.677935, 0.908147, 85436.101111, 2522.756765 
73.062699, 22.291356, 10.042525, 0.051923, 0.061338, 1.253509, 0.897927, 114746.949946, 2310.750270 
105.597322, 13.636263, 9.667772, 0.139073, 0.057499, 0.403502, 0.527700, 72841.487137, 2792.275360 
45.370282, 6.415719, 3.354157, 0.063791, 0.145139, 0.634257, 0.634257, 2000000000000000.000000, 1000000000000000.000000 
84.556140, 14.486754, 9.224237, 0.140271, 0.056532, 1.501636, 0.825265, 85253.331041, 2741.524513 
102.376093, 15.030404, 10.979799, 0.144376, 0.056300, 0.373080, 0.790073, 68890.749181, 2593.646835 
80.158078, 21.368941, 10.263676, 0.109622, 0.068279, 1.714639, 1.172550, 87985.533102, 2324.107391 
77.713517, 20.149588, 10.998103, 0.095877, 0.055963, 1.577924, 1.329839, 87156.677647, 2329.999759 
21.244373, 0.504871, 0.639992, 0.004080, 0.054666, 0.031109, 0.031109, 2000000000000000.000000, 1000000000000000.000000 
75.340424, 20.286571, 10.190973, 0.104229, 0.059934, 1.572022, 1.071850, 90123.828072, 2365.168980 
36.769075, 4.308423, 2.386521, 0.042503, 0.112884, 0.419227, 0.419227, 2000000000000000.000000, 1000000000000000.000000 
74.102265, 20.982096, 11.298479, 0.093959, 0.062763, 1.488590, 1.328820, 91977.594355, 2296.797820 
112.701991, 14.433006, 10.291436, 0.117963, 0.059700, 0.312358, 0.433387, 69884.537845, 2737.591454 
58.585778, 9.653515, 4.840900, 0.096500, 0.194697, 0.964644, 0.964644, 349593.505855, 4717.957119 
81.747694, 22.495301, 10.612692, 0.054960, 0.059849, 1.251631, 0.935093, 103224.444271, 2282.222166 
105.805365, 13.564716, 10.185841, 0.147893, 0.050451, 0.488721, 0.524143, 64968.698469, 2752.658538 
101.019462, 16.033219, 10.141637, 0.153993, 0.057325, 0.517142, 0.699560, 71087.269620, 2590.905280 
90.969418, 18.001339, 9.106372, 0.138026, 0.051535, 1.569032, 0.906531, 79249.340816, 2539.869099 
81.031332, 21.498285, 10.920914, 0.098853, 0.076024, 1.732727, 1.228308, 90166.304882, 2291.690715 
39.519348, 4.982240, 2.695927, 0.049310, 0.123198, 0.487984, 0.487984, 2000000000000000.000000, 1000000000000000.000000 
72.891643, 20.922610, 11.031465, 0.095217, 0.061982, 1.490178, 1.088091, 90623.898327, 2311.503400 
94.164832, 17.371728, 9.002498, 0.170003, 0.063008, 1.494887, 0.877435, 78449.586975, 2588.144712 
79.819181, 23.909439, 10.620037, 0.045881, 0.052091, 1.257451, 0.951158, 105318.385106, 2250.864512 
39.270499, 4.921272, 2.667931, 0.048694, 0.122264, 0.481762, 0.481762, 2000000000000000.000000, 1000000000000000.000000 
71.220818, 20.249573, 11.847147, 0.109486, 0.054011, 1.656063, 1.310895, 83607.665444, 2321.095089 
26.370047, 1.760661, 1.216630, 0.016766, 0.073888, 0.159251, 0.159251, 2000000000000000.000000, 1000000000000000.000000 
101.251860, 14.048029, 11.036025, 0.145561, 0.063637, 0.553821, 0.645339, 68492.066636, 2642.513249 
95.488001, 17.247775, 9.202305, 0.177049, 0.055031, 1.385687, 0.873332, 74056.895750, 2581.490139 
99.898102, 14.772660, 10.142719, 0.143192, 0.053105, 0.388666, 0.694439, 72592.146814, 2654.257857 
68.045681, 25.038293, 9.875775, 0.050304, 0.054666, 1.364976, 0.802737, 109961.812023, 2261.113233 
85.301027, 16.456170, 9.519387, 0.157967, 0.056470, 1.610304, 0.881938, 79280.179317, 2576.779166 
24.125491, 1.210745, 0.964118, 0.011211, 0.065471, 0.103137, 0.103137, 2000000000000000.000000, 1000000000000000.000000 
90.131168, 15.354087, 9.441993, 0.151577, 0.061740, 1.436782, 0.724044, 78628.846738, 2651.698840 
79.433671, 23.797357, 10.025114, 0.054275, 0.055708, 1.340115, 0.963820, 104490.845236, 2279.909731 
86.717614, 21.747422, 9.622836, 0.091421, 0.061135, 1.399584, 0.729207, 87093.769913, 2365.204212 
92.299050, 15.769135, 9.679931, 0.170438, 0.062078, 1.147290, 0.985732, 77218.080157, 2609.516874 
76.090437, 23.076030, 10.082414, 0.043427, 0.058207, 1.248966, 0.999757, 120373.222235, 2287.677630 
88.059934, 15.529764, 9.637821, 0.144691, 0.060696, 1.464021, 0.804678, 79693.483488, 2624.610535 
99.811579, 13.177065, 10.992268, 0.151310, 0.063499, 0.304311, 0.575410, 69978.603228, 2702.030334 
72.687843, 19.428927, 11.225170, 0.106012, 0.061936, 1.592504, 1.267025, 90015.571619, 2367.887092 
94.085251, 17.309856, 9.373883, 0.160534, 0.068806, 1.324547, 1.033709, 80531.833331, 2558.811428 
50.757165, 7.735505, 3.960181, 0.077124, 0.165339, 0.768929, 0.768929, 497613.075244, 6483.660553 
66.974219, 23.805073, 9.516395, 0.058556, 0.053177, 1.381123, 0.791153, 107709.685129, 2311.573151 
49.147425, 7.341119, 3.779085, 0.073140, 0.159303, 0.728686, 0.728686, 544940.573871, 7045.506158 
108.985886, 13.306524, 9.858917, 0.133182, 0.050612, 0.447202, 0.551037, 67987.027261, 2816.223786 
69.501246, 20.703620, 10.961837, 0.098695, 0.064374, 1.471104, 1.094398, 94405.511303, 2337.010037 
76.517034, 23.468868, 10.401949, 0.048851, 0.063898, 1.232058, 1.013785, 117027.885751, 2263.954018 
78.931196, 20.090604, 11.209048, 0.088469, 0.052164, 1.620700, 1.363159, 85636.299325, 2322.705846 
70.815564, 21.471645, 10.553169, 0.100301, 0.054037, 1.527544, 1.143083, 89886.938782, 2317.475493 
25.566297, 1.563743, 1.126208, 0.014777, 0.070874, 0.139157, 0.139157, 2000000000000000.000000, 1000000000000000.000000 
83.149843, 24.784857, 10.195912, 0.036167, 0.051221, 1.121354, 0.789363, 114247.001444, 2265.226995 
75.065096, 20.810453, 11.125598, 0.094690, 0.055934, 1.486434, 1.195915, 87319.183271, 2306.447285 
55.782928, 8.966817, 4.525579, 0.089563, 0.184186, 0.894573, 0.894573, 391198.015141, 5215.115852 
110.398780, 14.036814, 10.548033, 0.159914, 0.050398, 0.359777, 0.575368, 60803.434298, 2722.114565 
77.499960, 23.419228, 9.926160, 0.056711, 0.062234, 1.285679, 1.013353, 110753.899915, 2289.649359 
54.648533, 8.688890, 4.397960, 0.086755, 0.179932, 0.866213, 0.866213, 411040.968327, 5452.108277 
38.852104, 4.818765, 2.620862, 0.047659, 0.120695, 0.471303, 0.471303, 2000000000000000.000000, 1000000000000000.000000 
102.372427, 10.244288, 10.028993, 0.168083, 0.059279, 0.693169, 0.465860, 66262.946405, 3068.371329 
45.777002, 6.515365, 3.399913, 0.064798, 0.146664, 0.644425, 0.644425, 2000000000000000.000000, 1000000000000000.000000 
77.626536, 23.874257, 10.281589, 0.043329, 0.054311, 0.993147, 0.819328, 113375.936576, 2262.810383 
73.859726, 20.759747, 11.218338, 0.101009, 0.056871, 1.505987, 1.301831, 87587.661075, 2307.946533 
85.484644, 18.364404, 9.063593, 0.145470, 0.051496, 1.809298, 0.933607, 81045.234650, 2515.248962 
48.895623, 7.279428, 3.750758, 0.072517, 0.158359, 0.722391, 0.722391, 553153.310330, 7142.842338 
39.198422, 4.903613, 2.659823, 0.048516, 0.121994, 0.479961, 0.479961, 2000000000000000.000000, 1000000000000000.000000 
112.637235, 13.098218, 9.837788, 0.136185, 0.057444, 0.387804, 0.411884, 67126.874690, 2857.158720 
104.824304, 14.020585, 9.831616, 0.112232, 0.067643, 0.479363, 0.545085, 81376.907755, 2747.804335 
102.113216, 15.638188, 9.705922, 0.142495, 0.058215, 0.418300, 0.246561, 70395.269376, 2649.697698 
24.360688, 1.268369, 0.990577, 0.011793, 0.066353, 0.109017, 0.109017, 2000000000000000.000000, 1000000000000000.000000 
72.294494, 21.024771, 11.164953, 0.104789, 0.064831, 1.531865, 1.105865, 88932.807807, 2305.112950 
74.834189, 24.246729, 9.473286, 0.044953, 0.053703, 1.025964, 0.859538, 118608.560473, 2297.154090 
87.248751, 17.408919, 8.980731, 0.159398, 0.076047, 1.765887, 0.929054, 86167.633087, 2569.527279 
28.844630, 2.366934, 1.495021, 0.022890, 0.083167, 0.221116, 0.221116, 2000000000000000.000000, 1000000000000000.000000 
70.106905, 21.035684, 11.288768, 0.091305, 0.056621, 1.593253, 1.228342, 91223.462776, 2309.827594 
83.902244, 18.569716, 9.352527, 0.157217, 0.073377, 1.888311, 1.052014, 84917.860663, 2481.830909 
74.680436, 19.139565, 11.756860, 0.088318, 0.058277, 1.745496, 1.023124, 85587.998086, 2355.450873 
84.305925, 18.328689, 8.249130, 0.147085, 0.057467, 1.742043, 0.774847, 89052.943454, 2592.232966 
99.080239, 15.242801, 10.805685, 0.140690, 0.077906, 0.541900, 0.598281, 75832.698665, 2579.881487 
98.242206, 14.441060, 10.716709, 0.179343, 0.065271, 0.390577, 0.655166, 69351.685742, 2630.052830 
80.506635, 21.254261, 10.952675, 0.105636, 0.058424, 1.567635, 1.229697, 82556.857607, 2296.403709 
96.656394, 16.102604, 8.759714, 0.161812, 0.060005, 1.314591, 0.929399, 80517.999828, 2685.572829 
21.901150, 0.665782, 0.713879, 0.005705, 0.057129, 0.047529, 0.047529, 2000000000000000.000000, 1000000000000000.000000 
35.957071, 4.109482, 2.295170, 0.040494, 0.109839, 0.398927, 0.398927, 2000000000000000.000000, 1000000000000000.000000 
108.513093, 13.614772, 10.079837, 0.131742, 0.056003, 0.595038, 0.501289, 67456.388178, 2773.082907 
101.754660, 14.801649, 10.366977, 0.151433, 0.073930, 0.443533, 0.504242, 73405.062113, 2643.511360 
40.340682, 5.183467, 2.788327, 0.051343, 0.126278, 0.508517, 0.508517, 2000000000000000.000000, 1000000000000000.000000 
67.547776, 22.649672, 10.160374, 0.048792, 0.059916, 1.268182, 0.860395, 118505.865912, 2308.044986 
27.365308, 2.004500, 1.328597, 0.019229, 0.077620, 0.184133, 0.184133, 2000000000000000.000000, 1000000000000000.000000 
70.401887, 20.376691, 10.904314, 0.093849, 0.064259, 1.518541, 1.101664, 95386.768177, 2348.032095 
78.115624, 21.064928, 10.969699, 0.105303, 0.061951, 1.618065, 1.238543, 85324.386361, 2300.565534 
74.181684, 23.146074, 10.308588, 0.050105, 0.058583, 1.301187, 0.933647, 111213.810178, 2274.750622 
111.498974, 14.526079, 10.319916, 0.130767, 0.054827, 0.431907, 0.564185, 66643.143894, 2720.822500 
86.452292, 17.511502, 8.762311, 0.156953, 0.054860, 1.723818, 0.835367, 82588.550736, 2583.010590 
88.172683, 14.895093, 9.501478, 0.148066, 0.055598, 1.551081, 0.869025, 79160.552912, 2679.209361 
70.227742, 20.168011, 10.678420, 0.103752, 0.051770, 1.449580, 1.132792, 89792.277951, 2366.589419 
110.696044, 12.425746, 10.830194, 0.139894, 0.064200, 0.369893, 0.559903, 66381.005741, 2804.220569 
83.355192, 17.283171, 9.342446, 0.166827, 0.059266, 1.769401, 1.110140, 82283.739286, 2544.362791 
41.261394, 5.409042, 2.891907, 0.053622, 0.129730, 0.531535, 0.531535, 2000000000000000.000000, 1000000000000000.000000 
110.762546, 13.674103, 10.076710, 0.134320, 0.053352, 0.550099, 0.572899, 66252.870213, 2784.292874 
48.507977, 7.184454, 3.707147, 0.071557, 0.156905, 0.712699, 0.712699, 566280.889452, 7298.329850 
110.428385, 12.958366, 9.649825, 0.144450, 0.057387, 0.517353, 0.456658, 67738.900708, 2870.126068 
72.414540, 18.414988, 11.288252, 0.092352, 0.054761, 1.746853, 1.085150, 88788.843998, 2421.277186 
105.922721, 15.578161, 10.402693, 0.161594, 0.058602, 0.534732, 0.633610, 65910.413782, 2622.402859 
76.062594, 25.725444, 9.937908, 0.029697, 0.062627, 1.300761, 0.857847, 140940.685347, 2247.805151 
84.883051, 17.354247, 8.983509, 0.144463, 0.065477, 1.640465, 0.877580, 86779.346192, 2569.703010 
73.409058, 21.007027, 11.424311, 0.093738, 0.052441, 1.460493, 1.189924, 85707.581628, 2293.792000 
74.937980, 20.571195, 10.876323, 0.109083, 0.056383, 1.538602, 1.079484, 84230.192945, 2324.557905 
86.161886, 18.189166, 8.843193, 0.158310, 0.057442, 1.986875, 0.958913, 82347.846755, 2543.077795 
46.132961, 6.602576, 3.439958, 0.065679, 0.147999, 0.653324, 0.653324, 2000000000000000.000000, 1000000000000000.000000 
83.741146, 18.717096, 9.206456, 0.155888, 0.061138, 1.860331, 1.055468, 83094.613901, 2486.546651 
21.814899, 0.644650, 0.704176, 0.005492, 0.056806, 0.045372, 0.045372, 2000000000000000.000000, 1000000000000000.000000 
73.356551, 20.544460, 11.204248, 0.101259, 0.053151, 1.511075, 1.046713, 84010.312258, 2317.965730 
89.900137, 18.137233, 8.603520, 0.150603, 0.064393, 1.919185, 0.926000, 84788.249987, 2576.801455 
105.792130, 13.589722, 10.582377, 0.146448, 0.051542, 0.337376, 0.693481, 66289.160422, 2719.876325 
75.382006, 23.244272, 10.484403, 0.059052, 0.053746, 1.369589, 0.986088, 99764.004631, 2264.462863 
92.944562, 17.932640, 8.745822, 0.148047, 0.060721, 1.552544, 1.058896, 84007.922829, 2582.354596 
107.838610, 13.876063, 9.912399, 0.141846, 0.065849, 0.457388, 0.431883, 70891.257048, 2766.845829 
105.977295, 14.443156, 11.011585, 0.149954, 0.063827, 0.376918, 0.477311, 64921.088864, 2640.666377 
114.620818, 14.620131, 10.408485, 0.136548, 0.068251, 0.447889, 0.628491, 69935.337824, 2735.350786 
