82.262619, 16.736802, 9.254897, 0.162560, 0.060845, 1.854638, 1.062769, 84211.112920, 2583.169593 
48.898507, 7.280134, 3.751082, 0.072524, 0.158369, 0.722463, 0.722463, 553057.911843, 7141.711767 
112.744881, 14.458601, 9.886291, 0.163561, 0.060919, 0.333752, 0.712265, 68863.458643, 2770.423794 
93.755859, 17.203984, 9.095176, 0.163443, 0.058920, 1.484936, 0.942819, 78086.825406, 2586.116618 
45.657816, 6.486165, 3.386504, 0.064503, 0.146217, 0.641445, 0.641445, 2000000000000000.000000, 1000000000000000.000000 
82.077393, 24.916225, 9.465227, 0.030257, 0.052946, 1.313858, 0.794857, 128600.119934, 2299.928897 
107.341490, 13.380060, 10.854926, 0.153372, 0.058893, 0.300966, 0.708173, 66421.053395, 2720.937817 
86.881877, 16.814182, 9.176893, 0.158349, 0.064979, 1.773238, 1.013398, 83093.837046, 2583.469210 
103.397178, 13.452730, 9.968464, 0.134917, 0.059883, 0.199413, 0.390013, 73449.936271, 2768.206569 
25.985311, 1.666401, 1.173348, 0.015814, 0.072445, 0.149633, 0.149633, 2000000000000000.000000, 1000000000000000.000000 
26.068430, 1.686765, 1.182698, 0.016019, 0.072757, 0.151711, 0.151711, 2000000000000000.000000, 1000000000000000.000000 
94.776603, 14.607945, 9.616904, 0.159079, 0.053193, 1.158479, 0.826370, 73603.006920, 2692.729487 
72.848182, 19.980247, 11.296160, 0.103676, 0.062877, 1.573540, 1.114904, 88293.909201, 2339.780190 
73.495206, 20.510315, 11.016260, 0.106615, 0.057486, 1.539464, 1.057526, 85380.009781, 2325.432294 
102.745795, 14.096557, 9.601428, 0.143807, 0.071586, 0.366352, 0.363444, 76882.125268, 2753.390205 
82.682821, 17.534831, 9.209455, 0.150488, 0.051812, 1.818066, 1.001416, 82167.103065, 2541.619708 
102.470638, 15.216653, 9.953624, 0.145974, 0.056381, 0.416436, 0.632457, 72321.759831, 2654.358524 
77.937767, 25.064956, 9.916401, 0.028133, 0.057737, 1.326963, 0.795595, 136172.449967, 2261.677320 
82.474219, 21.682663, 9.597192, 0.100241, 0.062633, 1.442932, 0.760006, 87873.989356, 2357.302302 
81.439619, 24.486609, 9.748510, 0.062323, 0.054877, 1.245453, 1.014760, 101271.822337, 2287.839533 
109.057075, 13.322740, 9.734984, 0.144295, 0.053201, 0.411561, 0.448299, 67160.396623, 2827.260573 
103.005559, 14.997517, 10.112111, 0.163022, 0.063355, 0.526055, 0.693182, 71052.565493, 2656.954228 
77.207509, 23.007766, 10.188626, 0.048260, 0.053800, 1.262640, 0.916610, 108357.659334, 2284.507748 
74.971615, 20.975835, 11.305350, 0.093348, 0.058431, 1.508432, 1.272904, 88611.802662, 2294.806722 
84.921997, 18.450637, 8.931440, 0.136321, 0.053986, 1.779112, 0.914125, 84007.706725, 2521.878268 
48.329101, 7.140630, 3.687024, 0.071115, 0.156234, 0.708228, 0.708228, 572545.932030, 7372.492266 
76.690326, 21.174924, 10.286435, 0.094786, 0.071683, 1.533342, 1.112662, 96114.690627, 2328.099471 
36.592867, 4.265252, 2.366698, 0.042067, 0.112223, 0.414822, 0.414822, 2000000000000000.000000, 1000000000000000.000000 
98.094615, 16.037596, 8.521566, 0.174065, 0.052803, 1.262265, 0.824354, 77930.320263, 2721.048064 
47.963487, 7.051054, 3.645892, 0.070210, 0.154863, 0.699087, 0.699087, 585781.593478, 7529.079461 
75.650437, 20.538541, 11.131203, 0.091933, 0.071422, 1.583141, 1.167046, 93913.701773, 2314.541332 
108.123015, 14.432649, 10.194066, 0.115498, 0.053448, 0.484957, 0.521744, 70051.455674, 2711.735608 
79.100791, 20.814528, 11.173939, 0.127787, 0.063542, 1.541868, 1.169468, 79713.673604, 2300.170495 
102.298563, 14.769744, 9.660991, 0.160536, 0.075843, 0.384746, 0.792834, 81760.235071, 2703.306596 
106.576476, 10.826859, 10.189139, 0.166741, 0.054910, 0.925052, 0.527919, 60832.737382, 2984.238502 
103.335643, 13.453573, 10.908397, 0.157394, 0.059650, 0.409297, 0.604384, 65675.229582, 2695.929299 
105.870316, 13.856141, 9.413376, 0.155500, 0.052412, 0.466942, 0.603901, 70777.538568, 2803.222151 
50.724093, 7.727403, 3.956461, 0.077042, 0.165215, 0.768102, 0.768102, 498503.818556, 6494.249470 
95.948440, 16.917114, 9.185612, 0.175403, 0.054329, 1.340413, 0.972681, 74774.446456, 2600.311644 
101.184754, 10.613805, 9.428420, 0.172828, 0.056290, 0.861014, 0.495927, 69089.601996, 3088.224337 
96.813452, 16.808325, 8.924366, 0.160589, 0.054647, 1.345193, 0.852021, 76843.668032, 2633.274321 
57.788309, 9.458136, 4.751185, 0.094526, 0.191706, 0.944708, 0.944708, 360483.888736, 4848.095094 
79.543478, 23.490133, 9.879550, 0.039430, 0.054674, 1.046392, 0.747716, 117621.809366, 2293.789195 
92.218592, 15.998508, 9.137588, 0.173055, 0.051230, 1.176567, 1.004567, 77581.448344, 2640.888333 
56.304010, 9.094482, 4.584201, 0.090852, 0.186140, 0.907600, 0.907600, 382716.967301, 5113.785145 
96.751058, 10.921911, 9.722257, 0.180463, 0.065540, 0.775958, 0.467662, 72438.054633, 3029.553155 
83.548648, 24.225491, 10.143585, 0.033360, 0.068678, 1.116768, 0.993326, 144612.010758, 2277.176244 
56.140105, 9.054326, 4.565762, 0.090447, 0.185525, 0.903503, 0.903503, 385344.247055, 5145.177593 
100.117339, 14.166652, 10.952446, 0.150047, 0.067684, 0.539184, 0.637597, 70255.034340, 2637.068465 
73.809076, 19.860103, 11.476330, 0.104920, 0.055506, 1.596641, 1.243857, 84658.847860, 2335.093991 
101.619523, 15.045473, 10.393114, 0.139661, 0.063729, 0.429058, 0.710889, 74741.865020, 2627.330687 
75.669175, 23.524137, 10.116606, 0.052538, 0.058112, 0.994252, 0.740849, 108351.986990, 2275.948565 
110.188216, 12.995837, 9.376759, 0.160398, 0.072412, 0.226166, 0.538783, 76573.752445, 2894.343107 
75.364829, 22.324827, 9.716640, 0.066981, 0.058980, 1.221102, 0.739896, 101385.108526, 2326.362183 
109.021966, 13.784342, 10.203565, 0.132367, 0.054793, 0.301071, 0.425919, 67239.313558, 2755.089607 
76.911334, 21.334841, 10.323196, 0.105043, 0.056850, 1.718870, 1.223234, 86719.934931, 2321.269918 
100.943658, 14.107312, 10.703240, 0.147372, 0.051729, 0.367250, 0.710520, 68049.972917, 2659.346854 
50.998323, 7.794589, 3.987311, 0.077721, 0.166244, 0.774958, 0.774958, 491211.293909, 6407.542603 
71.372475, 20.174672, 11.222037, 0.103320, 0.056016, 1.540733, 1.196284, 88044.145490, 2340.929307 
102.757805, 14.488078, 9.401432, 0.146917, 0.058547, 0.368487, 0.432377, 74430.611833, 2746.441528 
120.071149, 12.914310, 9.927899, 0.159547, 0.063282, 0.388468, 0.635804, 64958.021892, 2926.408644 
94.332288, 18.788938, 8.932879, 0.147511, 0.075258, 1.852874, 0.764435, 81680.927733, 2536.541327 
80.418659, 16.826871, 8.761141, 0.150573, 0.065324, 1.821836, 0.905646, 90683.313786, 2621.890836 
97.259851, 17.048005, 8.338361, 0.153425, 0.050612, 1.419043, 0.926014, 81282.804739, 2684.910445 
55.163174, 8.814978, 4.455857, 0.088029, 0.181862, 0.879079, 0.879079, 401793.163601, 5341.676024 
80.914271, 21.764778, 9.400347, 0.102795, 0.058331, 1.515208, 0.784607, 87807.317420, 2365.429792 
81.964330, 25.566800, 10.252743, 0.040728, 0.050261, 1.103816, 0.848136, 109190.879161, 2248.827760 
64.197876, 23.897076, 9.636569, 0.064092, 0.057143, 1.192717, 0.837705, 111002.498675, 2311.912452 
107.869071, 13.343145, 10.683744, 0.147766, 0.054309, 0.323747, 0.643659, 65102.864259, 2738.497509 
84.034411, 18.111894, 9.101354, 0.153445, 0.054576, 1.789806, 0.917125, 81776.830975, 2522.009096 
73.372556, 20.821803, 11.341588, 0.094919, 0.056466, 1.541100, 1.227287, 87708.969859, 2303.091271 
68.573558, 24.428122, 9.778862, 0.051652, 0.051032, 1.320906, 0.822694, 108124.714288, 2278.163946 
82.939222, 16.449554, 9.435676, 0.171728, 0.055497, 1.879844, 1.127405, 80741.743002, 2585.951192 
76.347488, 21.685211, 11.059398, 0.101942, 0.053133, 1.486950, 1.215874, 83262.663500, 2279.894099 
116.187790, 13.911449, 10.002659, 0.158885, 0.068636, 0.479942, 0.610504, 67318.027794, 2821.202314 
70.030077, 22.755562, 10.098559, 0.047604, 0.058929, 1.264904, 0.847789, 116849.599536, 2300.260899 
42.709938, 5.763935, 3.054868, 0.057207, 0.135162, 0.567748, 0.567748, 2000000000000000.000000, 1000000000000000.000000 
84.660284, 21.211616, 9.321344, 0.097623, 0.066740, 1.500395, 0.852382, 91960.730920, 2393.606125 
54.533626, 8.660738, 4.385033, 0.086471, 0.179501, 0.863341, 0.863341, 413164.513661, 5477.461340 
27.982558, 2.155727, 1.398038, 0.020757, 0.079935, 0.199564, 0.199564, 2000000000000000.000000, 1000000000000000.000000 
24.461133, 1.292978, 1.001877, 0.012041, 0.066729, 0.111528, 0.111528, 2000000000000000.000000, 1000000000000000.000000 
55.889686, 8.992973, 4.537590, 0.089827, 0.184586, 0.897242, 0.897242, 389429.595961, 5193.988392 
79.315211, 17.167494, 9.189601, 0.144414, 0.065817, 1.480590, 0.774034, 89160.417659, 2568.329523 
50.638327, 7.706390, 3.946812, 0.076830, 0.164894, 0.765958, 0.765958, 500828.593503, 6521.882985 
20.222427, 0.254495, 0.525023, 0.001551, 0.050834, 0.005561, 0.005561, 2000000000000000.000000, 1000000000000000.000000 
114.064288, 12.327725, 9.749276, 0.163288, 0.063911, 0.440248, 0.671302, 68233.299595, 2931.740943 
84.783808, 24.952843, 9.834065, 0.037618, 0.067907, 1.433913, 0.757540, 123459.106271, 2286.923464 
91.607371, 16.495624, 8.724363, 0.169171, 0.065404, 1.199150, 0.927336, 84860.310167, 2650.259413 
43.510838, 5.960155, 3.144969, 0.059189, 0.138166, 0.587771, 0.587771, 2000000000000000.000000, 1000000000000000.000000 
117.585113, 13.981654, 9.699574, 0.170422, 0.054919, 0.262491, 0.650931, 64644.492118, 2859.345035 
97.095656, 15.461343, 9.122719, 0.163602, 0.050125, 1.190964, 0.840174, 74252.899265, 2688.326370 
31.532271, 3.025406, 1.797380, 0.029542, 0.093246, 0.288307, 0.288307, 2000000000000000.000000, 1000000000000000.000000 
105.936148, 13.985380, 10.976113, 0.152981, 0.056782, 0.384109, 0.563479, 63327.699486, 2668.623823 
103.754356, 14.899914, 9.581067, 0.144522, 0.055317, 0.342348, 0.284330, 70224.638778, 2710.104339 
100.862290, 14.351600, 10.595360, 0.156483, 0.066337, 0.422851, 0.485280, 69372.192033, 2651.046161 
76.138337, 23.834532, 9.858403, 0.049740, 0.059699, 1.129558, 0.750668, 111575.126972, 2283.569385 
83.642780, 17.572013, 8.476098, 0.162986, 0.053241, 1.817970, 0.987614, 86467.379954, 2604.915851 
101.614159, 15.262539, 10.078886, 0.145990, 0.061593, 0.451091, 0.681765, 74189.470229, 2638.074558 
41.624793, 5.498074, 2.932789, 0.054521, 0.131093, 0.540620, 0.540620, 2000000000000000.000000, 1000000000000000.000000 
31.614955, 3.045664, 1.806682, 0.029747, 0.093556, 0.290374, 0.290374, 2000000000000000.000000, 1000000000000000.000000 
79.026493, 24.714183, 10.008360, 0.046411, 0.055929, 1.099427, 0.825333, 110890.493294, 2264.442211 
114.631547, 16.585825, 10.005787, 0.174185, 0.055109, 0.547219, 0.597706, 62053.308747, 2678.812787 
75.752098, 21.932240, 10.761103, 0.109950, 0.052241, 1.712365, 1.144195, 81248.760814, 2284.978529 
26.348632, 1.755415, 1.214221, 0.016713, 0.073807, 0.158716, 0.158716, 2000000000000000.000000, 1000000000000000.000000 
100.746753, 15.725407, 10.462453, 0.140479, 0.050136, 0.435986, 0.686681, 68963.693081, 2582.956817 
67.702878, 23.334666, 9.607746, 0.066077, 0.051554, 1.304170, 0.830632, 103572.077371, 2316.613446 
84.879076, 17.660346, 9.395614, 0.167669, 0.078074, 1.964137, 1.212837, 85485.269837, 2521.022205 
95.981348, 17.739238, 8.689948, 0.156365, 0.062689, 1.771956, 0.804755, 79553.714698, 2609.337658 
59.899188, 9.975301, 4.988659, 0.099750, 0.199622, 0.997480, 0.997480, 333060.304588, 4520.456407 
84.008084, 16.715908, 8.912271, 0.166941, 0.064386, 1.865948, 1.065111, 86034.506147, 2611.166601 
77.621032, 23.047442, 9.821320, 0.034955, 0.053459, 1.026420, 0.799902, 126357.008758, 2303.606118 
84.868595, 18.062354, 8.793330, 0.147262, 0.050128, 1.723908, 0.921556, 83294.432715, 2551.560354 
71.930311, 20.921257, 10.933840, 0.099921, 0.058544, 1.523214, 1.126723, 89401.090996, 2318.341361 
74.951717, 21.450154, 10.371978, 0.087991, 0.074289, 1.517319, 1.088552, 99882.294087, 2316.960349 
94.407410, 17.788340, 8.863613, 0.144916, 0.061505, 1.627064, 0.880973, 81092.396051, 2583.343451 
85.378234, 18.197393, 8.442124, 0.147508, 0.051776, 1.687104, 0.819394, 85710.903908, 2579.715444 
106.163147, 13.942322, 9.464503, 0.158808, 0.054179, 0.580297, 0.560960, 69292.349257, 2794.100798 
79.462747, 23.880101, 10.241115, 0.057411, 0.056406, 1.296596, 0.979734, 102093.931126, 2267.640429 
101.051612, 11.151222, 9.798307, 0.172748, 0.054495, 0.835948, 0.473806, 66145.569209, 2985.844217 
48.540392, 7.192396, 3.710794, 0.071637, 0.157026, 0.713510, 0.713510, 565159.868116, 7285.056865 
28.714212, 2.334982, 1.480349, 0.022568, 0.082678, 0.217855, 0.217855, 2000000000000000.000000, 1000000000000000.000000 
91.964251, 18.149039, 8.386611, 0.144936, 0.053698, 1.854757, 0.818920, 82747.278411, 2605.653723 
77.006849, 24.012396, 9.991580, 0.043279, 0.057067, 1.017182, 0.833848, 118020.409524, 2273.891452 
58.068716, 9.526835, 4.782731, 0.095220, 0.192758, 0.951718, 0.951718, 356576.144441, 4801.396296 
96.335257, 15.426880, 9.429006, 0.158841, 0.057173, 1.179925, 0.816505, 74865.968393, 2660.127378 
48.389087, 7.155326, 3.693772, 0.071263, 0.156459, 0.709727, 0.709727, 570429.898985, 7347.446889 
57.158285, 9.303780, 4.680307, 0.092967, 0.189344, 0.928957, 0.928957, 369591.525669, 4956.937429 
76.680007, 20.570140, 10.644774, 0.106313, 0.063118, 1.651760, 1.108122, 87010.740038, 2331.204792 
