109.912478, 15.259721, 10.310521, 0.131772, 0.057885, 0.291689, 0.446424, 68118.121488, 2672.162463 
52.918958, 8.265145, 4.203383, 0.082474, 0.173446, 0.822974, 0.822974, 445509.371952, 5863.353252 
73.874538, 21.508300, 11.139815, 0.095579, 0.050314, 1.517653, 1.163920, 84239.511031, 2285.455482 
42.581957, 5.732579, 3.040470, 0.056890, 0.134682, 0.564549, 0.564549, 2000000000000000.000000, 1000000000000000.000000 
74.152345, 21.180755, 11.045457, 0.101405, 0.055601, 1.488089, 1.298488, 87249.834251, 2298.789965 
78.919570, 24.812734, 9.852492, 0.060896, 0.055639, 1.308347, 0.997649, 101938.789833, 2270.908647 
104.790945, 13.628607, 11.043281, 0.147235, 0.053609, 0.318113, 0.671450, 64938.443116, 2680.825213 
102.925773, 14.324050, 10.925581, 0.147314, 0.061060, 0.296349, 0.808547, 71404.458469, 2638.564398 
22.631482, 0.844713, 0.796042, 0.007513, 0.059868, 0.065787, 0.065787, 2000000000000000.000000, 1000000000000000.000000 
89.235565, 17.518350, 8.581379, 0.160689, 0.054438, 1.652864, 0.777753, 81839.186231, 2605.618674 
79.666634, 23.455038, 9.853034, 0.042461, 0.064907, 1.255185, 1.059996, 128648.235462, 2296.183489 
73.358658, 20.546211, 11.550535, 0.097507, 0.059478, 1.542936, 1.192509, 87292.018320, 2306.950735 
72.438596, 20.890252, 11.279913, 0.096146, 0.066360, 1.524700, 1.168650, 92184.163530, 2305.711531 
93.475434, 16.026231, 9.996789, 0.177458, 0.058850, 1.169212, 0.968836, 72532.151152, 2574.012287 
21.114976, 0.473169, 0.625435, 0.003760, 0.054181, 0.027874, 0.027874, 2000000000000000.000000, 1000000000000000.000000 
51.754310, 7.979806, 4.072360, 0.079592, 0.169079, 0.793858, 0.793858, 472156.993520, 6180.820453 
85.919285, 18.892233, 8.869888, 0.145166, 0.054634, 1.884334, 0.981910, 83053.939852, 2510.364837 
105.777390, 13.849018, 10.725540, 0.154623, 0.056479, 0.346475, 0.467681, 63548.564980, 2693.085350 
34.591404, 3.774894, 2.141533, 0.037114, 0.104718, 0.364785, 0.364785, 2000000000000000.000000, 1000000000000000.000000 
75.335132, 21.554149, 11.258126, 0.093039, 0.065483, 1.540629, 1.203622, 90362.031388, 2277.595765 
52.979618, 8.280006, 4.210207, 0.082625, 0.173674, 0.824490, 0.824490, 444203.134082, 5847.780022 
103.397458, 13.084401, 9.713345, 0.138945, 0.050197, 0.322363, 0.261459, 68212.599683, 2818.537232 
101.407782, 15.500621, 10.920463, 0.143153, 0.057028, 0.387463, 0.785970, 69945.528613, 2568.806226 
75.501120, 20.441454, 11.403079, 0.093025, 0.070757, 1.525864, 1.283858, 94188.018118, 2309.011986 
59.463918, 9.868660, 4.939691, 0.098673, 0.197990, 0.986598, 0.986598, 338357.688384, 4583.724076 
95.449907, 17.468780, 9.223801, 0.178400, 0.068254, 1.422043, 0.909028, 77203.984434, 2569.578663 
54.752631, 8.714395, 4.409671, 0.087013, 0.180322, 0.868816, 0.868816, 409136.012166, 5429.363053 
42.423707, 5.693808, 3.022667, 0.056499, 0.134089, 0.560593, 0.560593, 2000000000000000.000000, 1000000000000000.000000 
25.123164, 1.455175, 1.076356, 0.013680, 0.069212, 0.128079, 0.128079, 2000000000000000.000000, 1000000000000000.000000 
22.561977, 0.827684, 0.788222, 0.007341, 0.059607, 0.064049, 0.064049, 2000000000000000.000000, 1000000000000000.000000 
81.200419, 24.542424, 9.906141, 0.052903, 0.061152, 1.203735, 0.959455, 110615.110658, 2277.636294 
27.978568, 2.154749, 1.397589, 0.020747, 0.079920, 0.199464, 0.199464, 2000000000000000.000000, 1000000000000000.000000 
58.631889, 9.664813, 4.846088, 0.096614, 0.194870, 0.965797, 0.965797, 348984.392070, 4710.679168 
72.209068, 21.833834, 11.382387, 0.091578, 0.061390, 1.368839, 1.277051, 92618.698181, 2271.227097 
95.097772, 17.344537, 8.881930, 0.161835, 0.072074, 1.542496, 0.870288, 81854.276304, 2604.353212 
30.767302, 2.837989, 1.711322, 0.027649, 0.090377, 0.269183, 0.269183, 2000000000000000.000000, 1000000000000000.000000 
29.375336, 2.496957, 1.554725, 0.024204, 0.085158, 0.234383, 0.234383, 2000000000000000.000000, 1000000000000000.000000 
90.893962, 13.580494, 9.514301, 0.162868, 0.063442, 1.079765, 0.911906, 81311.010343, 2780.610349 
75.370478, 24.982824, 10.040824, 0.023433, 0.070801, 1.395837, 0.782235, 162978.736204, 2252.614979 
91.726686, 17.753283, 9.661373, 0.155842, 0.051152, 1.260491, 1.006090, 74977.049333, 2509.298287 
77.863812, 20.588987, 11.605516, 0.096529, 0.067186, 1.507071, 1.220184, 87907.596746, 2293.422056 
76.250869, 25.019984, 10.169054, 0.027142, 0.064486, 1.358743, 0.768561, 143307.908904, 2246.854898 
92.722835, 15.512623, 8.961075, 0.175518, 0.053285, 1.246224, 1.006743, 78847.857147, 2687.651260 
106.293143, 14.616073, 9.481382, 0.143328, 0.051073, 0.403848, 0.512729, 70660.470094, 2750.903819 
92.827901, 16.967841, 9.436039, 0.170249, 0.061752, 1.467373, 0.844045, 75563.451094, 2565.700847 
97.905911, 14.679888, 11.080218, 0.146161, 0.070877, 0.566771, 0.638840, 72160.249325, 2592.530051 
87.436955, 17.787088, 8.358593, 0.162790, 0.064228, 1.716000, 0.818552, 87032.035584, 2611.483804 
87.144722, 17.778322, 8.819181, 0.137014, 0.050114, 1.743293, 0.984391, 83269.007849, 2565.887149 
99.737298, 15.480469, 10.305324, 0.139183, 0.065273, 0.322026, 0.686851, 77554.792120, 2601.812440 
76.493654, 23.859914, 10.314232, 0.047996, 0.054237, 0.985461, 0.739707, 107352.051920, 2260.237662 
49.851402, 7.513593, 3.858283, 0.074882, 0.161943, 0.746285, 0.746285, 523198.695991, 6787.593933 
50.911846, 7.773402, 3.977583, 0.077507, 0.165919, 0.772796, 0.772796, 493488.133674, 6434.617811 
74.901133, 20.101717, 11.758143, 0.097656, 0.063463, 1.710986, 0.944748, 83302.434543, 2312.843365 
25.512209, 1.550491, 1.120124, 0.014643, 0.070671, 0.137805, 0.137805, 2000000000000000.000000, 1000000000000000.000000 
51.656307, 7.955795, 4.061335, 0.079349, 0.168711, 0.791408, 0.791408, 474544.224785, 6209.238639 
105.712677, 11.983072, 11.196162, 0.158868, 0.056675, 0.320060, 0.667979, 63083.993706, 2790.859674 
33.821126, 3.586176, 2.054877, 0.035207, 0.101829, 0.345528, 0.345528, 2000000000000000.000000, 1000000000000000.000000 
83.946238, 22.237672, 10.843350, 0.061974, 0.061597, 1.175092, 0.919341, 97853.082587, 2282.994221 
105.949262, 14.290768, 10.824517, 0.150959, 0.053564, 0.374456, 0.670048, 64561.283232, 2661.100226 
45.806471, 6.522585, 3.403228, 0.064871, 0.146774, 0.645162, 0.645162, 2000000000000000.000000, 1000000000000000.000000 
83.118426, 17.913817, 9.137627, 0.137392, 0.059140, 1.830243, 0.877456, 84696.109416, 2528.139758 
103.118565, 15.870404, 9.826666, 0.137187, 0.057447, 0.466780, 0.273505, 69591.455599, 2633.683318 
23.006851, 0.936678, 0.838271, 0.008442, 0.061276, 0.075171, 0.075171, 2000000000000000.000000, 1000000000000000.000000 
84.629157, 15.378529, 9.900504, 0.160623, 0.069687, 1.610381, 0.884205, 81205.220328, 2621.461254 
118.749395, 13.527323, 10.119202, 0.167141, 0.052269, 0.286217, 0.611822, 60159.759202, 2857.565715 
103.239468, 15.405016, 9.890411, 0.152040, 0.058780, 0.463806, 0.642801, 72124.144782, 2653.219661 
103.063800, 14.847846, 11.118459, 0.150604, 0.059462, 0.376521, 0.898614, 69417.512097, 2598.172502 
85.329114, 18.433961, 8.599368, 0.155393, 0.062982, 1.922009, 0.920914, 86354.987723, 2553.458074 
74.546224, 23.167734, 10.058212, 0.053189, 0.064923, 1.232409, 0.994850, 116838.642004, 2286.535818 
78.105091, 22.859698, 10.003613, 0.055702, 0.053815, 1.282347, 0.896536, 102917.501585, 2298.224341 
74.138183, 21.874675, 11.326387, 0.099704, 0.051681, 1.535030, 1.196514, 82733.750769, 2267.664843 
74.530530, 25.330920, 9.755187, 0.033005, 0.068345, 1.260997, 0.841713, 142303.439324, 2261.306615 
72.818409, 23.400095, 10.098303, 0.046885, 0.053764, 1.263723, 1.099102, 116415.704218, 2279.700149 
82.317143, 18.574948, 9.280462, 0.148495, 0.059106, 1.830352, 1.026232, 83655.241181, 2486.181663 
85.772100, 18.048625, 8.878142, 0.155822, 0.061335, 1.918122, 1.043853, 84442.235180, 2545.751636 
53.814714, 8.484605, 4.304155, 0.084691, 0.176805, 0.845368, 0.845368, 426966.488629, 5642.193393 
72.942883, 20.335867, 11.087004, 0.100872, 0.054581, 1.508732, 1.038881, 85715.156677, 2331.657037 
75.446284, 21.297182, 11.244118, 0.100635, 0.070239, 1.514846, 1.209485, 90596.552382, 2285.711663 
45.192174, 6.372083, 3.334120, 0.063351, 0.144471, 0.629804, 0.629804, 2000000000000000.000000, 1000000000000000.000000 
81.598126, 17.076617, 9.774530, 0.161590, 0.057693, 1.624256, 0.815258, 79286.739987, 2527.426997 
41.101201, 5.369794, 2.873885, 0.053225, 0.129130, 0.527530, 0.527530, 2000000000000000.000000, 1000000000000000.000000 
88.144409, 17.413306, 8.804125, 0.154808, 0.069946, 1.728964, 0.772921, 84775.908165, 2586.798049 
54.835762, 8.734762, 4.419023, 0.087219, 0.180634, 0.870894, 0.870894, 407627.445073, 5411.349761 
85.271908, 16.954421, 9.714699, 0.156194, 0.059680, 1.562266, 0.814007, 78411.411977, 2534.507967 
101.718470, 13.886314, 10.333926, 0.140637, 0.051889, 0.293866, 0.692390, 71221.997192, 2702.620180 
59.216491, 9.808040, 4.911855, 0.098061, 0.197062, 0.980412, 0.980412, 341447.458846, 4620.632397 
106.457207, 14.846180, 11.051972, 0.155668, 0.054334, 0.350835, 0.539696, 61637.935268, 2619.724453 
105.922296, 13.939714, 10.752232, 0.149601, 0.061356, 0.459126, 0.677529, 67397.665916, 2686.405520 
31.969579, 3.132547, 1.846578, 0.030625, 0.094886, 0.299239, 0.299239, 2000000000000000.000000, 1000000000000000.000000 
73.874245, 23.411777, 10.136584, 0.038290, 0.063042, 1.042935, 0.908268, 133314.567168, 2277.082890 
110.742730, 13.286653, 11.047618, 0.149387, 0.059749, 0.122768, 0.764620, 67493.307949, 2732.092828 
77.018282, 21.443694, 11.225973, 0.094764, 0.069818, 1.486112, 1.326313, 92941.229326, 2280.383473 
34.314124, 3.706960, 2.110339, 0.036427, 0.103678, 0.357853, 0.357853, 2000000000000000.000000, 1000000000000000.000000 
70.889367, 20.542804, 10.852990, 0.110402, 0.059731, 1.643174, 1.091119, 88154.858138, 2340.458885 
76.619989, 26.449581, 9.715942, 0.027175, 0.067035, 1.294100, 0.871079, 153909.202706, 2251.420114 
93.575964, 16.496726, 9.440145, 0.177151, 0.053847, 1.155304, 1.059267, 75390.957020, 2591.267770 
82.795176, 25.132744, 10.130473, 0.036306, 0.065088, 1.001936, 0.935397, 134928.333013, 2262.561299 
81.923849, 18.596275, 9.504954, 0.146727, 0.062150, 1.919030, 1.031761, 83045.267302, 2468.887203 
75.052309, 20.686307, 11.313159, 0.099563, 0.061665, 1.547881, 1.177245, 87131.742617, 2304.289673 
74.347969, 25.259185, 10.311737, 0.033181, 0.061397, 1.282746, 0.939596, 134097.558792, 2234.350497 
78.709950, 24.213122, 10.099926, 0.044643, 0.051795, 1.012723, 0.834306, 110383.973258, 2267.349133 
80.015429, 24.404792, 10.318241, 0.041340, 0.064927, 0.992640, 0.758083, 121408.469130, 2256.393024 
57.006969, 9.266707, 4.663284, 0.092592, 0.188776, 0.925174, 0.925174, 371849.283999, 4983.919042 
45.102373, 6.350081, 3.324017, 0.063128, 0.144134, 0.627559, 0.627559, 2000000000000000.000000, 1000000000000000.000000 
77.039359, 20.428052, 11.252407, 0.105202, 0.052197, 1.675582, 1.150913, 80040.196339, 2311.619371 
88.054693, 18.647342, 8.821749, 0.146416, 0.053664, 2.115440, 0.917499, 80757.387290, 2529.450761 
109.295590, 13.284265, 10.369215, 0.140229, 0.053186, 0.586484, 0.548516, 63656.433990, 2774.944255 
24.183996, 1.225079, 0.970700, 0.011355, 0.065690, 0.104600, 0.104600, 2000000000000000.000000, 1000000000000000.000000 
78.741325, 17.609722, 9.034913, 0.156717, 0.060972, 1.857522, 0.984130, 87813.651705, 2556.368284 
93.979978, 17.499993, 9.142412, 0.181564, 0.062622, 1.396275, 0.904487, 76949.245149, 2569.221392 
76.530510, 25.598899, 9.758116, 0.032081, 0.050786, 1.290862, 0.791030, 122962.926901, 2259.903757 
103.231509, 13.232627, 10.914611, 0.157483, 0.063929, 0.374097, 0.661261, 68201.334413, 2710.335592 
94.226801, 17.230775, 8.894487, 0.173374, 0.063058, 1.562418, 0.830923, 78354.256335, 2604.928160 
85.791576, 16.058796, 9.996898, 0.155575, 0.060801, 1.581587, 0.954253, 78150.679022, 2567.398097 
23.263221, 0.999489, 0.867112, 0.009076, 0.062237, 0.081581, 0.081581, 2000000000000000.000000, 1000000000000000.000000 
30.293576, 2.721926, 1.658027, 0.026477, 0.088601, 0.257339, 0.257339, 2000000000000000.000000, 1000000000000000.000000 
74.967540, 19.366050, 11.638173, 0.088753, 0.064898, 1.757635, 1.084825, 89044.201932, 2347.021922 
94.009101, 16.175507, 9.156938, 0.172825, 0.070881, 1.470223, 0.901293, 79642.335376, 2633.903016 
79.656734, 26.626522, 10.013551, 0.033371, 0.065441, 1.234616, 0.850795, 134530.454453, 2241.509547 
83.252761, 17.586596, 9.799120, 0.147033, 0.062439, 1.796101, 1.028976, 81336.302934, 2496.404158 
93.423717, 17.594587, 9.527615, 0.158672, 0.056822, 1.341797, 1.028981, 76246.862298, 2531.658766 
74.307685, 20.177951, 11.480434, 0.104750, 0.055240, 1.512584, 1.242114, 84321.003732, 2320.005241 
58.549567, 9.644644, 4.836826, 0.096410, 0.194561, 0.963739, 0.963739, 350073.353918, 4723.690766 
79.936357, 24.025546, 10.596217, 0.055351, 0.064362, 1.128183, 0.779414, 104122.665296, 2250.149197 
100.917203, 15.713952, 10.325967, 0.134557, 0.052830, 0.435933, 0.747355, 72312.161806, 2593.429568 
111.572018, 14.211727, 10.640699, 0.160375, 0.051443, 0.318116, 0.629345, 61010.154102, 2714.057343 
73.380263, 21.044004, 11.290948, 0.089380, 0.069062, 1.533295, 1.230658, 95450.784249, 2296.840135 
100.689291, 14.569390, 10.534660, 0.146607, 0.059901, 0.436696, 0.717814, 71846.172469, 2641.323090 
