79.648398, 24.023841, 10.534793, 0.063882, 0.055586, 1.165294, 0.871945, 95195.517739, 2252.179766 
80.539774, 25.668261, 10.002886, 0.038111, 0.052578, 0.960077, 0.873285, 119637.259726, 2255.225872 
108.866322, 12.223726, 11.186079, 0.162951, 0.060237, 0.310509, 0.641453, 62024.382542, 2783.078987 
29.382282, 2.498659, 1.555507, 0.024221, 0.085184, 0.234557, 0.234557, 2000000000000000.000000, 1000000000000000.000000 
88.361691, 15.596290, 10.291324, 0.182464, 0.057473, 1.224856, 0.785058, 71697.384500, 2575.513426 
84.280999, 16.856806, 10.607036, 0.182377, 0.069489, 1.370739, 0.873960, 75018.066628, 2487.025217 
97.544489, 18.196100, 8.722169, 0.199609, 0.059937, 1.275346, 0.958575, 77223.055475, 2595.063592 
97.999823, 15.551686, 11.491930, 0.152603, 0.057764, 0.139073, 0.765403, 69699.778855, 2523.092921 
109.591844, 13.706240, 11.806887, 0.167259, 0.056916, 0.218485, 0.813403, 60150.878533, 2654.009014 
20.089138, 0.221839, 0.510028, 0.001221, 0.050334, 0.002228, 0.002228, 2000000000000000.000000, 1000000000000000.000000 
36.756753, 4.305404, 2.385135, 0.042473, 0.112838, 0.418919, 0.418919, 2000000000000000.000000, 1000000000000000.000000 
89.506663, 17.027055, 10.603961, 0.174991, 0.051405, 1.333925, 0.817662, 67627.746909, 2478.109304 
78.782373, 22.385076, 11.792321, 0.030294, 0.064523, 1.308448, 0.887840, 132665.105267, 2238.981487 
71.627391, 21.851746, 10.395514, 0.095144, 0.055421, 1.454668, 1.217945, 92907.605419, 2309.371061 
98.964024, 15.991973, 11.054568, 0.156428, 0.063171, 0.230925, 0.740347, 71582.389810, 2527.275031 
22.842189, 0.896336, 0.819746, 0.008034, 0.060658, 0.071055, 0.071055, 2000000000000000.000000, 1000000000000000.000000 
79.750018, 22.525465, 11.390466, 0.034367, 0.069441, 1.212561, 0.859529, 131316.903371, 2248.890869 
65.885999, 22.966029, 11.672175, 0.080522, 0.056932, 1.647425, 1.185967, 93820.392577, 2253.687909 
110.532249, 16.192170, 11.123886, 0.137213, 0.062434, 0.448980, 0.399391, 62460.147734, 2584.899081 
87.155543, 16.758167, 10.361761, 0.179379, 0.068909, 1.254913, 0.882061, 75261.090629, 2503.910774 
69.459471, 24.835500, 10.279139, 0.062845, 0.058844, 1.319425, 0.770085, 101216.414220, 2243.494205 
124.480563, 14.753154, 10.226301, 0.176110, 0.055630, 0.345916, 0.585367, 57359.652405, 2852.797686 
82.085776, 16.103540, 10.655889, 0.178286, 0.055974, 1.300319, 0.708544, 73117.378001, 2535.937544 
121.389713, 13.901604, 9.956894, 0.187084, 0.059056, 0.369787, 0.680187, 60500.629006, 2880.380451 
79.576158, 23.428265, 11.416031, 0.025383, 0.062875, 1.295965, 0.939434, 146668.428536, 2230.136557 
79.900895, 23.529974, 10.603819, 0.053884, 0.061147, 1.261818, 1.053504, 107709.396823, 2258.418800 
82.139062, 25.159778, 10.167673, 0.041788, 0.066619, 0.921775, 0.934834, 128923.402427, 2258.356486 
21.134516, 0.477957, 0.627633, 0.003808, 0.054254, 0.028363, 0.028363, 2000000000000000.000000, 1000000000000000.000000 
67.356575, 22.779798, 11.890664, 0.075982, 0.051717, 1.597891, 1.245125, 91747.815136, 2246.771502 
105.856249, 12.171041, 11.973019, 0.158533, 0.064311, 0.260690, 0.814834, 64868.930396, 2725.674643 
114.777074, 13.705820, 11.159486, 0.160200, 0.061791, 0.105482, 0.802643, 65113.426029, 2729.904003 
85.610839, 18.257380, 9.166174, 0.145062, 0.056960, 1.789346, 1.020304, 82518.621604, 2511.748763 
82.819073, 16.643880, 10.698382, 0.180924, 0.084600, 1.340456, 0.830175, 79151.354638, 2497.506522 
107.841132, 13.970871, 10.772484, 0.144527, 0.056520, 0.654260, 0.432371, 61099.724756, 2693.422976 
72.000016, 25.584816, 10.160025, 0.057431, 0.064807, 1.276616, 0.827333, 108095.234472, 2234.951397 
105.125881, 16.125762, 10.903519, 0.154211, 0.063938, 0.203510, 0.700227, 69947.886649, 2561.015930 
101.653907, 16.771114, 10.452088, 0.143322, 0.053377, 0.577505, 0.678464, 68318.429410, 2540.310375 
110.019442, 16.506992, 10.723874, 0.120404, 0.063074, 0.516631, 0.476033, 68422.653779, 2591.529769 
79.446212, 20.988594, 11.704562, 0.025510, 0.064608, 1.392448, 0.879032, 145133.650499, 2277.265528 
80.574400, 22.803982, 11.765413, 0.089370, 0.071649, 1.540661, 1.294359, 89280.795638, 2233.290879 
41.000573, 5.345140, 2.862564, 0.052976, 0.128752, 0.525014, 0.525014, 2000000000000000.000000, 1000000000000000.000000 
48.379048, 7.152867, 3.692643, 0.071238, 0.156421, 0.709476, 0.709476, 570782.981296, 7351.626159 
79.910197, 23.197827, 11.711709, 0.031958, 0.055115, 1.317851, 0.834376, 116615.950694, 2226.253007 
81.251078, 23.402547, 11.384002, 0.012050, 0.065248, 1.188594, 0.873545, 225411.513605, 2234.922276 
47.037225, 6.824120, 3.541688, 0.067917, 0.151390, 0.675931, 0.675931, 622140.958584, 7958.612193 
74.718011, 26.346077, 10.059964, 0.030246, 0.054376, 1.268446, 0.912524, 132437.844899, 2231.647557 
80.820933, 18.457089, 9.257230, 0.151600, 0.057516, 1.739481, 1.045741, 84588.508963, 2493.450619 
69.174859, 23.467766, 11.493149, 0.086837, 0.057693, 1.566808, 1.282036, 91169.267155, 2230.384701 
83.079579, 21.624843, 11.414664, 0.031526, 0.060736, 1.319044, 0.818847, 123912.178210, 2273.572396 
78.631277, 23.101459, 10.872410, 0.062030, 0.054378, 1.291060, 0.917164, 94115.731362, 2253.798853 
40.178002, 5.143610, 2.770025, 0.050941, 0.125668, 0.504450, 0.504450, 2000000000000000.000000, 1000000000000000.000000 
79.477578, 23.035557, 11.125726, 0.023767, 0.067846, 1.294262, 0.885393, 158091.198692, 2246.930451 
26.875479, 1.884492, 1.273491, 0.018017, 0.075783, 0.171887, 0.171887, 2000000000000000.000000, 1000000000000000.000000 
123.264303, 13.879283, 11.208716, 0.128568, 0.063828, 0.362837, 0.583569, 62428.391435, 2803.651267 
66.715242, 24.825472, 11.113742, 0.078268, 0.055322, 1.656537, 1.239306, 94222.840626, 2216.920150 
95.352442, 18.295237, 9.231431, 0.183301, 0.061078, 1.363184, 1.035533, 76066.682157, 2534.310542 
110.605146, 13.249898, 11.458154, 0.170228, 0.053379, 0.277779, 0.809184, 58884.368742, 2706.177036 
74.441670, 26.081233, 9.762732, 0.030175, 0.050743, 1.216901, 0.794729, 128109.133594, 2249.919086 
108.891032, 11.647246, 11.768525, 0.154231, 0.059792, 0.228766, 0.666394, 61356.993354, 2785.575190 
119.359221, 14.478639, 10.759014, 0.173355, 0.067196, 0.514788, 0.689398, 60286.663950, 2762.924004 
103.037237, 18.138821, 9.767324, 0.139008, 0.056957, 0.708771, 0.775618, 73962.443597, 2542.149962 
100.944754, 13.029704, 12.199526, 0.162201, 0.059303, 0.270449, 0.796062, 63630.975993, 2644.559663 
78.647645, 23.164989, 11.380729, 0.013268, 0.061520, 1.147024, 0.942221, 214536.665975, 2234.750379 
110.874253, 14.087354, 11.368197, 0.172269, 0.056988, 0.324504, 0.912042, 61197.328129, 2667.394596 
59.657694, 9.916135, 4.961491, 0.099153, 0.198716, 0.991442, 0.991442, 335977.970724, 4555.300654 
76.482780, 26.274874, 9.393653, 0.036384, 0.062895, 1.268242, 0.765130, 129751.507993, 2272.140989 
82.502023, 21.336511, 11.537986, 0.091828, 0.072992, 1.500189, 1.302257, 90335.837904, 2275.498380 
76.993684, 24.574682, 10.533113, 0.060300, 0.064342, 1.168556, 0.801233, 102196.234707, 2238.564469 
81.575639, 23.137087, 11.272840, 0.033872, 0.065013, 1.344500, 0.828354, 123835.579716, 2243.900206 
78.860660, 27.037135, 9.811592, 0.033246, 0.052372, 1.282919, 0.610314, 115474.802770, 2245.359209 
114.534339, 12.817209, 10.444112, 0.146136, 0.055927, 0.763420, 0.501216, 59113.908072, 2834.613231 
94.204452, 17.062470, 9.323800, 0.187920, 0.063360, 1.262540, 1.068866, 77033.321169, 2574.835825 
75.455076, 25.593053, 9.827821, 0.041677, 0.062142, 1.198423, 0.715335, 119073.199334, 2254.526408 
74.210430, 21.637732, 11.433852, 0.098056, 0.064794, 1.672596, 1.113831, 86490.992435, 2271.121435 
99.552635, 18.224514, 8.880509, 0.183640, 0.055191, 1.187623, 0.910205, 75068.304941, 2590.146125 
73.053169, 25.768780, 10.172621, 0.031744, 0.053447, 1.236382, 0.784461, 125560.474579, 2232.130042 
74.133247, 20.050362, 10.845034, 0.092085, 0.057252, 1.740055, 1.061202, 88374.083886, 2347.989538 
27.581234, 2.057402, 1.352889, 0.019764, 0.078430, 0.189531, 0.189531, 2000000000000000.000000, 1000000000000000.000000 
57.428999, 9.370105, 4.710762, 0.093637, 0.190359, 0.935725, 0.935725, 365621.127717, 4909.488496 
101.736889, 12.294678, 11.458632, 0.172485, 0.052191, 0.241538, 0.777882, 62625.378985, 2742.527874 
95.870875, 18.178273, 9.173774, 0.172186, 0.059007, 1.302185, 0.997509, 76693.485006, 2546.126696 
76.661839, 23.103196, 10.280340, 0.059852, 0.052504, 1.152346, 0.878959, 99342.047304, 2277.517823 
31.573032, 3.035393, 1.801966, 0.029643, 0.093399, 0.289326, 0.289326, 2000000000000000.000000, 1000000000000000.000000 
20.473219, 0.315939, 0.553237, 0.002171, 0.051775, 0.011830, 0.011830, 2000000000000000.000000, 1000000000000000.000000 
95.560987, 18.496917, 8.681271, 0.173868, 0.065089, 1.225437, 1.101767, 83469.503017, 2576.971887 
113.973528, 13.887228, 10.799045, 0.152730, 0.058666, 0.056215, 0.759838, 67212.905927, 2738.755018 
119.008699, 14.228558, 10.592415, 0.172089, 0.055877, 0.474574, 0.589952, 56887.163199, 2783.418043 
61.679818, 25.117349, 11.334923, 0.083343, 0.058184, 1.538873, 1.184392, 97130.769550, 2224.848739 
109.001818, 14.075169, 9.926323, 0.142694, 0.059057, 0.642583, 0.440197, 66638.935384, 2760.742722 
23.611604, 1.084843, 0.906305, 0.009939, 0.063544, 0.090290, 0.090290, 2000000000000000.000000, 1000000000000000.000000 
118.602639, 13.809592, 9.979323, 0.194753, 0.060341, 0.312801, 0.794390, 62783.716847, 2852.855156 
117.116559, 13.268920, 9.839755, 0.193506, 0.051425, 0.328701, 0.742103, 60468.925710, 2883.626013 
104.047841, 14.057843, 10.546804, 0.136920, 0.056829, 0.517168, 0.334612, 64956.249987, 2684.969459 
79.078533, 23.257153, 11.069872, 0.031734, 0.055843, 1.288734, 0.972266, 126387.277763, 2243.997502 
77.579161, 23.472496, 10.181525, 0.068005, 0.066673, 1.071759, 0.849753, 103555.311340, 2275.376239 
83.512223, 23.620498, 10.931089, 0.026421, 0.064635, 1.150625, 0.844635, 145883.703791, 2252.740815 
27.122357, 1.944977, 1.301265, 0.018628, 0.076709, 0.178059, 0.178059, 2000000000000000.000000, 1000000000000000.000000 
100.566858, 13.606006, 11.718135, 0.166357, 0.052258, 0.274118, 0.676820, 61446.382995, 2629.923757 
125.254624, 14.108336, 11.599691, 0.132419, 0.064528, 0.299980, 0.592312, 60454.541333, 2794.399818 
48.355331, 7.147056, 3.689975, 0.071179, 0.156332, 0.708883, 0.708883, 571618.787258, 7361.518993 
25.715062, 1.600190, 1.142945, 0.015145, 0.071431, 0.142877, 0.142877, 2000000000000000.000000, 1000000000000000.000000 
87.449793, 19.249423, 9.289293, 0.156413, 0.060698, 1.681090, 1.023694, 80470.359273, 2465.669385 
103.066178, 13.638331, 11.826577, 0.166130, 0.055137, 0.233903, 0.760329, 61896.492753, 2627.942698 
43.693796, 6.004980, 3.165552, 0.059642, 0.138852, 0.592345, 0.592345, 2000000000000000.000000, 1000000000000000.000000 
117.283873, 13.579577, 9.542508, 0.174831, 0.062063, 0.370265, 0.625598, 66438.063315, 2896.139379 
72.763274, 21.968269, 11.606341, 0.084863, 0.057683, 1.711568, 1.217160, 88165.633741, 2259.128981 
38.371866, 4.701107, 2.566835, 0.046470, 0.118895, 0.459297, 0.459297, 2000000000000000.000000, 1000000000000000.000000 
46.197181, 6.618309, 3.447183, 0.065838, 0.148239, 0.654930, 0.654930, 659122.036914, 8394.573983 
97.149301, 15.993780, 11.187370, 0.139832, 0.052878, 0.192055, 0.790038, 71298.679889, 2513.848169 
41.751399, 5.529093, 2.947032, 0.054835, 0.131568, 0.543785, 0.543785, 2000000000000000.000000, 1000000000000000.000000 
125.169243, 12.345649, 10.239128, 0.178147, 0.061394, 0.381242, 0.649019, 57831.936458, 2988.242784 
39.674132, 5.020162, 2.713340, 0.049693, 0.123778, 0.491853, 0.491853, 2000000000000000.000000, 1000000000000000.000000 
29.416698, 2.507091, 1.559379, 0.024306, 0.085313, 0.235417, 0.235417, 2000000000000000.000000, 1000000000000000.000000 
78.501856, 21.723069, 11.813943, 0.095585, 0.070714, 1.498125, 1.282676, 88447.638922, 2254.059167 
105.380886, 16.973874, 11.119866, 0.159496, 0.066049, 0.252491, 0.815963, 69737.261770, 2517.581992 
40.646783, 5.258462, 2.822763, 0.052101, 0.127425, 0.516170, 0.516170, 2000000000000000.000000, 1000000000000000.000000 
89.022662, 16.228217, 10.646509, 0.185551, 0.058624, 1.218791, 0.798324, 69184.523429, 2516.876053 
77.152176, 20.217157, 11.154950, 0.109630, 0.054617, 1.699333, 1.104926, 80146.655032, 2322.423537 
98.518432, 16.633455, 10.352340, 0.139137, 0.072233, 0.620245, 0.676450, 77203.923088, 2536.963742 
82.639730, 23.122086, 11.334481, 0.023628, 0.056638, 1.254151, 0.969644, 145688.260734, 2244.704908 
39.747425, 5.038119, 2.721585, 0.049875, 0.124053, 0.493686, 0.493686, 2000000000000000.000000, 1000000000000000.000000 
108.866504, 13.136851, 10.997023, 0.164846, 0.066583, 0.345589, 0.738253, 66079.408867, 2734.195073 
34.364025, 3.719186, 2.115953, 0.036551, 0.103865, 0.359101, 0.359101, 2000000000000000.000000, 1000000000000000.000000 
76.354327, 20.165515, 11.327611, 0.102677, 0.066633, 1.676628, 1.142679, 86547.038797, 2319.711067 
106.465563, 12.636256, 11.550413, 0.155048, 0.063247, 0.299214, 0.911835, 67528.255266, 2720.074773 
74.940594, 23.167769, 11.381965, 0.098055, 0.056583, 1.473480, 1.095402, 82849.582206, 2232.572881 
81.613325, 23.187716, 11.190871, 0.035995, 0.061105, 1.330588, 0.825524, 117195.358547, 2245.824000 
81.032279, 17.556298, 10.516091, 0.181811, 0.065089, 1.339012, 0.894323, 76696.867574, 2459.683156 
