101.703884, 13.694424, 10.755205, 0.138144, 0.060666, 0.307946, 0.520207, 70329.812269, 2685.142679 
26.147397, 1.706112, 1.191582, 0.016215, 0.073053, 0.153685, 0.153685, 2000000000000000.000000, 1000000000000000.000000 
94.837069, 18.346789, 9.206864, 0.184448, 0.053532, 1.249207, 0.990689, 74604.202518, 2532.010587 
104.224972, 13.900805, 11.156066, 0.135371, 0.054618, 0.349729, 0.548888, 65039.279195, 2654.519186 
74.892167, 21.385675, 10.705940, 0.098808, 0.060554, 1.548599, 1.356640, 91451.918303, 2304.179634 
81.405260, 24.740286, 10.438830, 0.042234, 0.052252, 1.253187, 0.880470, 107533.366663, 2249.558565 
118.325247, 13.656978, 10.345809, 0.185990, 0.071241, 0.270767, 0.773062, 65628.030515, 2826.084052 
74.987807, 25.627944, 9.654482, 0.032336, 0.053943, 1.343063, 0.746445, 125144.865827, 2263.016135 
106.842020, 11.932552, 11.959503, 0.170127, 0.051445, 0.544069, 0.647353, 54018.960354, 2746.364952 
45.873039, 6.538895, 3.410717, 0.065036, 0.147024, 0.646826, 0.646826, 2000000000000000.000000, 1000000000000000.000000 
106.596588, 13.802301, 9.741786, 0.151907, 0.070019, 0.424553, 0.534038, 74252.806441, 2779.635586 
99.964098, 15.434624, 10.180238, 0.140852, 0.056193, 0.581688, 0.714649, 72503.472340, 2613.983995 
74.714697, 21.624549, 11.210197, 0.093871, 0.052640, 1.505677, 1.197727, 85079.220267, 2277.996442 
71.342425, 19.658123, 11.344888, 0.110493, 0.054116, 1.464296, 1.186459, 86166.875342, 2360.957410 
101.409790, 14.921732, 11.431739, 0.143133, 0.050422, 0.294017, 0.700583, 64582.580880, 2570.055418 
86.079319, 15.472336, 9.923710, 0.176086, 0.074540, 1.246422, 0.958585, 81988.212763, 2610.177487 
87.268926, 16.830129, 10.118502, 0.158321, 0.055311, 1.192980, 0.913615, 75565.048449, 2514.755157 
39.899296, 5.075327, 2.738671, 0.050251, 0.124622, 0.497482, 0.497482, 2000000000000000.000000, 1000000000000000.000000 
65.787582, 24.981242, 10.075112, 0.045960, 0.054821, 1.362517, 0.776885, 113487.125561, 2257.036868 
104.588998, 13.073855, 10.413240, 0.161099, 0.058525, 0.435849, 0.531322, 65811.072925, 2763.248993 
39.094928, 4.878257, 2.648179, 0.048260, 0.121606, 0.477373, 0.477373, 2000000000000000.000000, 1000000000000000.000000 
74.578519, 24.816510, 10.138057, 0.030190, 0.060471, 1.180961, 0.937125, 142650.003380, 2249.779260 
69.586098, 25.708264, 9.986227, 0.055863, 0.060988, 1.367867, 0.651906, 104797.533505, 2241.750880 
26.611389, 1.819790, 1.243781, 0.017363, 0.074793, 0.165285, 0.165285, 2000000000000000.000000, 1000000000000000.000000 
100.180557, 16.457040, 10.858600, 0.140638, 0.055506, 0.363252, 0.693447, 69681.029184, 2522.160662 
86.323051, 18.000441, 9.583256, 0.144671, 0.069072, 1.844561, 1.078875, 83001.095322, 2492.540263 
75.822378, 20.108230, 10.914434, 0.096850, 0.052869, 1.701981, 1.059650, 83871.665995, 2338.258567 
53.358489, 8.372830, 4.252830, 0.083562, 0.175094, 0.833962, 0.833962, 436214.128461, 5752.513314 
71.804829, 19.734709, 11.073253, 0.113183, 0.052323, 1.417235, 1.055778, 84758.329512, 2363.329712 
102.781225, 13.469219, 10.761068, 0.136776, 0.066571, 0.379643, 0.594189, 72678.392050, 2703.261369 
38.035259, 4.618638, 2.528967, 0.045637, 0.117632, 0.450881, 0.450881, 2000000000000000.000000, 1000000000000000.000000 
82.262372, 18.857298, 9.342653, 0.140665, 0.067169, 1.831527, 1.104017, 86990.110018, 2469.336175 
70.687144, 20.702521, 11.123139, 0.111527, 0.061040, 1.473772, 0.979828, 86919.576873, 2325.447835 
101.650576, 12.275714, 10.256439, 0.149360, 0.062251, 0.440481, 0.574948, 71839.080684, 2832.512515 
108.436918, 12.123704, 11.505307, 0.161319, 0.053198, 0.287237, 0.682406, 58985.399355, 2766.280990 
102.060166, 16.025108, 10.721553, 0.144342, 0.072536, 0.257457, 0.724307, 77076.627975, 2558.696118 
40.010486, 5.102569, 2.751180, 0.050526, 0.125039, 0.500262, 0.500262, 2000000000000000.000000, 1000000000000000.000000 
81.125522, 19.927697, 11.961288, 0.093525, 0.061664, 1.546619, 1.314054, 83910.564239, 2302.451489 
39.200049, 4.904012, 2.660006, 0.048520, 0.122000, 0.480001, 0.480001, 2000000000000000.000000, 1000000000000000.000000 
48.006538, 7.061602, 3.650736, 0.070316, 0.155025, 0.700163, 0.700163, 584192.190104, 7510.282154 
26.136375, 1.703412, 1.190342, 0.016188, 0.073011, 0.153409, 0.153409, 2000000000000000.000000, 1000000000000000.000000 
107.418345, 16.878818, 10.949335, 0.141127, 0.050566, 0.338254, 0.704975, 64477.822824, 2544.448371 
92.847670, 15.869753, 10.082644, 0.167997, 0.058170, 1.215617, 1.174712, 74513.572617, 2575.480404 
52.747691, 8.223184, 4.184115, 0.082051, 0.172804, 0.818692, 0.818692, 449239.027269, 5907.813077 
81.110900, 23.651558, 10.846117, 0.033806, 0.055156, 1.238626, 0.956273, 122238.088870, 2249.029698 
35.878364, 4.090199, 2.286316, 0.040299, 0.109544, 0.396959, 0.396959, 2000000000000000.000000, 1000000000000000.000000 
51.965319, 8.031503, 4.096098, 0.080114, 0.169870, 0.799133, 0.799133, 467097.001862, 6120.572424 
112.088382, 12.715374, 10.999729, 0.154863, 0.067607, 0.083842, 0.780786, 70327.897769, 2779.681404 
44.559130, 6.216987, 3.262902, 0.061784, 0.142097, 0.613978, 0.613978, 2000000000000000.000000, 1000000000000000.000000 
112.597666, 16.152877, 10.695316, 0.125557, 0.059521, 0.387828, 0.511043, 66865.375651, 2629.117239 
72.429513, 20.979504, 11.394781, 0.105160, 0.054395, 1.510434, 1.387851, 86389.200011, 2298.860093 
85.297359, 15.735427, 9.797236, 0.153158, 0.055238, 1.653308, 0.838701, 77510.107152, 2602.286802 
117.167239, 15.811353, 10.793459, 0.127247, 0.071598, 0.350871, 0.587120, 70824.082848, 2680.651019 
101.287951, 15.315267, 11.300222, 0.154230, 0.069817, 0.261216, 0.802223, 72700.010840, 2556.349197 
95.140476, 19.025902, 9.564729, 0.171102, 0.069903, 1.192858, 0.854014, 76507.983238, 2480.936461 
84.329542, 16.857936, 9.976307, 0.153700, 0.053877, 1.715699, 0.918846, 76352.781183, 2523.040744 
42.671363, 5.754484, 3.050528, 0.057112, 0.135018, 0.566784, 0.566784, 2000000000000000.000000, 1000000000000000.000000 
77.246439, 23.552209, 10.604540, 0.050213, 0.063349, 1.290597, 0.999473, 112381.737461, 2254.055098 
93.465457, 14.862357, 10.255266, 0.171951, 0.056015, 1.285251, 0.963302, 70389.987380, 2625.865643 
29.251755, 2.466680, 1.540822, 0.023898, 0.084694, 0.231294, 0.231294, 2000000000000000.000000, 1000000000000000.000000 
38.844099, 4.816804, 2.619961, 0.047639, 0.120665, 0.471102, 0.471102, 2000000000000000.000000, 1000000000000000.000000 
105.207519, 16.468633, 11.067277, 0.143169, 0.064890, 0.268630, 0.693979, 70488.539156, 2538.357555 
119.684855, 14.632585, 9.978968, 0.171142, 0.059832, 0.309175, 0.700067, 64202.782773, 2821.070688 
59.018860, 9.759621, 4.889622, 0.097572, 0.196321, 0.975471, 0.975471, 343957.596364, 4650.619768 
75.277622, 21.143255, 11.425424, 0.105595, 0.053809, 1.502179, 1.314268, 82939.034671, 2284.830677 
84.572680, 17.193864, 9.232673, 0.150434, 0.063835, 1.726959, 1.062942, 85178.711011, 2557.434399 
92.557617, 16.157870, 10.353448, 0.178003, 0.065110, 1.120610, 1.078392, 73711.026839, 2541.437862 
99.679253, 13.614047, 11.203487, 0.147977, 0.079753, 0.308466, 0.889208, 80615.314121, 2657.163475 
35.206335, 3.925552, 2.210713, 0.038636, 0.107024, 0.380158, 0.380158, 2000000000000000.000000, 1000000000000000.000000 
105.318927, 17.190406, 10.739093, 0.148412, 0.051074, 0.218512, 0.769873, 67364.155018, 2529.676911 
28.735624, 2.340228, 1.482758, 0.022621, 0.082759, 0.218391, 0.218391, 2000000000000000.000000, 1000000000000000.000000 
79.516368, 20.953580, 11.292432, 0.097731, 0.054778, 1.517721, 1.280435, 82760.156763, 2291.715904 
33.404798, 3.484175, 2.008040, 0.034177, 0.100268, 0.335120, 0.335120, 2000000000000000.000000, 1000000000000000.000000 
86.288224, 18.651962, 9.470448, 0.150039, 0.055011, 1.735670, 1.004603, 78794.367392, 2472.725349 
75.147234, 21.432206, 10.509133, 0.096423, 0.064924, 1.459936, 1.242434, 94372.189351, 2310.950313 
37.019706, 4.369828, 2.414717, 0.043124, 0.113824, 0.425493, 0.425493, 2000000000000000.000000, 1000000000000000.000000 
79.323549, 21.080884, 11.100438, 0.095586, 0.060946, 1.513923, 1.304702, 87483.285409, 2294.975472 
72.454275, 26.061611, 9.961724, 0.025846, 0.054186, 1.268649, 0.866110, 142787.798543, 2237.830068 
87.079960, 16.021352, 10.326271, 0.179693, 0.067788, 1.243108, 1.028339, 76871.066611, 2547.935380 
81.122830, 21.157181, 11.141162, 0.096474, 0.071010, 1.499454, 1.361027, 91404.521847, 2292.300889 
76.128275, 23.749922, 10.672473, 0.048957, 0.061029, 0.980301, 0.852682, 112608.429346, 2246.394662 
24.177532, 1.223495, 0.969972, 0.011339, 0.065666, 0.104438, 0.104438, 2000000000000000.000000, 1000000000000000.000000 
90.590804, 15.895824, 10.577617, 0.174620, 0.068672, 1.224974, 1.011400, 73923.546835, 2540.106651 
104.825219, 14.116107, 11.127455, 0.151847, 0.064802, 0.333033, 0.792372, 69571.385124, 2646.119470 
21.625329, 0.598206, 0.682849, 0.005023, 0.056095, 0.040633, 0.040633, 2000000000000000.000000, 1000000000000000.000000 
102.026183, 17.124737, 10.269449, 0.141623, 0.050279, 0.565450, 0.649199, 68136.612657, 2539.566834 
78.649036, 26.086294, 9.506781, 0.030231, 0.052122, 1.157291, 0.788481, 130430.713788, 2272.265610 
73.728047, 19.751451, 11.275065, 0.095041, 0.051156, 1.734327, 1.086541, 83875.812572, 2346.509286 
30.491009, 2.770297, 1.680238, 0.026965, 0.089341, 0.262275, 0.262275, 2000000000000000.000000, 1000000000000000.000000 
103.249841, 13.951751, 10.550426, 0.135546, 0.065143, 0.340973, 0.587128, 73519.647543, 2688.023228 
106.101787, 12.218498, 11.234367, 0.163126, 0.058686, 0.309581, 0.621154, 62400.018236, 2770.579413 
99.253141, 13.755104, 10.717119, 0.146720, 0.060978, 0.239872, 0.573006, 72026.605210, 2677.682222 
42.907616, 5.812366, 3.077107, 0.057696, 0.135904, 0.572690, 0.572690, 2000000000000000.000000, 1000000000000000.000000 
111.139035, 14.455593, 10.630671, 0.145365, 0.051315, 0.253473, 0.577303, 63078.209008, 2698.629794 
73.182629, 21.733695, 11.078787, 0.093757, 0.063886, 1.550188, 1.260676, 92316.044934, 2282.035935 
90.716908, 15.953010, 10.631248, 0.173794, 0.069225, 1.195080, 0.960615, 73475.518234, 2533.842930 
83.017551, 23.270763, 9.688360, 0.064538, 0.057163, 1.232336, 1.141964, 104121.706785, 2317.019971 
119.405028, 13.193292, 10.209998, 0.175906, 0.056214, 0.342768, 0.676952, 59901.345935, 2875.429140 
41.494267, 5.466096, 2.918105, 0.054198, 0.130604, 0.537357, 0.537357, 2000000000000000.000000, 1000000000000000.000000 
82.010808, 23.283023, 10.319054, 0.053010, 0.055016, 1.164597, 0.852628, 101807.785637, 2280.379604 
80.708855, 23.393928, 10.953902, 0.027744, 0.061163, 1.232175, 0.879129, 138999.455740, 2248.586384 
105.790769, 11.987588, 11.740215, 0.163290, 0.064317, 0.474487, 0.674665, 61379.179182, 2753.719005 
119.478121, 14.072904, 9.958188, 0.188253, 0.050383, 0.287262, 0.779498, 59911.962762, 2849.584940 
84.063374, 16.775943, 9.844856, 0.161099, 0.054611, 1.726942, 0.879597, 76631.880827, 2536.410636 
74.796265, 25.963652, 9.834800, 0.034452, 0.059994, 1.305392, 0.664796, 123958.365771, 2248.087334 
89.876624, 17.154806, 10.071316, 0.162223, 0.072665, 1.313505, 1.104570, 79817.607303, 2504.100670 
46.586535, 6.713701, 3.490985, 0.066802, 0.149700, 0.664663, 0.664663, 641465.339696, 8186.535929 
84.091237, 17.920208, 9.925895, 0.145187, 0.055776, 1.816491, 1.175210, 79079.097583, 2471.806575 
80.989085, 23.142953, 10.779347, 0.068999, 0.064887, 1.141235, 0.820987, 95581.836356, 2260.568803 
101.979259, 13.890836, 11.229384, 0.153295, 0.069489, 0.450664, 0.872861, 71966.120265, 2642.740053 
92.292489, 18.272332, 9.546040, 0.172695, 0.065886, 1.363037, 1.091195, 78053.842221, 2498.154812 
108.187459, 11.898065, 11.483113, 0.152877, 0.058110, 0.236637, 0.742152, 63535.710616, 2783.773035 
116.082355, 15.805398, 10.537835, 0.119870, 0.056152, 0.285918, 0.498637, 66879.596824, 2686.487753 
31.237494, 2.953186, 1.764218, 0.028813, 0.092141, 0.280937, 0.280937, 2000000000000000.000000, 1000000000000000.000000 
54.669758, 8.694091, 4.400348, 0.086808, 0.180012, 0.866744, 0.866744, 410651.113034, 5447.453537 
57.124417, 9.295482, 4.676497, 0.092883, 0.189217, 0.928110, 0.928110, 370094.425584, 4962.947498 
44.239891, 6.138773, 3.226988, 0.060994, 0.140900, 0.605997, 0.605997, 2000000000000000.000000, 1000000000000000.000000 
94.281073, 16.198821, 10.268547, 0.173585, 0.059476, 1.155390, 0.879480, 70289.743144, 2548.451080 
76.452967, 23.338570, 10.776621, 0.056768, 0.062327, 1.287479, 1.005650, 105874.101009, 2250.650323 
83.254006, 18.739681, 9.235778, 0.148050, 0.063824, 1.753339, 1.025875, 84982.492626, 2482.913278 
83.114966, 16.488167, 10.272259, 0.151659, 0.072829, 1.501599, 0.753516, 80388.158924, 2528.755363 
90.809005, 15.302882, 10.272856, 0.182656, 0.060661, 1.201569, 0.732021, 70746.394875, 2594.768832 
92.393171, 15.461444, 9.914039, 0.187551, 0.051998, 1.150490, 0.774393, 69922.390530, 2610.662101 
106.582220, 13.096036, 10.321347, 0.149523, 0.054813, 0.417651, 0.594839, 66358.098974, 2777.377905 
34.346221, 3.714824, 2.113950, 0.036507, 0.103798, 0.358656, 0.358656, 2000000000000000.000000, 1000000000000000.000000 
27.021172, 1.920187, 1.289882, 0.018377, 0.076329, 0.175529, 0.175529, 2000000000000000.000000, 1000000000000000.000000 
74.945803, 19.753011, 10.877371, 0.104531, 0.061130, 1.666163, 1.057558, 86788.078209, 2356.356439 
105.667343, 12.177448, 11.325133, 0.158590, 0.055446, 0.260902, 0.755861, 63637.986948, 2766.303813 
