88.089916, 18.029850, 9.352790, 0.147735, 0.062072, 1.821772, 0.997536, 80639.136594, 2511.228525 
81.835820, 16.338479, 10.771819, 0.175281, 0.052481, 1.260169, 0.746879, 72335.037379, 2515.888459 
107.524695, 12.440437, 11.327687, 0.162282, 0.059979, 0.277849, 0.630893, 62196.230241, 2752.231374 
52.116091, 8.068442, 4.113060, 0.080487, 0.170435, 0.802902, 0.802902, 463546.779384, 6078.291279 
96.336014, 16.368642, 11.168393, 0.158448, 0.070079, 0.208792, 0.711090, 74256.777164, 2494.544147 
69.239906, 22.070884, 12.306891, 0.089615, 0.051889, 1.650682, 1.255008, 84734.052573, 2252.021690 
45.121736, 6.354825, 3.326195, 0.063176, 0.144207, 0.628043, 0.628043, 2000000000000000.000000, 1000000000000000.000000 
87.726009, 17.684963, 8.977423, 0.147906, 0.059043, 1.775955, 1.094534, 83850.297183, 2557.199083 
39.136022, 4.888325, 2.652802, 0.048362, 0.121760, 0.478401, 0.478401, 2000000000000000.000000, 1000000000000000.000000 
67.131548, 21.975949, 12.018283, 0.089108, 0.055600, 1.569146, 1.152176, 89228.292314, 2272.840999 
105.027482, 12.845796, 12.238136, 0.160760, 0.063197, 0.311925, 0.821088, 62888.160377, 2662.103850 
74.821459, 23.383595, 11.816253, 0.098071, 0.052058, 1.414958, 1.133778, 79674.706114, 2215.706551 
75.254605, 19.322579, 11.712825, 0.099924, 0.059429, 1.456634, 1.415014, 88733.446486, 2345.606850 
89.150813, 18.054056, 9.111464, 0.146610, 0.061914, 1.839420, 1.148652, 83033.820988, 2532.039444 
66.947696, 25.139324, 11.054846, 0.074737, 0.050770, 1.671522, 1.228814, 92726.839801, 2211.794762 
76.244964, 26.974839, 9.609765, 0.040938, 0.058984, 1.260934, 0.612892, 114323.613064, 2250.671570 
39.075379, 4.873468, 2.645980, 0.048212, 0.121533, 0.476884, 0.476884, 2000000000000000.000000, 1000000000000000.000000 
107.819973, 12.373515, 11.634263, 0.151529, 0.062827, 0.328604, 0.948752, 67078.287311, 2737.714759 
43.225285, 5.890195, 3.112845, 0.058483, 0.137095, 0.580632, 0.580632, 2000000000000000.000000, 1000000000000000.000000 
67.215999, 22.946077, 11.257448, 0.086014, 0.050589, 1.605155, 1.353568, 91623.498960, 2258.656755 
103.748856, 12.207694, 12.158478, 0.154078, 0.069475, 0.251204, 0.867236, 68986.050352, 2708.978140 
76.429576, 26.235897, 10.133122, 0.034320, 0.057384, 1.244565, 0.977911, 129275.440632, 2232.368080 
27.022860, 1.920601, 1.290072, 0.018382, 0.076336, 0.175571, 0.175571, 2000000000000000.000000, 1000000000000000.000000 
103.429154, 13.597812, 12.092880, 0.170350, 0.060774, 0.367323, 0.824227, 61623.276590, 2617.790740 
103.088645, 15.101121, 11.842198, 0.155541, 0.052452, 0.288743, 0.617709, 60195.103311, 2547.576371 
105.615471, 13.710289, 11.157218, 0.159799, 0.066482, 0.231225, 0.956196, 71781.634378, 2671.880142 
39.410720, 4.955626, 2.683706, 0.049042, 0.122790, 0.485268, 0.485268, 2000000000000000.000000, 1000000000000000.000000 
98.969081, 13.311610, 11.501438, 0.166888, 0.054633, 0.288609, 0.709070, 64407.421078, 2660.271610 
89.110547, 16.133151, 10.378990, 0.193665, 0.060533, 1.238080, 0.725709, 69917.405069, 2537.652446 
103.599194, 13.806369, 10.632436, 0.145001, 0.070027, 0.631187, 0.413970, 67926.881750, 2692.842425 
104.837657, 16.245689, 11.863412, 0.140701, 0.063841, 0.237132, 0.649805, 66541.896925, 2506.713185 
95.367216, 20.084629, 9.409396, 0.196390, 0.064436, 1.253290, 0.956721, 74319.609141, 2460.182567 
85.638506, 17.638924, 9.220492, 0.148745, 0.058924, 1.828301, 1.208390, 83787.276712, 2536.184990 
79.476799, 23.430744, 10.946215, 0.064205, 0.056983, 1.311045, 0.936065, 93634.015616, 2245.868102 
107.926717, 12.655174, 11.058931, 0.167723, 0.067306, 0.307935, 0.668620, 65443.430414, 2757.514033 
78.421873, 27.805513, 10.048741, 0.035789, 0.051847, 1.236214, 0.707565, 113099.141074, 2225.953442 
72.887046, 20.927107, 11.208720, 0.107108, 0.064458, 1.574062, 1.139858, 87751.154759, 2305.190943 
110.933064, 12.048763, 11.204273, 0.164477, 0.064361, 0.314021, 0.673894, 62562.539984, 2803.644078 
84.843031, 16.789659, 10.412622, 0.178595, 0.051197, 1.277731, 0.790585, 71472.035398, 2500.475486 
103.264270, 14.149282, 11.409588, 0.157473, 0.057955, 0.262914, 0.831560, 66528.680695, 2620.979506 
55.809554, 8.973341, 4.528575, 0.089629, 0.184286, 0.895239, 0.895239, 390755.443356, 5209.828507 
97.513116, 15.663979, 10.971300, 0.135362, 0.054510, 0.189131, 0.866624, 74841.641936, 2542.968817 
40.630723, 5.254527, 2.820956, 0.052061, 0.127365, 0.515768, 0.515768, 2000000000000000.000000, 1000000000000000.000000 
103.624651, 14.558184, 11.637386, 0.147146, 0.068762, 0.286113, 0.627768, 68056.396439, 2587.402754 
86.795985, 15.520110, 10.545853, 0.180137, 0.061358, 1.124929, 0.760961, 72760.968629, 2567.342526 
102.893710, 15.509529, 10.595373, 0.150542, 0.061047, 0.347999, 0.714215, 70899.205014, 2595.484409 
76.912790, 22.792842, 11.213896, 0.099102, 0.074842, 1.494914, 1.182574, 90876.808738, 2246.520912 
106.762493, 12.675618, 11.377873, 0.153902, 0.061735, 0.254800, 0.928855, 68499.788252, 2729.526603 
78.669418, 22.936836, 11.145885, 0.096387, 0.062531, 1.516909, 1.253204, 86380.967531, 2247.149367 
33.634603, 3.540478, 2.033893, 0.034746, 0.101130, 0.340865, 0.340865, 2000000000000000.000000, 1000000000000000.000000 
64.819891, 22.943861, 11.347538, 0.075184, 0.055378, 1.634106, 1.180204, 97510.970680, 2268.943426 
72.819739, 22.687187, 11.349936, 0.079606, 0.052191, 1.537635, 1.250065, 89283.446696, 2246.752524 
48.557209, 7.196516, 3.712686, 0.071679, 0.157090, 0.713930, 0.713930, 564579.986193, 7278.190625 
77.082588, 20.043304, 11.080372, 0.117348, 0.056966, 1.810199, 1.135811, 79914.566027, 2331.707133 
68.178541, 22.483700, 11.599790, 0.073970, 0.068746, 1.527213, 1.176295, 102411.206962, 2259.156956 
102.472883, 11.778594, 11.538405, 0.173886, 0.055402, 0.323562, 0.660115, 60900.269033, 2781.055747 
83.544775, 18.484605, 9.860566, 0.139176, 0.052931, 1.665277, 1.021150, 78876.374863, 2450.361796 
104.711681, 17.971084, 10.137735, 0.145103, 0.056390, 0.503677, 0.674800, 70224.678770, 2534.191864 
106.912598, 12.501421, 11.503952, 0.163046, 0.059379, 0.276347, 0.660538, 61738.511596, 2733.985183 
74.599209, 22.753382, 11.606180, 0.097712, 0.057420, 1.534451, 1.250168, 83972.196542, 2235.480801 
77.739469, 23.984435, 10.119480, 0.058920, 0.068262, 1.153921, 0.871165, 109826.502316, 2268.829563 
68.142020, 21.875669, 11.763975, 0.092389, 0.065380, 1.649811, 1.210769, 92966.004521, 2275.926756 
54.625454, 8.683236, 4.395364, 0.086698, 0.179845, 0.865636, 0.865636, 411465.703355, 5457.179436 
104.330548, 14.493709, 10.955988, 0.150222, 0.055216, 0.689244, 0.489318, 61298.478665, 2633.097480 
78.109974, 22.546902, 11.008972, 0.068576, 0.069720, 1.331448, 0.985185, 100187.955528, 2260.025274 
40.229352, 5.156191, 2.775802, 0.051068, 0.125860, 0.505734, 0.505734, 2000000000000000.000000, 1000000000000000.000000 
99.113563, 19.608202, 9.065784, 0.190437, 0.060225, 1.190101, 0.942223, 74835.839693, 2522.801864 
40.565148, 5.238461, 2.813579, 0.051899, 0.127119, 0.514129, 0.514129, 2000000000000000.000000, 1000000000000000.000000 
96.082107, 16.307832, 10.560215, 0.145702, 0.059379, 0.732595, 0.606967, 70366.543182, 2530.005466 
50.698653, 7.721170, 3.953599, 0.076979, 0.165120, 0.767466, 0.767466, 499191.163816, 6502.420149 
107.762142, 13.313305, 11.014871, 0.162586, 0.052028, 0.289665, 0.642472, 60902.331203, 2716.052015 
78.665275, 22.915010, 10.943893, 0.064939, 0.053848, 1.191630, 1.052470, 95097.819505, 2254.948864 
102.369404, 13.112357, 11.007312, 0.171314, 0.058078, 0.252772, 0.805690, 67035.698000, 2710.288313 
103.068495, 16.018089, 10.839139, 0.161411, 0.054775, 0.370916, 0.642182, 64859.897143, 2557.394220 
33.080862, 3.404811, 1.971597, 0.033375, 0.099053, 0.327022, 0.327022, 2000000000000000.000000, 1000000000000000.000000 
109.298906, 13.805500, 11.282526, 0.162812, 0.055558, 0.332110, 0.585677, 59233.100197, 2677.629116 
23.106467, 0.961084, 0.849477, 0.008689, 0.061649, 0.077662, 0.077662, 2000000000000000.000000, 1000000000000000.000000 
83.040584, 21.715350, 11.612779, 0.089881, 0.057012, 1.448279, 1.217871, 81858.032588, 2265.052057 
81.038415, 22.551906, 11.425709, 0.041278, 0.055947, 1.358629, 0.787436, 103917.303961, 2249.151941 
83.647900, 16.127049, 10.905836, 0.171176, 0.064161, 1.325238, 0.699060, 72886.763199, 2516.966831 
110.721953, 13.896905, 10.739911, 0.148805, 0.055028, 0.581599, 0.445721, 59533.685914, 2718.136937 
33.267519, 3.450542, 1.992596, 0.033837, 0.099753, 0.331688, 0.331688, 2000000000000000.000000, 1000000000000000.000000 
107.034143, 12.905597, 11.124851, 0.146577, 0.075140, 0.316378, 1.006909, 77630.289839, 2731.859752 
85.808603, 19.313524, 8.984817, 0.158933, 0.053252, 1.879006, 1.006743, 80593.230390, 2483.898940 
106.267823, 12.662029, 11.923681, 0.162278, 0.059138, 0.238657, 0.835212, 62700.490303, 2695.102162 
53.539511, 8.417180, 4.273195, 0.084010, 0.175773, 0.838488, 0.838488, 432497.369100, 5708.179603 
101.496385, 15.581245, 11.326918, 0.138710, 0.055982, 0.323175, 0.703833, 67681.242186, 2542.886282 
100.119101, 13.894333, 11.799554, 0.160638, 0.057070, 0.447643, 0.748321, 63094.144620, 2606.357923 
103.372154, 13.350539, 11.244432, 0.158308, 0.054740, 0.217257, 0.815392, 66150.592250, 2680.981647 
98.089345, 13.977051, 11.949144, 0.170742, 0.052485, 0.246657, 0.702381, 61876.036650, 2590.874224 
77.777496, 27.302834, 10.090480, 0.039979, 0.061855, 1.339933, 0.680757, 114269.121813, 2226.415307 
68.065668, 24.649460, 11.250193, 0.084751, 0.062024, 1.655683, 1.326217, 94776.670834, 2213.061256 
123.156701, 14.105775, 10.629353, 0.177605, 0.057043, 0.410600, 0.562039, 54964.554284, 2833.552920 
108.640725, 12.447445, 11.728797, 0.158747, 0.060719, 0.410085, 0.722795, 60501.275099, 2729.759217 
32.033959, 3.148320, 1.853820, 0.030784, 0.095127, 0.300849, 0.300849, 2000000000000000.000000, 1000000000000000.000000 
122.975722, 15.397623, 10.386337, 0.172209, 0.063794, 0.417979, 0.602909, 60114.274315, 2792.723798 
108.684487, 11.899378, 11.815537, 0.159870, 0.073169, 0.450636, 0.828402, 65526.261107, 2762.967098 
68.685448, 22.146461, 10.945897, 0.108257, 0.055709, 1.451618, 1.303206, 89885.235350, 2287.631866 
105.108730, 13.521814, 10.596344, 0.135001, 0.053213, 0.502535, 0.317965, 63045.667618, 2720.226585 
28.433314, 2.266162, 1.448748, 0.021872, 0.081625, 0.210833, 0.210833, 2000000000000000.000000, 1000000000000000.000000 
122.304299, 14.979130, 10.730851, 0.183588, 0.060880, 0.460440, 0.614392, 56017.134641, 2776.728071 
106.415661, 12.457434, 10.807877, 0.156963, 0.065004, 0.329966, 0.555045, 66500.215845, 2784.688224 
106.309893, 15.898126, 10.622104, 0.155544, 0.068195, 0.263434, 0.750587, 72451.309843, 2595.568236 
69.540413, 21.899689, 10.957374, 0.119300, 0.059177, 1.439844, 1.204272, 87666.937435, 2291.965299 
29.672339, 2.569723, 1.588138, 0.024939, 0.086271, 0.241808, 0.241808, 2000000000000000.000000, 1000000000000000.000000 
89.526865, 17.246721, 10.386640, 0.182208, 0.056525, 1.304617, 0.847356, 69765.916745, 2479.928849 
34.215587, 3.682819, 2.099254, 0.036184, 0.103308, 0.355390, 0.355390, 2000000000000000.000000, 1000000000000000.000000 
101.176955, 13.955227, 11.690424, 0.169069, 0.059096, 0.417561, 0.799419, 63461.288378, 2610.571300 
112.619798, 12.564609, 11.002490, 0.169061, 0.055027, 0.267225, 0.664136, 59204.571504, 2792.654088 
95.513098, 18.812283, 9.401195, 0.193734, 0.067163, 1.297976, 1.044808, 75716.874925, 2502.345992 
108.517039, 13.216783, 10.873712, 0.145562, 0.053025, 0.680028, 0.514973, 59580.006939, 2736.052396 
80.106562, 15.771025, 10.626855, 0.180409, 0.053285, 1.394168, 0.761991, 74454.162449, 2570.219005 
25.268912, 1.490884, 1.092753, 0.014041, 0.069758, 0.131723, 0.131723, 2000000000000000.000000, 1000000000000000.000000 
109.789683, 13.148151, 11.636862, 0.176555, 0.062395, 0.509890, 0.682364, 57629.971087, 2696.486909 
99.165493, 15.286805, 11.336429, 0.162490, 0.065680, 0.245396, 0.697349, 69491.355417, 2548.061576 
69.352518, 24.814060, 10.218748, 0.061156, 0.057557, 1.267782, 0.750917, 101963.747566, 2246.811078 
72.183477, 21.460701, 11.757178, 0.089197, 0.064519, 1.459511, 1.342633, 93785.039557, 2272.635396 
75.993395, 27.015151, 9.633982, 0.031208, 0.050610, 1.265588, 0.627723, 120105.083552, 2248.375675 
108.304799, 12.562455, 11.580367, 0.150703, 0.061992, 0.308777, 0.941610, 67004.672549, 2730.037597 
99.030102, 16.591996, 11.417062, 0.158297, 0.066500, 0.305380, 0.717490, 69545.305703, 2482.730647 
71.477462, 21.790286, 11.883450, 0.083544, 0.062824, 1.642920, 1.217789, 91567.442207, 2261.027598 
81.811381, 17.913646, 9.198329, 0.138878, 0.067855, 1.830421, 1.114408, 89536.446154, 2523.578532 
73.323473, 22.905415, 10.566252, 0.106113, 0.060071, 1.520747, 1.141142, 87953.757306, 2269.461722 
80.892458, 20.955516, 11.705580, 0.093294, 0.054177, 1.579368, 1.399761, 81705.608027, 2278.588264 
101.773529, 12.895121, 11.553754, 0.177218, 0.054021, 0.294320, 0.674764, 60808.124112, 2690.336119 
84.659160, 16.645869, 10.590836, 0.174520, 0.056403, 1.369637, 0.753593, 71650.415076, 2499.168725 
86.566569, 18.498437, 9.638413, 0.135253, 0.052209, 1.615167, 1.108596, 79612.853152, 2467.547228 
103.757933, 13.051656, 11.265365, 0.151585, 0.054929, 0.279339, 0.665884, 64509.102299, 2701.148539 
