59.733096, 10.474830, 4.518572, 0.021532, 0.050679, 0.935518, 0.948732, 364285.952078, 4493.796003 
45.347117, 6.410044, 3.351551, 0.063734, 0.145052, 0.633678, 0.633678, 2000000000000000.000000, 1000000000000000.000000 
62.726037, 10.336987, 6.239897, 0.014667, 0.054645, 1.124749, 0.922471, 379541.240636, 4127.702902 
61.360413, 11.499341, 6.217973, 0.010774, 0.063442, 1.215878, 0.997583, 461286.012672, 3847.189951 
43.158034, 5.873718, 3.105279, 0.058316, 0.136843, 0.578951, 0.578951, 2000000000000000.000000, 1000000000000000.000000 
61.690214, 10.916256, 6.143279, 0.005517, 0.073577, 1.085901, 0.981846, 717694.441243, 3999.450224 
59.581486, 11.827788, 5.106989, 0.105371, 0.060746, 0.903725, 0.928732, 199187.724287, 4010.057796 
27.489031, 2.034813, 1.342516, 0.019535, 0.078084, 0.187226, 0.187226, 2000000000000000.000000, 1000000000000000.000000 
56.936205, 9.852164, 4.901517, 0.119439, 0.074596, 1.118028, 1.014793, 233338.249771, 4710.769475 
63.218401, 10.221092, 5.925755, 0.013066, 0.064240, 1.097813, 1.165580, 483201.534645, 4173.713240 
64.426327, 10.785117, 4.458231, 0.073952, 0.171443, 0.585666, 0.777888, 348305.122640, 4329.826319 
61.084983, 8.917365, 5.547045, 0.131692, 0.065529, 1.109200, 0.985501, 206773.251303, 4827.482641 
58.904031, 9.437560, 4.234931, 0.070113, 0.144874, 0.686427, 0.905870, 386663.670606, 4936.546388 
60.087276, 11.809212, 5.528742, 0.014970, 0.066847, 1.023616, 0.886900, 412584.554453, 3911.522590 
61.219299, 9.945338, 5.416759, 0.061304, 0.131580, 0.716432, 0.911884, 335202.749898, 4407.441938 
67.290097, 11.621253, 5.253723, 0.105467, 0.071574, 0.857287, 0.908497, 189353.158238, 3859.224743 
60.937120, 10.228760, 4.501450, 0.093693, 0.134899, 0.919295, 0.797779, 287906.442254, 4532.995601 
60.724898, 10.704815, 5.369115, 0.012693, 0.077194, 1.159548, 0.995315, 521393.172877, 4196.287035 
56.838253, 11.634825, 5.739858, 0.007702, 0.052900, 1.079961, 1.136524, 569832.496940, 4034.177411 
20.686844, 0.368277, 0.577270, 0.002700, 0.052576, 0.017171, 0.017171, 2000000000000000.000000, 1000000000000000.000000 
66.127792, 11.426721, 5.045068, 0.013524, 0.062408, 1.262530, 1.123485, 439012.067221, 3972.390788 
59.254651, 11.478183, 5.727885, 0.012143, 0.062904, 1.181301, 1.171118, 481032.161383, 3984.546105 
60.468032, 11.544031, 5.347695, 0.015004, 0.078510, 1.015957, 1.116815, 491913.959456, 3995.354892 
60.361267, 10.189009, 4.200129, 0.084887, 0.159440, 0.948793, 0.766070, 330103.016568, 4667.245979 
62.367279, 9.831070, 5.505754, 0.013646, 0.071407, 1.158699, 1.132534, 518681.402234, 4388.186346 
42.642867, 5.747502, 3.047323, 0.057041, 0.134911, 0.566072, 0.566072, 2000000000000000.000000, 1000000000000000.000000 
60.652296, 10.869829, 5.835028, 0.009314, 0.054526, 1.039267, 1.010811, 505444.080143, 4084.873267 
58.905858, 10.661138, 3.910355, 0.086838, 0.156078, 0.798780, 0.756690, 341237.772358, 4708.862256 
64.625177, 9.888438, 5.144184, 0.014502, 0.079176, 1.111834, 1.048291, 518196.600050, 4355.601054 
61.224375, 9.406165, 5.994373, 0.007171, 0.054623, 1.093844, 0.956229, 619194.327806, 4575.285214 
64.759212, 9.624241, 4.716434, 0.104304, 0.071430, 0.851861, 0.797054, 219789.460827, 4540.728312 
59.895460, 9.189284, 5.296792, 0.057266, 0.136972, 0.786171, 0.845523, 370646.212169, 4783.699891 
30.166209, 2.690721, 1.643699, 0.026161, 0.088123, 0.254155, 0.254155, 2000000000000000.000000, 1000000000000000.000000 
60.103645, 10.398959, 5.194319, 0.013933, 0.050448, 1.107893, 1.001855, 418421.757163, 4338.842999 
61.418753, 9.780706, 5.142835, 0.048310, 0.128515, 0.798084, 0.831341, 368023.242907, 4499.066592 
59.337095, 10.084148, 5.010380, 0.111770, 0.056647, 1.086409, 1.000691, 209782.137830, 4502.207424 
56.780261, 9.211164, 4.637779, 0.092031, 0.187926, 0.919507, 0.919507, 375285.030555, 5024.977194 
70.066358, 10.743612, 4.907684, 0.111076, 0.072814, 1.017762, 0.873930, 192826.105261, 4094.414149 
60.297576, 8.237974, 5.280226, 0.110025, 0.058925, 1.015252, 0.954789, 229474.698436, 5263.470632 
58.082210, 8.200247, 5.238640, 0.084786, 0.171985, 0.040132, 0.964532, 461782.820591, 5471.441519 
61.491178, 11.040762, 5.691960, 0.007922, 0.055215, 1.044647, 0.950787, 534315.475557, 4027.240823 
61.617379, 11.245924, 4.177460, 0.099245, 0.139137, 0.971642, 0.906832, 289186.737913, 4396.802768 
61.530050, 10.629352, 4.468599, 0.080746, 0.160041, 0.782295, 1.013316, 343834.724026, 4422.844144 
62.022310, 9.257754, 5.467274, 0.115739, 0.066999, 0.986685, 1.060270, 211031.657428, 4626.901593 
53.521747, 11.645154, 4.577097, 0.084657, 0.173320, 0.838643, 0.785973, 336346.553930, 4376.306797 
61.559805, 11.775253, 3.868168, 0.084857, 0.175862, 0.817750, 0.864930, 352023.185173, 4450.229064 
58.913313, 9.226022, 5.198402, 0.116676, 0.061371, 1.065513, 1.016374, 220462.960901, 4830.945651 
61.362288, 10.793228, 5.554115, 0.010898, 0.055022, 1.210270, 0.881480, 442950.998051, 4119.442952 
64.790548, 10.978414, 5.588371, 0.011814, 0.071264, 1.186961, 1.163866, 510262.658001, 3966.888681 
61.557464, 9.633643, 5.474093, 0.067514, 0.137437, 0.742541, 0.852513, 324520.698892, 4498.394973 
67.137968, 11.332307, 4.828488, 0.123332, 0.078173, 1.028978, 0.946878, 196904.144294, 4042.045016 
64.826429, 8.426333, 5.141739, 0.080185, 0.166904, 0.049829, 1.085194, 426194.473418, 4901.793909 
59.937075, 11.403366, 5.357205, 0.019388, 0.050713, 1.107466, 0.849590, 321756.938081, 4041.775004 
55.144527, 10.487783, 4.438958, 0.090418, 0.154437, 0.797872, 0.919987, 340402.504073, 4672.065837 
58.617233, 9.515773, 4.942644, 0.073262, 0.167185, 0.648717, 0.710583, 362743.165711, 4752.881832 
61.948908, 11.889837, 5.303246, 0.107552, 0.055070, 1.076556, 0.916600, 181954.042409, 3894.136833 
61.585972, 10.725332, 5.036278, 0.075877, 0.163778, 0.771488, 0.793936, 317806.582857, 4232.161225 
29.228155, 2.460898, 1.538167, 0.023840, 0.084606, 0.230704, 0.230704, 2000000000000000.000000, 1000000000000000.000000 
63.402295, 9.941141, 6.111916, 0.001563, 0.051166, 1.215854, 0.943920, 1008091.852050, 4243.200386 
64.085912, 9.646658, 3.801943, 0.088332, 0.129076, 0.989659, 0.930155, 323633.129733, 4917.540999 
64.483036, 10.487022, 4.795531, 0.080896, 0.181758, 0.494355, 0.749081, 336438.635992, 4284.963413 
65.392778, 9.202719, 4.435238, 0.105368, 0.058638, 0.994390, 0.678565, 214003.181910, 4747.070431 
66.368698, 11.434848, 5.248477, 0.001458, 0.056341, 1.108242, 1.107035, 1055924.603817, 3911.331391 
62.903578, 10.350713, 4.664997, 0.087339, 0.130721, 0.879995, 0.898390, 286880.225444, 4396.431470 
54.344825, 9.947018, 6.310406, 0.082976, 0.161406, 0.904966, 0.764319, 331630.599432, 4870.849771 
62.580877, 10.773448, 5.555215, 0.008608, 0.062103, 1.283728, 1.216037, 580614.493377, 4085.503204 
55.740530, 9.677078, 4.517309, 0.092289, 0.170268, 0.790802, 1.008474, 370462.788738, 4907.681287 
59.305464, 9.643700, 5.043493, 0.104748, 0.079174, 1.097449, 0.992564, 235676.459863, 4654.773856 
59.619404, 10.040321, 4.051267, 0.073975, 0.154098, 0.723650, 0.850272, 374600.329171, 4790.138188 
62.908482, 9.707004, 5.512146, 0.121651, 0.060568, 1.098624, 1.044691, 192996.937835, 4409.142879 
63.716713, 9.853823, 5.837189, 0.101140, 0.177640, 0.002637, 0.924793, 332509.314280, 4285.909559 
57.275507, 10.562639, 4.425424, 0.080128, 0.166096, 0.817956, 0.749517, 343879.948244, 4575.381131 
55.626443, 10.904865, 5.665009, 0.015666, 0.061141, 1.066824, 1.054374, 444959.429251, 4318.779715 
61.646987, 9.060391, 5.750291, 0.019828, 0.051301, 1.136111, 0.982382, 365044.745213, 4716.567785 
65.856950, 10.236770, 5.372124, 0.025446, 0.055827, 0.890099, 0.916600, 309109.381007, 4172.583532 
62.281966, 11.667121, 6.205065, 0.009314, 0.062024, 1.187557, 0.998172, 484521.394489, 3778.322122 
62.834317, 11.933514, 5.845576, 0.022235, 0.053719, 0.892784, 1.052004, 307325.636102, 3756.997890 
65.780984, 8.800031, 5.688886, 0.115670, 0.055563, 0.928533, 0.856509, 187350.151526, 4621.938116 
60.364643, 9.383647, 5.529847, 0.009841, 0.056580, 1.178907, 1.028978, 557534.714384, 4654.158192 
59.996594, 9.613986, 5.239752, 0.110190, 0.066287, 1.089644, 1.011789, 216911.041466, 4606.471148 
67.189137, 12.032556, 5.195732, 0.018688, 0.057808, 0.852848, 1.071770, 358404.244787, 3803.213287 
64.404388, 10.360366, 5.644810, 0.017236, 0.052185, 1.130534, 0.980393, 350772.371322, 4128.768345 
65.635994, 10.494505, 3.735040, 0.066177, 0.181693, 0.617708, 0.787605, 417939.220706, 4722.722140 
57.702434, 9.157954, 5.476650, 0.121445, 0.071496, 0.978264, 0.972568, 229205.759979, 4932.438097 
61.843179, 10.616893, 4.465028, 0.084791, 0.154525, 0.744489, 0.947243, 327579.738298, 4419.822792 
60.016226, 10.655192, 3.786371, 0.087427, 0.124178, 0.872245, 0.898554, 322065.485478, 4749.985904 
67.345089, 10.756724, 5.302671, 0.002004, 0.051771, 1.213411, 1.198754, 992604.365063, 4024.602913 
59.646102, 9.334159, 4.582017, 0.090798, 0.122489, 0.893215, 0.924559, 304432.132859, 4847.711235 
32.448683, 3.249927, 1.900477, 0.031810, 0.096683, 0.311217, 0.311217, 2000000000000000.000000, 1000000000000000.000000 
60.575744, 11.506362, 5.031445, 0.019489, 0.055874, 0.938232, 0.993841, 363762.794847, 4072.966264 
65.823352, 9.761085, 5.381731, 0.109248, 0.054527, 0.939650, 0.937345, 186932.232499, 4310.711191 
56.382361, 11.552432, 5.419722, 0.005702, 0.070093, 1.084841, 1.097521, 760276.448182, 4116.205330 
62.880749, 9.578591, 5.131083, 0.107421, 0.065109, 1.033929, 0.987455, 210743.944587, 4516.226844 
66.289535, 11.784278, 5.178955, 0.113340, 0.067371, 0.951725, 0.907019, 184332.782281, 3864.560782 
53.951417, 10.087804, 4.555532, 0.076423, 0.154274, 0.607813, 0.937253, 388084.137100, 4834.792872 
61.860342, 8.566318, 5.727619, 0.113161, 0.060631, 1.053787, 0.995923, 211122.974115, 4958.626981 
59.083431, 9.326813, 4.873145, 0.098379, 0.132355, 0.932911, 0.933368, 297995.014713, 4817.776159 
69.090915, 8.986509, 4.615475, 0.122907, 0.050262, 0.855341, 0.797687, 193750.611554, 4668.435342 
58.996097, 11.120328, 5.219663, 0.012154, 0.059718, 0.962708, 1.035549, 490008.124442, 4169.147634 
55.891539, 9.838492, 5.797359, 0.083147, 0.149908, 0.804925, 0.783960, 320364.875019, 4733.625300 
64.070550, 9.009343, 5.347305, 0.120497, 0.061802, 1.081781, 1.025516, 200797.239731, 4649.746140 
55.799035, 9.498251, 5.496611, 0.017700, 0.057570, 1.028226, 0.988905, 448413.534428, 4899.590956 
60.825418, 10.421220, 4.672523, 0.109053, 0.056711, 1.018488, 0.944740, 211390.987978, 4430.494003 
53.620151, 8.436937, 4.282267, 0.084210, 0.176076, 0.840504, 0.840504, 430861.944748, 5688.669715 
57.655755, 11.295285, 3.987302, 0.104681, 0.148164, 0.672431, 0.742444, 308768.127251, 4555.063659 
65.344162, 8.854362, 4.919891, 0.107652, 0.063264, 0.990618, 0.913879, 213036.038401, 4737.859095 
57.402203, 11.842112, 4.351029, 0.097133, 0.166749, 0.799193, 0.842265, 312017.382026, 4291.647265 
64.458979, 12.100305, 5.040976, 0.112122, 0.066989, 0.989728, 0.888053, 188638.347742, 3875.568782 
52.153678, 10.201768, 5.834731, 0.011947, 0.066897, 0.980449, 0.997707, 601588.747636, 4877.519100 
58.427329, 10.175314, 5.419919, 0.087731, 0.180177, 0.035129, 0.962815, 387757.204722, 4451.097133 
31.095290, 2.918346, 1.748220, 0.028461, 0.091607, 0.277382, 0.277382, 2000000000000000.000000, 1000000000000000.000000 
59.431886, 11.773220, 3.622185, 0.093007, 0.146119, 0.709303, 0.838157, 336401.287716, 4628.565666 
63.568726, 12.189355, 5.616605, 0.014808, 0.060129, 0.882430, 1.009544, 395402.008811, 3733.718927 
59.523636, 9.477437, 4.453158, 0.076987, 0.152618, 0.776166, 0.923974, 364551.987258, 4832.816983 
61.528151, 11.215873, 5.363348, 0.014823, 0.063050, 1.063757, 1.190557, 450085.617664, 4039.583646 
63.263002, 10.634116, 4.487093, 0.089435, 0.140655, 0.901247, 0.916833, 294939.175700, 4376.535758 
61.263209, 11.613754, 5.640898, 0.014461, 0.053650, 1.182537, 1.019627, 378029.104981, 3902.293466 
57.660975, 10.855554, 4.228828, 0.097003, 0.158152, 0.784637, 0.752992, 316062.151185, 4554.197234 
29.176333, 2.448202, 1.532337, 0.023711, 0.084411, 0.229408, 0.229408, 2000000000000000.000000, 1000000000000000.000000 
58.368274, 10.209574, 4.243929, 0.009646, 0.051819, 1.003642, 1.075430, 591176.690357, 4702.409240 
60.533294, 11.561349, 5.959009, 0.013095, 0.060471, 1.244115, 0.974702, 409784.717741, 3889.596191 
63.780342, 10.600506, 4.762220, 0.072401, 0.170618, 0.706215, 0.899388, 347826.049705, 4282.502668 
68.373224, 9.953358, 5.790027, 0.089660, 0.171398, 0.037140, 0.811116, 314358.358518, 4107.547554 
57.211813, 10.448616, 5.821140, 0.019138, 0.053213, 1.041307, 1.088265, 380137.188738, 4385.666384 
65.960579, 10.537009, 4.972311, 0.126660, 0.066592, 0.849105, 0.937553, 193686.749263, 4190.118286 
63.507936, 10.381714, 4.884574, 0.107821, 0.065489, 0.884973, 0.814988, 205713.041679, 4309.615128 
68.847721, 10.158354, 4.567648, 0.120537, 0.050992, 0.813767, 0.781367, 190009.921114, 4360.539654 
62.815816, 10.899090, 5.929620, 0.014319, 0.061644, 1.126059, 1.068735, 419170.818457, 3988.425830 
