106.193702, 14.036803, 10.862241, 0.154353, 0.056016, 0.363506, 0.405592, 61679.908695, 2674.464618 
102.237764, 14.188878, 11.117073, 0.146789, 0.060894, 0.396702, 0.888819, 70804.921067, 2632.090376 
103.654179, 16.780893, 10.979721, 0.146756, 0.054634, 0.255787, 0.720856, 67507.747823, 2521.034459 
37.574799, 4.505826, 2.477165, 0.044498, 0.115905, 0.439370, 0.439370, 2000000000000000.000000, 1000000000000000.000000 
73.500587, 21.667165, 11.039318, 0.096446, 0.054024, 1.484654, 1.233184, 87223.214792, 2284.840454 
101.838530, 14.774838, 11.663117, 0.145990, 0.060167, 0.338509, 0.691968, 66148.494123, 2567.511471 
106.846111, 12.675664, 10.239067, 0.147143, 0.050685, 0.653698, 0.544592, 63288.748137, 2816.239419 
117.907561, 13.627632, 11.079555, 0.125650, 0.060561, 0.246739, 0.599154, 65554.743067, 2767.107408 
93.408813, 15.094089, 9.394042, 0.186363, 0.057691, 1.185557, 1.034534, 76109.609304, 2676.580642 
82.731657, 19.017213, 9.102206, 0.151621, 0.060490, 1.867368, 1.057585, 84598.668190, 2481.397396 
94.091939, 17.771432, 9.221553, 0.183094, 0.053772, 1.325049, 0.969653, 74660.832564, 2551.051361 
93.028987, 15.984831, 10.276586, 0.172913, 0.055906, 1.161231, 1.064868, 71443.544160, 2556.530972 
93.376864, 17.344902, 10.594888, 0.170811, 0.062673, 1.092907, 0.910761, 70382.771279, 2472.366655 
104.631592, 12.707514, 11.556249, 0.169071, 0.060662, 0.452394, 0.596390, 60238.145108, 2709.323233 
78.728358, 21.350296, 11.142867, 0.096489, 0.064920, 1.487587, 1.295812, 89107.703221, 2285.632205 
28.178071, 2.203627, 1.420033, 0.021241, 0.080668, 0.204452, 0.204452, 2000000000000000.000000, 1000000000000000.000000 
74.885007, 22.602871, 11.694415, 0.100296, 0.050267, 1.511028, 1.103474, 78607.238330, 2236.419259 
27.274141, 1.982165, 1.318341, 0.019003, 0.077278, 0.181854, 0.181854, 2000000000000000.000000, 1000000000000000.000000 
80.578423, 23.273680, 10.440788, 0.064198, 0.059696, 1.130750, 0.829152, 97548.848733, 2271.713805 
29.794170, 2.599572, 1.601844, 0.025241, 0.086728, 0.244854, 0.244854, 2000000000000000.000000, 1000000000000000.000000 
72.947442, 19.364205, 11.665587, 0.093104, 0.056705, 1.487219, 1.284837, 89909.896654, 2356.428362 
73.826680, 19.688744, 11.752203, 0.087228, 0.058323, 1.667269, 1.050063, 86876.389567, 2334.519029 
34.924884, 3.856597, 2.179049, 0.037939, 0.105968, 0.373122, 0.373122, 2000000000000000.000000, 1000000000000000.000000 
29.466675, 2.519335, 1.565001, 0.024430, 0.085500, 0.236667, 0.236667, 2000000000000000.000000, 1000000000000000.000000 
102.120806, 14.631359, 11.465514, 0.148990, 0.066611, 0.438212, 0.802740, 69415.878281, 2586.493719 
84.698238, 23.997086, 9.710018, 0.060649, 0.064296, 1.250880, 0.945134, 106217.708062, 2307.881169 
109.265998, 13.292297, 11.086228, 0.151628, 0.064788, 0.097241, 0.756969, 69966.628369, 2720.385769 
83.529294, 23.401118, 10.003597, 0.055346, 0.058529, 1.144292, 1.122562, 109801.300973, 2298.162484 
91.776425, 15.625158, 10.327009, 0.175931, 0.065009, 1.202974, 0.937103, 73068.437751, 2572.002306 
45.168427, 6.366265, 3.331448, 0.063292, 0.144382, 0.629211, 0.629211, 2000000000000000.000000, 1000000000000000.000000 
84.656678, 24.246782, 10.436961, 0.041506, 0.052728, 1.146070, 0.931714, 110360.554982, 2266.894036 
55.078821, 8.794311, 4.446367, 0.087820, 0.181546, 0.876971, 0.876971, 403280.158649, 5359.435007 
71.895715, 19.054891, 11.469943, 0.110915, 0.054343, 1.508251, 1.193333, 85666.142449, 2384.154320 
79.713045, 24.260756, 10.371249, 0.053672, 0.056210, 1.047252, 0.793852, 102526.353044, 2255.604098 
74.381447, 20.889523, 11.065760, 0.102452, 0.054023, 1.552943, 1.337065, 86247.882218, 2307.388000 
79.727131, 21.898689, 10.322859, 0.068032, 0.057151, 1.375595, 1.030091, 97069.950261, 2306.599131 
74.349944, 25.184214, 10.198644, 0.024416, 0.077077, 1.398797, 0.844003, 168886.580912, 2240.720602 
79.519491, 18.311235, 9.037526, 0.155698, 0.068084, 2.024841, 0.995097, 88066.910060, 2518.440156 
69.686229, 25.181922, 9.633469, 0.053366, 0.050772, 1.398132, 0.722901, 103968.255363, 2269.873071 
89.253425, 18.181839, 10.290578, 0.148123, 0.074347, 1.265712, 0.900942, 79097.885061, 2444.251766 
67.930256, 22.898115, 11.555726, 0.089915, 0.052011, 1.636136, 1.202939, 87580.788975, 2248.631752 
90.114669, 19.089675, 9.202558, 0.157590, 0.056328, 1.864626, 1.032048, 77859.346280, 2486.067471 
92.050839, 18.926866, 9.271622, 0.127287, 0.051652, 1.626474, 0.945117, 78691.145443, 2493.423389 
91.996314, 17.844422, 9.601572, 0.164656, 0.051168, 1.431623, 1.015232, 73765.822048, 2510.598537 
88.671864, 19.211599, 9.145902, 0.138120, 0.057986, 1.635569, 0.886135, 81311.229436, 2481.658448 
93.459919, 16.329392, 9.274267, 0.183611, 0.063960, 1.101476, 1.118199, 79768.890063, 2613.622275 
29.740934, 2.586529, 1.595855, 0.025109, 0.086528, 0.243523, 0.243523, 2000000000000000.000000, 1000000000000000.000000 
37.216373, 4.418011, 2.436842, 0.043611, 0.114561, 0.430409, 0.430409, 2000000000000000.000000, 1000000000000000.000000 
81.918730, 23.809699, 10.057855, 0.063513, 0.056258, 1.171413, 1.079120, 101370.781824, 2283.583790 
75.948687, 19.821502, 11.183500, 0.098528, 0.058071, 1.683685, 1.052848, 84439.426443, 2339.042915 
54.576635, 8.671276, 4.389871, 0.086577, 0.179662, 0.864416, 0.864416, 412367.098068, 5467.941258 
91.344096, 18.469172, 9.932800, 0.158181, 0.071303, 1.230738, 1.022297, 79273.015018, 2460.527750 
35.850114, 4.083278, 2.283138, 0.040229, 0.109438, 0.396253, 0.396253, 2000000000000000.000000, 1000000000000000.000000 
21.776224, 0.635175, 0.699825, 0.005396, 0.056661, 0.044406, 0.044406, 2000000000000000.000000, 1000000000000000.000000 
76.129757, 21.166075, 12.122793, 0.094154, 0.071242, 1.645275, 1.193341, 87457.154805, 2263.231514 
68.334193, 25.296316, 9.941830, 0.042519, 0.051920, 1.141975, 0.789473, 116058.644467, 2252.335580 
106.524610, 14.301455, 10.874331, 0.144665, 0.066782, 0.436585, 0.986565, 73829.181673, 2660.276480 
49.784359, 7.497168, 3.850740, 0.074716, 0.161691, 0.744609, 0.744609, 525195.635194, 6811.296471 
108.834122, 12.778261, 11.157038, 0.170593, 0.059202, 0.387774, 0.677550, 60755.868053, 2746.244301 
105.865092, 11.369630, 11.525876, 0.163951, 0.055904, 0.300327, 0.654347, 60400.777975, 2818.975194 
77.744816, 18.211762, 9.692279, 0.154420, 0.070918, 1.870144, 1.013818, 86478.154630, 2479.798375 
83.226192, 18.930453, 9.395808, 0.145507, 0.057850, 1.790854, 1.045086, 82357.135367, 2462.967975 
43.682953, 6.002323, 3.164332, 0.059615, 0.138811, 0.592074, 0.592074, 2000000000000000.000000, 1000000000000000.000000 
110.310157, 13.050775, 10.539144, 0.138408, 0.052329, 0.661397, 0.465833, 60663.153216, 2782.545066 
39.432837, 4.961045, 2.686194, 0.049096, 0.122873, 0.485821, 0.485821, 2000000000000000.000000, 1000000000000000.000000 
90.966358, 17.786115, 9.925832, 0.155528, 0.059621, 1.326600, 1.074866, 76485.053608, 2487.419936 
83.538180, 23.699135, 10.584532, 0.051357, 0.053178, 1.165929, 0.817706, 98498.853364, 2265.307523 
80.309407, 21.352530, 11.391627, 0.090019, 0.069189, 1.468255, 1.329572, 91779.168783, 2277.468482 
42.029090, 5.597127, 2.978273, 0.055522, 0.132609, 0.550727, 0.550727, 2000000000000000.000000, 1000000000000000.000000 
82.977647, 23.405031, 10.465831, 0.050181, 0.064118, 1.202874, 0.887291, 109667.511798, 2273.877909 
92.532739, 17.769728, 9.832925, 0.155168, 0.061960, 1.489833, 1.001318, 75607.688003, 2498.992924 
93.995297, 17.727307, 10.029265, 0.162159, 0.052353, 1.133619, 0.987885, 71618.038361, 2492.579176 
99.030463, 15.825778, 10.146897, 0.146301, 0.061801, 0.502706, 0.787019, 75876.607028, 2591.839314 
102.092275, 14.439781, 11.053587, 0.137021, 0.070001, 0.292029, 0.791875, 76709.801861, 2620.640894 
93.875293, 18.494613, 9.513313, 0.166961, 0.052165, 1.215247, 0.901768, 73477.265903, 2498.082617 
58.852063, 9.718755, 4.870857, 0.097159, 0.195695, 0.971302, 0.971302, 346105.911025, 4676.286462 
28.427299, 2.264688, 1.448071, 0.021858, 0.081602, 0.210682, 0.210682, 2000000000000000.000000, 1000000000000000.000000 
115.158891, 15.323712, 10.576601, 0.132002, 0.052778, 0.280321, 0.523515, 63654.156242, 2695.127164 
107.582281, 13.795876, 10.724529, 0.167422, 0.056794, 0.364388, 0.581130, 62457.294365, 2705.717093 
30.689070, 2.818822, 1.702520, 0.027455, 0.090084, 0.267227, 0.267227, 2000000000000000.000000, 1000000000000000.000000 
100.983158, 14.707399, 10.864164, 0.152342, 0.062156, 0.374405, 0.832687, 71807.875730, 2612.794718 
30.137387, 2.683660, 1.640456, 0.026090, 0.088015, 0.253435, 0.253435, 2000000000000000.000000, 1000000000000000.000000 
74.404936, 25.567265, 10.391709, 0.021642, 0.072670, 1.459226, 0.730666, 165028.607315, 2226.334314 
24.629650, 1.334264, 1.020836, 0.012458, 0.067361, 0.115741, 0.115741, 2000000000000000.000000, 1000000000000000.000000 
116.523658, 13.546808, 10.272741, 0.176897, 0.056238, 0.292700, 0.740628, 61923.339394, 2821.381462 
44.785177, 6.272368, 3.288332, 0.062343, 0.142944, 0.619629, 0.619629, 2000000000000000.000000, 1000000000000000.000000 
41.478233, 5.462167, 2.916301, 0.054159, 0.130543, 0.536956, 0.536956, 2000000000000000.000000, 1000000000000000.000000 
101.591599, 15.157437, 10.960590, 0.154485, 0.062289, 0.292873, 0.953130, 72977.759838, 2584.732956 
109.863354, 13.248607, 10.986158, 0.148247, 0.072049, 0.089904, 0.730214, 73741.736966, 2733.456704 
76.623941, 26.350361, 9.834562, 0.030268, 0.050917, 1.202099, 0.782566, 126279.692152, 2246.230949 
82.199415, 25.209628, 10.220763, 0.049836, 0.064040, 0.941622, 0.975413, 117060.353276, 2255.412827 
104.531402, 14.551871, 11.163734, 0.143559, 0.060376, 0.300625, 0.794075, 69489.523118, 2618.161122 
75.321863, 26.121293, 9.963200, 0.028847, 0.055083, 1.239540, 0.787965, 133011.405213, 2240.129645 
77.498065, 20.147380, 11.572126, 0.098302, 0.057230, 1.516193, 1.256209, 84073.303382, 2310.128341 
102.803450, 13.991665, 10.823705, 0.139268, 0.057260, 0.321550, 0.596321, 68775.405594, 2664.864782 
115.299315, 15.770915, 10.689116, 0.127148, 0.054597, 0.343856, 0.499983, 63801.643659, 2670.041894 
101.006643, 15.183553, 10.765453, 0.123952, 0.050788, 0.519441, 0.795514, 70621.370225, 2592.742663 
93.118407, 16.786955, 9.800115, 0.173723, 0.053870, 1.138071, 0.871881, 72212.686352, 2547.731635 
101.694769, 15.830596, 10.391652, 0.138009, 0.066801, 0.504800, 0.645741, 74460.549987, 2586.968368 
37.548213, 4.499312, 2.474174, 0.044432, 0.115806, 0.438705, 0.438705, 2000000000000000.000000, 1000000000000000.000000 
50.469996, 7.665149, 3.927875, 0.076413, 0.164262, 0.761750, 0.761750, 505454.035135, 6576.852473 
91.903793, 17.887014, 9.178107, 0.179988, 0.066034, 1.364611, 0.899934, 78773.472223, 2541.744668 
84.571401, 18.048441, 9.536676, 0.147308, 0.050503, 1.817165, 1.047583, 78622.684146, 2492.075309 
72.143403, 19.074635, 11.469908, 0.092092, 0.063911, 1.685826, 1.008769, 90819.176657, 2381.425355 
80.330335, 23.086589, 10.907235, 0.055928, 0.065934, 1.301125, 0.980398, 105644.393631, 2255.362378 
32.232595, 3.196986, 1.876167, 0.031276, 0.095872, 0.305815, 0.305815, 2000000000000000.000000, 1000000000000000.000000 
74.139606, 19.727442, 11.250196, 0.103819, 0.065099, 1.533702, 1.277687, 90718.685041, 2346.685294 
83.154863, 17.774349, 9.852130, 0.154838, 0.067086, 1.896266, 1.099735, 81441.730088, 2483.662535 
79.473170, 25.406700, 10.089564, 0.039837, 0.065454, 1.213876, 0.892747, 125656.646457, 2251.470186 
42.701078, 5.761764, 3.053871, 0.057185, 0.135129, 0.567527, 0.567527, 2000000000000000.000000, 1000000000000000.000000 
81.156032, 24.451370, 9.576572, 0.060432, 0.060790, 1.454971, 0.892496, 103232.127932, 2297.743650 
103.727670, 15.431857, 10.601759, 0.137057, 0.066716, 0.391726, 0.671546, 73930.111742, 2603.319748 
89.370956, 17.837407, 9.481969, 0.186811, 0.063285, 1.350047, 0.864175, 76539.410754, 2512.624746 
90.959587, 19.131083, 10.289378, 0.157711, 0.065557, 1.241818, 0.983810, 75059.035841, 2414.024338 
88.101320, 17.815369, 10.146161, 0.150714, 0.060321, 1.180753, 0.996951, 77600.174441, 2466.176025 
90.894340, 19.099735, 10.512565, 0.157645, 0.062427, 1.177437, 0.882301, 72390.466040, 2402.711940 
112.262746, 13.276620, 10.829729, 0.155447, 0.061900, 0.105798, 0.758158, 67974.599132, 2758.394754 
92.495765, 15.593867, 9.927856, 0.182871, 0.050281, 1.230785, 0.800164, 69519.381764, 2601.793657 
84.709225, 16.462190, 10.272085, 0.150930, 0.056119, 1.526783, 0.815471, 75355.469813, 2527.397830 
76.021986, 22.139472, 11.540274, 0.095862, 0.056955, 1.563131, 1.207485, 83411.595146, 2251.752174 
37.666561, 4.528308, 2.487488, 0.044725, 0.116250, 0.441664, 0.441664, 2000000000000000.000000, 1000000000000000.000000 
81.116646, 23.328828, 10.866637, 0.038233, 0.055952, 1.201749, 0.897028, 115152.782808, 2253.939203 
46.481008, 6.687847, 3.479113, 0.066540, 0.149304, 0.662025, 0.662025, 646159.527207, 8241.864672 
99.665574, 16.334089, 10.987273, 0.142635, 0.050645, 0.365670, 0.673408, 66887.390536, 2518.146350 
93.552293, 17.772499, 9.625388, 0.160309, 0.066977, 1.372162, 0.939938, 77327.192178, 2517.175625 
34.853372, 3.839076, 2.171004, 0.037762, 0.105700, 0.371334, 0.371334, 2000000000000000.000000, 1000000000000000.000000 
101.320431, 15.684307, 10.101977, 0.156496, 0.060714, 0.552802, 0.645524, 71155.195069, 2612.640573 
101.703411, 14.969752, 11.121881, 0.144199, 0.052014, 0.436610, 0.846810, 66890.233195, 2585.696386 
