37.250199, 4.426299, 2.440647, 0.043694, 0.114688, 0.431255, 0.431255, 2000000000000000.000000, 1000000000000000.000000 
105.113606, 14.395000, 12.596391, 0.190004, 0.064278, 0.322577, 0.778531, 57596.922656, 2558.037093 
91.688874, 17.549578, 10.829377, 0.183006, 0.054557, 1.019179, 0.713350, 65716.649944, 2446.683231 
109.442426, 11.940368, 12.154115, 0.183679, 0.053937, 0.265846, 0.941696, 56195.358373, 2741.541246 
107.822300, 12.057943, 12.280228, 0.182151, 0.056504, 0.277670, 0.776562, 55819.024196, 2720.811520 
125.706400, 15.580597, 10.846359, 0.181169, 0.057869, 0.426746, 0.590216, 53848.551130, 2790.159495 
122.259802, 16.115266, 11.017404, 0.179714, 0.056483, 0.432449, 0.649069, 54762.631768, 2714.794867 
63.435871, 26.166374, 10.703819, 0.085682, 0.060462, 1.677519, 1.055655, 95277.478530, 2213.899585 
100.288678, 13.291323, 12.462677, 0.180720, 0.066814, 0.318137, 0.726416, 61864.087692, 2613.673381 
71.380770, 25.802508, 11.586747, 0.073073, 0.054350, 1.566789, 1.351895, 91630.486469, 2180.410159 
82.730731, 24.024453, 12.042874, 0.042634, 0.067163, 1.303204, 0.840137, 108746.747912, 2211.849837 
75.883098, 23.688206, 11.902543, 0.099592, 0.057810, 1.484663, 0.918280, 77872.362991, 2207.793678 
36.508774, 4.244650, 2.357237, 0.041859, 0.111908, 0.412719, 0.412719, 2000000000000000.000000, 1000000000000000.000000 
86.588294, 22.736399, 10.939071, 0.095930, 0.053967, 1.467103, 1.197703, 79705.393760, 2277.552539 
36.970903, 4.357871, 2.409227, 0.043003, 0.113641, 0.424273, 0.424273, 2000000000000000.000000, 1000000000000000.000000 
98.176196, 12.903037, 12.107324, 0.180582, 0.054231, 0.601843, 0.613491, 57755.461779, 2658.539331 
27.624086, 2.067901, 1.357710, 0.019870, 0.078590, 0.190602, 0.190602, 2000000000000000.000000, 1000000000000000.000000 
90.062990, 17.710400, 10.780985, 0.190382, 0.064306, 1.038024, 0.676157, 68167.812405, 2438.831422 
76.567639, 22.517781, 10.700743, 0.055648, 0.059907, 1.228533, 0.838458, 103292.983862, 2272.167265 
72.474076, 23.571568, 10.875451, 0.099152, 0.053147, 1.515274, 0.996136, 83791.605583, 2242.217242 
108.865539, 14.692910, 12.969845, 0.180519, 0.054317, 0.292606, 0.735388, 52273.654987, 2550.913120 
71.079511, 24.533328, 11.856136, 0.066481, 0.065994, 1.575578, 1.351735, 101816.705937, 2194.239621 
36.667279, 4.283483, 2.375069, 0.042252, 0.112502, 0.416682, 0.416682, 2000000000000000.000000, 1000000000000000.000000 
103.128733, 16.184864, 12.471282, 0.151806, 0.074028, 0.232856, 0.660285, 66698.635587, 2475.823799 
52.323081, 8.119155, 4.136347, 0.081000, 0.171212, 0.808077, 0.808077, 458759.143540, 6021.260191 
91.676474, 14.724437, 11.445584, 0.198688, 0.057503, 1.082545, 0.672583, 62383.770191, 2566.502773 
99.841913, 15.642596, 12.467454, 0.178103, 0.062262, 0.296468, 0.757473, 61257.322884, 2483.525762 
119.828882, 13.462636, 10.574664, 0.191317, 0.051199, 0.373750, 0.569140, 53491.506565, 2832.972169 
121.927908, 13.870758, 10.304127, 0.181876, 0.054328, 0.406709, 0.533359, 55497.650514, 2857.069865 
49.327392, 7.385211, 3.799332, 0.073585, 0.159978, 0.733185, 0.733185, 539215.693530, 6977.627038 
124.017222, 13.309001, 10.445271, 0.181908, 0.067053, 0.289977, 0.509816, 58153.293905, 2899.392517 
87.811760, 16.896525, 10.626195, 0.187898, 0.052603, 0.994032, 0.705811, 68478.563846, 2482.066863 
89.442339, 16.740585, 11.146178, 0.186161, 0.050392, 1.186474, 0.735516, 63958.097705, 2464.636211 
73.178680, 23.707081, 11.085192, 0.108644, 0.062073, 1.513942, 0.927546, 82858.930285, 2231.321674 
117.454629, 15.866978, 11.133995, 0.193372, 0.052303, 0.386947, 0.600208, 53245.885989, 2661.201564 
83.865803, 23.632529, 11.984015, 0.047496, 0.052664, 1.295479, 0.847942, 93029.115570, 2222.128630 
35.301869, 3.948958, 2.221460, 0.038872, 0.107382, 0.382547, 0.382547, 2000000000000000.000000, 1000000000000000.000000 
67.523345, 26.540502, 11.162785, 0.088789, 0.050788, 1.571648, 1.296349, 87710.493571, 2183.850575 
120.941669, 15.534075, 10.802471, 0.193785, 0.052030, 0.506683, 0.544473, 52126.895150, 2733.054572 
83.197932, 17.259380, 9.966754, 0.182759, 0.054504, 0.795292, 0.578514, 75850.697004, 2502.790084 
110.360927, 14.771025, 11.936983, 0.143719, 0.051175, 0.610327, 0.412018, 53242.032163, 2600.444962 
107.928686, 14.406512, 12.534526, 0.175612, 0.055915, 0.344584, 0.831972, 55782.277156, 2574.466704 
109.065447, 14.925932, 11.289161, 0.138426, 0.052556, 0.786314, 0.429167, 56951.258813, 2618.389436 
85.684505, 20.677986, 11.080952, 0.092719, 0.059983, 1.490403, 1.167587, 83239.600532, 2314.988812 
82.382235, 24.236569, 12.134781, 0.046577, 0.074139, 1.369278, 0.766452, 105914.020946, 2206.054820 
74.413327, 22.211129, 9.811331, 0.114584, 0.055446, 1.438675, 1.348658, 91112.362607, 2324.331475 
82.386553, 23.520354, 12.050805, 0.043655, 0.051478, 1.335935, 0.902414, 96612.177540, 2217.829432 
104.496463, 12.931766, 12.814783, 0.178282, 0.052494, 0.322507, 0.821603, 54699.885792, 2627.488580 
88.262392, 16.368767, 10.991233, 0.194152, 0.053277, 1.236515, 0.655241, 65079.270971, 2491.213221 
97.432001, 13.954785, 12.439555, 0.173954, 0.065943, 0.260868, 0.708320, 64319.415792, 2569.963745 
76.134233, 24.537016, 11.157562, 0.121427, 0.051558, 1.531444, 0.943699, 74907.208889, 2214.732506 
49.374078, 7.396649, 3.804584, 0.073701, 0.160153, 0.734352, 0.734352, 537749.739364, 6960.241892 
29.083015, 2.425339, 1.521839, 0.023480, 0.084061, 0.227075, 0.227075, 2000000000000000.000000, 1000000000000000.000000 
87.549460, 16.459356, 11.388604, 0.196101, 0.051418, 1.050355, 0.881719, 65062.084711, 2468.413049 
83.222959, 23.827760, 11.947847, 0.047525, 0.055381, 1.315995, 0.872126, 95659.712711, 2218.212208 
32.913244, 3.363745, 1.952740, 0.032960, 0.098425, 0.322831, 0.322831, 2000000000000000.000000, 1000000000000000.000000 
65.203447, 26.024594, 11.330159, 0.077318, 0.053924, 1.680256, 1.284873, 93307.718890, 2191.189836 
55.816650, 8.975079, 4.529373, 0.089646, 0.184312, 0.895416, 0.895416, 390637.675689, 5208.421488 
111.434002, 16.049670, 11.448456, 0.151709, 0.055002, 0.512576, 0.487384, 56952.994840, 2580.815137 
88.138698, 18.332886, 9.361230, 0.155211, 0.051431, 1.870521, 1.089055, 77224.627263, 2497.681125 
58.877806, 26.504303, 11.087875, 0.073960, 0.052637, 1.704989, 1.118592, 97966.820733, 2215.749588 
91.222417, 18.077647, 10.281315, 0.185949, 0.051828, 1.283449, 0.591829, 66425.885050, 2453.857807 
83.011785, 16.919039, 11.280498, 0.199818, 0.059804, 1.368218, 0.876064, 68991.911490, 2455.044919 
62.315722, 26.870210, 10.897489, 0.087459, 0.056448, 1.614420, 1.037090, 92528.070568, 2198.368963 
71.863601, 22.905544, 11.209447, 0.055162, 0.061346, 1.323521, 0.934357, 105523.553090, 2247.200741 
78.607419, 20.953273, 11.077591, 0.102051, 0.051138, 1.610554, 1.200578, 80491.699111, 2299.644468 
77.731274, 23.287891, 11.280708, 0.055082, 0.052638, 1.260687, 0.988389, 96920.625850, 2234.525669 
74.500473, 24.725266, 11.486422, 0.039628, 0.055384, 1.208327, 0.945175, 112998.118539, 2200.231971 
105.195765, 14.295886, 11.614609, 0.151748, 0.056444, 0.389929, 0.662311, 61757.129854, 2609.613443 
86.380186, 19.181649, 10.266752, 0.143579, 0.051839, 1.591148, 1.153757, 74827.275419, 2401.774360 
80.148315, 22.050754, 11.603850, 0.087228, 0.060426, 1.573405, 1.270801, 85486.653275, 2253.250261 
84.915199, 24.601739, 12.084580, 0.043871, 0.063581, 1.365328, 0.872870, 103293.422058, 2211.759725 
101.869839, 14.921674, 11.744969, 0.144801, 0.051359, 0.316729, 0.779163, 63721.550981, 2555.984498 
53.380432, 8.378206, 4.255299, 0.083617, 0.175177, 0.834511, 0.834511, 435760.204080, 5747.099282 
110.780664, 13.919226, 12.495801, 0.183905, 0.059516, 0.396567, 0.793856, 54150.042578, 2616.313303 
105.251989, 13.686836, 12.625299, 0.170283, 0.055615, 0.485638, 0.936277, 56974.429185, 2593.980917 
75.463970, 22.432150, 10.385648, 0.119140, 0.057513, 1.443052, 1.260595, 85915.372457, 2288.234731 
61.434103, 26.650168, 10.882795, 0.084859, 0.057257, 1.718394, 1.119931, 94924.332416, 2206.046374 
85.721085, 16.073245, 10.816985, 0.197169, 0.056682, 1.447680, 0.769867, 68378.223040, 2519.615565 
36.744192, 4.302327, 2.383722, 0.042442, 0.112791, 0.418605, 0.418605, 2000000000000000.000000, 1000000000000000.000000 
81.822615, 22.270856, 11.764123, 0.090161, 0.059871, 1.502708, 1.284867, 83204.419847, 2246.220977 
44.193441, 6.127393, 3.221762, 0.060879, 0.140725, 0.604836, 0.604836, 2000000000000000.000000, 1000000000000000.000000 
50.415134, 7.651708, 3.921703, 0.076277, 0.164057, 0.760378, 0.760378, 506979.745701, 6594.981023 
103.349096, 14.009441, 11.713923, 0.151379, 0.050245, 0.275481, 0.658217, 60810.697996, 2612.685125 
109.863101, 12.094628, 13.098664, 0.182376, 0.053615, 0.197711, 0.897986, 52639.430919, 2682.719882 
49.587504, 7.448938, 3.828594, 0.074229, 0.160953, 0.739688, 0.739688, 531146.607977, 6881.914309 
82.764491, 18.828204, 9.813028, 0.134315, 0.057085, 1.771942, 1.213190, 82402.811080, 2438.552555 
37.590565, 4.509688, 2.478939, 0.044537, 0.115965, 0.439764, 0.439764, 2000000000000000.000000, 1000000000000000.000000 
104.651818, 11.425676, 12.340258, 0.183720, 0.051730, 0.245722, 0.753741, 55360.789281, 2761.294844 
27.016138, 1.918954, 1.289316, 0.018365, 0.076311, 0.175403, 0.175403, 2000000000000000.000000, 1000000000000000.000000 
82.375804, 23.129553, 11.837467, 0.050967, 0.054879, 1.381495, 0.742902, 90491.800200, 2229.291251 
106.974332, 14.322237, 11.098741, 0.141195, 0.058708, 0.705081, 0.438158, 60755.299940, 2647.218008 
74.607744, 20.743864, 11.423265, 0.098777, 0.055304, 1.587413, 1.250042, 84868.028971, 2299.758659 
87.344229, 16.660090, 10.045981, 0.196159, 0.061018, 0.838709, 0.728754, 74451.250928, 2528.496220 
27.231952, 1.971828, 1.313595, 0.018899, 0.077120, 0.180799, 0.180799, 2000000000000000.000000, 1000000000000000.000000 
100.860727, 13.971410, 12.230542, 0.145090, 0.057522, 0.201810, 0.679977, 64472.940184, 2582.353648 
62.459514, 25.905590, 11.270658, 0.075884, 0.064952, 1.626006, 1.313782, 103239.289057, 2204.562416 
87.734095, 16.139938, 10.277358, 0.193486, 0.056203, 0.827321, 0.654375, 71551.249776, 2543.441860 
109.371959, 14.218883, 12.249461, 0.156694, 0.055643, 0.476365, 0.757726, 56612.087000, 2604.377588 
50.112241, 7.577499, 3.887627, 0.075528, 0.162921, 0.752806, 0.752806, 515569.215761, 6697.010878 
81.194646, 19.938821, 8.772761, 0.158439, 0.064461, 1.864270, 1.048807, 87889.106944, 2471.784915 
118.911625, 15.329031, 10.708282, 0.190672, 0.058035, 0.374660, 0.685012, 57321.941310, 2724.325372 
126.351059, 15.097562, 10.912229, 0.191021, 0.062961, 0.557327, 0.555532, 52391.686618, 2813.043350 
53.336987, 8.367562, 4.250411, 0.083509, 0.175014, 0.833425, 0.833425, 436659.853238, 5757.829315 
110.722988, 12.691557, 12.006858, 0.190210, 0.065409, 0.313971, 0.882635, 58715.977817, 2707.000754 
88.416285, 16.595780, 11.310564, 0.187749, 0.051612, 1.221626, 0.662078, 63462.675170, 2464.230207 
105.508519, 15.210393, 11.316279, 0.142656, 0.063997, 0.348647, 0.510579, 65485.621168, 2581.285796 
102.495209, 15.362982, 11.750620, 0.143754, 0.055438, 0.240331, 0.659416, 64423.701887, 2536.764312 
106.991145, 14.591257, 11.392420, 0.140142, 0.067056, 0.655680, 0.454202, 62596.641088, 2615.803066 
79.296304, 24.002649, 11.720138, 0.051633, 0.063056, 1.325712, 0.913239, 101180.434572, 2211.396506 
84.942859, 20.006609, 9.788768, 0.133563, 0.050558, 1.775318, 1.177555, 78458.942179, 2399.061754 
76.493004, 23.938434, 10.705913, 0.053467, 0.052047, 1.441730, 0.849628, 96702.867421, 2241.801932 
86.795591, 16.755047, 10.532568, 0.192644, 0.063597, 0.819882, 0.638865, 72165.622487, 2494.478544 
23.812082, 1.133960, 0.928859, 0.010435, 0.064295, 0.095302, 0.095302, 2000000000000000.000000, 1000000000000000.000000 
73.306435, 23.507268, 10.487563, 0.064792, 0.051249, 1.289575, 0.939387, 96175.947921, 2258.761911 
79.662079, 22.283807, 11.365065, 0.050747, 0.050149, 1.410338, 0.972993, 95525.162895, 2254.930014 
87.593540, 21.229737, 8.954756, 0.159921, 0.073331, 1.911269, 0.994365, 84016.940129, 2429.968959 
78.404250, 23.282067, 11.374780, 0.055852, 0.066148, 1.358737, 0.965671, 103190.293440, 2232.378595 
72.771667, 25.660114, 11.776972, 0.074167, 0.057680, 1.511665, 1.448830, 93217.665513, 2178.037568 
37.626372, 4.518461, 2.482967, 0.044625, 0.116099, 0.440659, 0.440659, 2000000000000000.000000, 1000000000000000.000000 
108.481069, 14.933304, 10.796645, 0.154783, 0.082107, 0.579847, 0.423535, 67407.739795, 2644.142439 
52.469320, 8.154983, 4.152799, 0.081362, 0.171760, 0.811733, 0.811733, 455435.411204, 5981.659036 
72.280231, 24.159075, 10.886487, 0.044457, 0.066401, 1.276747, 0.844931, 117745.892489, 2229.602377 
54.188476, 8.576177, 4.346203, 0.085616, 0.178207, 0.854712, 0.854712, 419677.521167, 5555.208282 
102.467067, 15.943799, 10.870597, 0.135256, 0.051278, 0.195883, 0.753010, 69955.638257, 2555.716406 
108.577821, 11.679340, 11.706879, 0.186129, 0.054071, 0.315781, 0.815956, 56596.201884, 2786.349615 
61.105957, 25.956310, 11.196719, 0.068320, 0.054524, 1.668633, 1.320712, 102144.988030, 2212.001476 
86.863105, 17.718659, 10.348200, 0.179509, 0.054382, 1.064250, 0.652391, 70680.745640, 2457.200010 
