90.120749, 15.323851, 11.446421, 0.194600, 0.073056, 1.109744, 0.674175, 66801.088762, 2529.473886 
42.617942, 5.741396, 3.044519, 0.056979, 0.134817, 0.565449, 0.565449, 2000000000000000.000000, 1000000000000000.000000 
79.230856, 24.455591, 11.110740, 0.101919, 0.075324, 1.491058, 0.880381, 84667.074755, 2222.589231 
66.883763, 26.194889, 11.199774, 0.070696, 0.068676, 1.719786, 1.257562, 102643.246340, 2188.699427 
68.552413, 27.717359, 11.426175, 0.098558, 0.050177, 1.491784, 1.246411, 82504.538893, 2161.953144 
107.147330, 14.182334, 11.445274, 0.149700, 0.057494, 0.513240, 0.345515, 57704.150440, 2634.974468 
96.942036, 14.864936, 10.901950, 0.149716, 0.059597, 0.770074, 0.490648, 66378.161570, 2589.792098 
81.940914, 17.579774, 11.630274, 0.219155, 0.061941, 1.035661, 0.705334, 67168.897821, 2409.344011 
25.461274, 1.538012, 1.114393, 0.014517, 0.070480, 0.136532, 0.136532, 2000000000000000.000000, 1000000000000000.000000 
82.844701, 22.227868, 11.659796, 0.093712, 0.059064, 1.444116, 1.333419, 82695.006079, 2252.160008 
83.929798, 17.153744, 11.424068, 0.205245, 0.053457, 1.005554, 0.733514, 66237.018057, 2434.668182 
84.760113, 16.035349, 10.716915, 0.202915, 0.050966, 1.324332, 0.582335, 67434.829791, 2529.069008 
30.082903, 2.670311, 1.634327, 0.025955, 0.087811, 0.252073, 0.252073, 2000000000000000.000000, 1000000000000000.000000 
63.887244, 23.886777, 10.805253, 0.098529, 0.067526, 1.885227, 1.023440, 94312.650281, 2261.672398 
80.617884, 21.632876, 11.193684, 0.105712, 0.053263, 1.695262, 1.117523, 77280.478492, 2277.396777 
106.872377, 14.282021, 12.654898, 0.130041, 0.056238, 0.222260, 0.719528, 62292.597402, 2569.596268 
100.247921, 14.042376, 11.073808, 0.153847, 0.059474, 0.811416, 0.486776, 62935.794726, 2637.806316 
109.896670, 12.960735, 13.882027, 0.191051, 0.054514, 0.115587, 0.897419, 50437.447971, 2603.561181 
85.203633, 20.393960, 10.451650, 0.132262, 0.050102, 1.780700, 1.192160, 74265.552950, 2350.113332 
49.195456, 7.352887, 3.784489, 0.073259, 0.159483, 0.729886, 0.729886, 543401.058728, 7027.254383 
106.277740, 14.212627, 12.657184, 0.168358, 0.055974, 0.339483, 0.882781, 57415.931330, 2569.882334 
88.317516, 21.329869, 11.477595, 0.101879, 0.055891, 1.483121, 1.320508, 77158.077746, 2292.284228 
61.330114, 26.370230, 10.984221, 0.103843, 0.067736, 1.731607, 0.978020, 92324.879801, 2208.608353 
90.831369, 17.725874, 10.428266, 0.193131, 0.056696, 0.986326, 0.854984, 69235.256478, 2458.766919 
115.237590, 15.772694, 11.410270, 0.209939, 0.055949, 0.412812, 0.515960, 51728.664181, 2627.298636 
81.451725, 17.698247, 11.316665, 0.206657, 0.062566, 0.994878, 0.732876, 70081.599357, 2416.023674 
84.214626, 21.021656, 11.257292, 0.088111, 0.055768, 1.656596, 1.140203, 80915.884204, 2296.096802 
38.601270, 4.757311, 2.592643, 0.047038, 0.119755, 0.465032, 0.465032, 2000000000000000.000000, 1000000000000000.000000 
95.628458, 16.578535, 11.082563, 0.193635, 0.052869, 0.976887, 0.684740, 61299.266940, 2487.061319 
88.953721, 16.677537, 11.187720, 0.190956, 0.057863, 1.011613, 0.919194, 67402.919860, 2465.640629 
44.008952, 6.082193, 3.201007, 0.060422, 0.140034, 0.600224, 0.600224, 2000000000000000.000000, 1000000000000000.000000 
101.175262, 14.532945, 11.044169, 0.154493, 0.079739, 0.709001, 0.407080, 67687.797098, 2612.520981 
86.207926, 16.387924, 11.302077, 0.205834, 0.056932, 1.240638, 0.617755, 64773.034859, 2477.588517 
66.488052, 25.271472, 11.743292, 0.077767, 0.065276, 1.788148, 1.250968, 95497.133254, 2191.073364 
59.257357, 9.818052, 4.916453, 0.098162, 0.197215, 0.981434, 0.981434, 340933.135611, 4614.488259 
92.304676, 17.036104, 11.085902, 0.178442, 0.058869, 0.910496, 0.635656, 65401.437672, 2457.623515 
83.051167, 20.481981, 9.435251, 0.144741, 0.057004, 1.605474, 1.152287, 82876.494436, 2403.823622 
34.857036, 3.839974, 2.171417, 0.037771, 0.105714, 0.371426, 0.371426, 2000000000000000.000000, 1000000000000000.000000 
100.036001, 14.709731, 12.635131, 0.188798, 0.053764, 0.257383, 0.670316, 56289.231420, 2522.676595 
85.645028, 17.256117, 10.862735, 0.185925, 0.058312, 0.972711, 0.802982, 70751.425392, 2452.043414 
40.267551, 5.165550, 2.780099, 0.051162, 0.126003, 0.506689, 0.506689, 2000000000000000.000000, 1000000000000000.000000 
85.484007, 23.380361, 11.290502, 0.111992, 0.067328, 1.507776, 1.326120, 80987.244534, 2250.503223 
102.699197, 15.980796, 11.216092, 0.149766, 0.059086, 0.922774, 0.385576, 59855.066208, 2536.204889 
88.908946, 15.827306, 11.388128, 0.184092, 0.056703, 1.038735, 0.743873, 65634.013898, 2502.882053 
75.877768, 20.622110, 11.906065, 0.096310, 0.057128, 1.525743, 1.280109, 84037.849554, 2286.908308 
30.212609, 2.702089, 1.648918, 0.026276, 0.088297, 0.255315, 0.255315, 2000000000000000.000000, 1000000000000000.000000 
84.634871, 17.348874, 11.347295, 0.227070, 0.053785, 0.951489, 0.704449, 64998.093889, 2426.796681 
101.916004, 14.912613, 11.462355, 0.151723, 0.051024, 0.792283, 0.436643, 57727.198967, 2570.883326 
64.313123, 26.323912, 11.880939, 0.069778, 0.050052, 1.737592, 1.293853, 91863.426579, 2174.870745 
118.969077, 15.993919, 10.924197, 0.206279, 0.052427, 0.489636, 0.619659, 52448.769742, 2685.276921 
84.278415, 23.479280, 10.558760, 0.098947, 0.057963, 1.497343, 1.259011, 84037.818339, 2272.350412 
91.772691, 17.575904, 10.824031, 0.186805, 0.059585, 0.917656, 0.680581, 66779.228746, 2446.059217 
82.333219, 25.599795, 10.910823, 0.057717, 0.052576, 1.308432, 0.905854, 92047.802319, 2223.599052 
68.580501, 25.652134, 11.430862, 0.070541, 0.068118, 1.375425, 1.441615, 107122.246913, 2188.362591 
70.634730, 26.419787, 11.701874, 0.076519, 0.068943, 1.621552, 1.297704, 96409.328268, 2169.416998 
90.604957, 15.632064, 11.053489, 0.192475, 0.050028, 1.196388, 0.556826, 62412.894186, 2529.564819 
88.432188, 21.088515, 11.051366, 0.101535, 0.060271, 1.461415, 1.290208, 81188.650141, 2313.670845 
85.723494, 17.248229, 10.957092, 0.177966, 0.053109, 0.891454, 0.564917, 68154.495832, 2447.927519 
96.446649, 16.950017, 11.044034, 0.194063, 0.052606, 0.994516, 0.613263, 60449.202468, 2475.534687 
82.332881, 23.185588, 11.033599, 0.109829, 0.061554, 1.453549, 0.855984, 77487.774378, 2253.112304 
113.624664, 12.813625, 12.782320, 0.175410, 0.051925, 0.418675, 0.790201, 49719.889065, 2676.585491 
94.125019, 15.860864, 11.582019, 0.190186, 0.067913, 1.041820, 0.541077, 61980.392088, 2494.344835 
114.908136, 15.440942, 12.346010, 0.142718, 0.058174, 0.403599, 0.331781, 52671.311537, 2593.539409 
88.960862, 17.614597, 11.167347, 0.169110, 0.055149, 1.031487, 0.715829, 66690.522745, 2422.762723 
66.120734, 26.468534, 10.956615, 0.094028, 0.061442, 1.489010, 1.292551, 93699.290796, 2193.386581 
102.688418, 15.554086, 11.160601, 0.150283, 0.053723, 0.706391, 0.495501, 60718.834711, 2558.611845 
35.622712, 4.027564, 2.257555, 0.039666, 0.108585, 0.390568, 0.390568, 2000000000000000.000000, 1000000000000000.000000 
94.860100, 17.322856, 11.362303, 0.180881, 0.052938, 1.009112, 0.599605, 60458.211540, 2439.705704 
50.910685, 7.773118, 3.977452, 0.077504, 0.165915, 0.772767, 0.772767, 493518.830207, 6434.982865 
107.655389, 14.094866, 12.368828, 0.169451, 0.056623, 0.330351, 0.981812, 59130.634635, 2595.045173 
54.584326, 8.673160, 4.390737, 0.086596, 0.179691, 0.864608, 0.864608, 412224.813736, 5466.242654 
66.084634, 25.528485, 11.647641, 0.089796, 0.053981, 1.556545, 1.479317, 90506.257701, 2189.540653 
74.662305, 22.721593, 11.648608, 0.098535, 0.065433, 1.579891, 1.246863, 86636.582280, 2234.993829 
51.078877, 7.814325, 3.996374, 0.077920, 0.166546, 0.776972, 0.776972, 489108.989456, 6382.539733 
65.228833, 26.758040, 10.938106, 0.069694, 0.064927, 1.732719, 1.331036, 104151.947629, 2191.192996 
93.251164, 17.826942, 10.493121, 0.184500, 0.059623, 0.991616, 0.702792, 67783.214134, 2457.817989 
89.135871, 14.900765, 11.330999, 0.187916, 0.054068, 1.067080, 0.648179, 64419.780174, 2564.043656 
57.679078, 9.431374, 4.738896, 0.094256, 0.191297, 0.941977, 0.941977, 362029.928734, 4866.571343 
22.780344, 0.881184, 0.812789, 0.007881, 0.060426, 0.069509, 0.069509, 2000000000000000.000000, 1000000000000000.000000 
80.442514, 22.805111, 11.149709, 0.102250, 0.060104, 1.568034, 1.182744, 81798.088487, 2252.226063 
86.814658, 17.400326, 11.190110, 0.202442, 0.051642, 0.965163, 0.679040, 64907.937421, 2429.873636 
109.269548, 14.154722, 11.988608, 0.145250, 0.062193, 0.493572, 0.344933, 56373.368170, 2619.428432 
84.144655, 17.918668, 11.325248, 0.221817, 0.055701, 1.136252, 0.709783, 65250.171550, 2401.117564 
101.832054, 14.512384, 11.442744, 0.155190, 0.059221, 0.323784, 0.672586, 65408.005578, 2593.228835 
64.152260, 25.905563, 11.328662, 0.094527, 0.055873, 1.483903, 1.364382, 91993.657930, 2196.497937 
55.538037, 8.906819, 4.498029, 0.088957, 0.183268, 0.888451, 0.888451, 395316.532651, 5264.316183 
66.704128, 26.401238, 11.627520, 0.090984, 0.051176, 1.538767, 1.383372, 86889.791675, 2174.093690 
98.587652, 15.401832, 10.756464, 0.152862, 0.062729, 0.784862, 0.325129, 64844.553426, 2572.630750 
42.584183, 5.733125, 3.040721, 0.056896, 0.134691, 0.564605, 0.564605, 2000000000000000.000000, 1000000000000000.000000 
22.147289, 0.726086, 0.741570, 0.006315, 0.058052, 0.053682, 0.053682, 2000000000000000.000000, 1000000000000000.000000 
65.017340, 26.302285, 11.392180, 0.086360, 0.055173, 1.601467, 1.334049, 91613.578598, 2185.175202 
84.390987, 21.084920, 9.451606, 0.140275, 0.055652, 1.673124, 1.140309, 81564.932414, 2387.324564 
68.447858, 25.469354, 11.257578, 0.103848, 0.064667, 1.558862, 1.310270, 89742.085979, 2196.607755 
87.487132, 14.862950, 11.278732, 0.185340, 0.062064, 0.993899, 0.732138, 68927.755987, 2573.509905 
36.757266, 4.305530, 2.385192, 0.042474, 0.112840, 0.418932, 0.418932, 2000000000000000.000000, 1000000000000000.000000 
109.829942, 12.137519, 14.024239, 0.184149, 0.060910, 0.157605, 0.837737, 51883.273492, 2641.518936 
112.653790, 12.722686, 12.823601, 0.190613, 0.058206, 0.474063, 0.880673, 50963.941343, 2673.308477 
56.305775, 9.094915, 4.584400, 0.090857, 0.186147, 0.907644, 0.907644, 382688.871773, 5113.449461 
69.066457, 26.361267, 12.313294, 0.091981, 0.055574, 1.543102, 1.401764, 84459.765503, 2157.663592 
56.605471, 27.132413, 10.948712, 0.100471, 0.051761, 1.636745, 1.054481, 92455.080736, 2221.278260 
59.082522, 26.471467, 10.905378, 0.085717, 0.060334, 1.600037, 1.020716, 97867.055706, 2220.661779 
21.310847, 0.521158, 0.647470, 0.004244, 0.054916, 0.032771, 0.032771, 2000000000000000.000000, 1000000000000000.000000 
111.575824, 13.955881, 13.375774, 0.168409, 0.058173, 0.459475, 0.690659, 50468.166658, 2585.457011 
81.417193, 20.813886, 10.734522, 0.104204, 0.056280, 1.634666, 1.182036, 82014.906710, 2318.818579 
64.870421, 26.095985, 11.304676, 0.085652, 0.062206, 1.713741, 1.216546, 93728.070414, 2191.532630 
87.356970, 16.871910, 11.140462, 0.205837, 0.053669, 1.040906, 0.778411, 65568.487326, 2457.843774 
85.201250, 20.719375, 9.853331, 0.144703, 0.050431, 1.701493, 1.196601, 76777.837170, 2373.647775 
67.534664, 27.305093, 11.135084, 0.097585, 0.065853, 1.511722, 1.334048, 92510.401472, 2174.837227 
98.540644, 16.070526, 11.191499, 0.151219, 0.060597, 0.790009, 0.381441, 62823.731524, 2514.778517 
35.328017, 3.955364, 2.224402, 0.038937, 0.107480, 0.383200, 0.383200, 2000000000000000.000000, 1000000000000000.000000 
95.989873, 15.642972, 11.245875, 0.188164, 0.057875, 1.103566, 0.737295, 61748.611767, 2525.341407 
110.451463, 15.075997, 12.622960, 0.174606, 0.067526, 0.404945, 0.818005, 57934.094969, 2559.117491 
81.863305, 20.114534, 10.266139, 0.130967, 0.053914, 1.817588, 1.108683, 77946.625098, 2363.741500 
27.554844, 2.050937, 1.349920, 0.019698, 0.078331, 0.188871, 0.188871, 2000000000000000.000000, 1000000000000000.000000 
80.968853, 24.484373, 10.956353, 0.104544, 0.059313, 1.526289, 0.813434, 77538.907988, 2231.617832 
111.007040, 12.166431, 13.597994, 0.183893, 0.060145, 0.128398, 0.953294, 54085.039083, 2661.232956 
38.975148, 4.848911, 2.634704, 0.047963, 0.121157, 0.474379, 0.474379, 2000000000000000.000000, 1000000000000000.000000 
101.700607, 15.768411, 10.643980, 0.143984, 0.056510, 0.806057, 0.434302, 64223.814683, 2573.739593 
30.848298, 2.857833, 1.720433, 0.027850, 0.090681, 0.271207, 0.271207, 2000000000000000.000000, 1000000000000000.000000 
119.229183, 16.950355, 10.911958, 0.206981, 0.062995, 0.405069, 0.531134, 55180.554093, 2656.303251 
28.894220, 2.379084, 1.500600, 0.023013, 0.083353, 0.222355, 0.222355, 2000000000000000.000000, 1000000000000000.000000 
52.557644, 8.176623, 4.162735, 0.081580, 0.172091, 0.813941, 0.813941, 453451.058978, 5958.012744 
37.354066, 4.451746, 2.452332, 0.043951, 0.115078, 0.433852, 0.433852, 2000000000000000.000000, 1000000000000000.000000 
88.361018, 17.891960, 10.817815, 0.183991, 0.052028, 1.025394, 0.655316, 66508.146615, 2426.499106 
132.573273, 14.845313, 10.525612, 0.178620, 0.065208, 0.342883, 0.640733, 56644.430068, 2948.716305 
38.573322, 4.750464, 2.589499, 0.046969, 0.119650, 0.464333, 0.464333, 2000000000000000.000000, 1000000000000000.000000 
41.725293, 5.522697, 2.944095, 0.054770, 0.131470, 0.543132, 0.543132, 2000000000000000.000000, 1000000000000000.000000 
83.289090, 20.820213, 10.255078, 0.131928, 0.050983, 1.713243, 1.211881, 76999.407897, 2344.149721 
