85.245599, 19.532720, 9.221971, 0.142637, 0.050303, 1.540007, 1.350910, 83378.668868, 2455.613008 
68.128083, 25.876231, 12.429653, 0.076413, 0.068322, 1.489324, 1.289380, 96238.140193, 2163.383115 
109.030979, 14.250563, 12.597964, 0.189518, 0.050720, 0.436745, 0.883090, 51788.996286, 2585.492651 
86.788595, 16.764186, 10.796946, 0.192641, 0.063192, 1.058198, 0.741363, 70379.912460, 2480.080365 
81.752203, 22.532117, 11.932137, 0.038537, 0.064439, 1.342584, 0.658226, 107768.275784, 2236.299201 
110.502725, 14.468464, 12.232609, 0.189578, 0.058891, 0.423465, 0.762750, 54196.855791, 2601.038319 
122.257472, 14.982572, 10.707474, 0.179524, 0.068272, 0.467677, 0.644192, 59138.975748, 2777.646815 
85.680895, 18.553065, 9.035605, 0.158290, 0.061405, 1.607583, 1.059729, 84180.018237, 2509.755610 
75.551177, 21.230620, 11.251198, 0.093938, 0.053062, 1.574176, 1.257473, 84961.347411, 2287.389045 
110.142946, 11.949191, 13.520946, 0.185213, 0.055407, 0.135899, 0.849228, 51464.711703, 2673.650156 
126.728706, 16.292861, 11.454825, 0.177554, 0.055906, 0.451270, 0.602335, 50850.275989, 2747.044365 
21.233841, 0.502291, 0.638807, 0.004054, 0.054627, 0.030846, 0.030846, 2000000000000000.000000, 1000000000000000.000000 
33.908446, 3.607569, 2.064700, 0.035423, 0.102157, 0.347711, 0.347711, 2000000000000000.000000, 1000000000000000.000000 
26.545235, 1.803582, 1.236339, 0.017199, 0.074545, 0.163631, 0.163631, 2000000000000000.000000, 1000000000000000.000000 
121.583979, 15.468184, 10.791645, 0.179644, 0.072794, 0.457789, 0.636680, 60510.643462, 2744.049159 
40.603630, 5.247889, 2.817908, 0.051994, 0.127264, 0.515091, 0.515091, 2000000000000000.000000, 1000000000000000.000000 
90.820739, 16.333660, 10.986750, 0.190626, 0.055208, 1.096495, 0.654612, 64598.154437, 2494.143664 
89.400897, 20.443878, 9.971951, 0.133553, 0.066291, 1.669998, 1.201112, 80652.787105, 2386.679846 
103.637617, 16.111987, 10.709102, 0.138775, 0.050935, 0.168958, 0.727478, 69524.484682, 2564.142424 
41.470520, 5.460278, 2.915434, 0.054140, 0.130514, 0.536763, 0.536763, 2000000000000000.000000, 1000000000000000.000000 
64.879495, 25.244251, 11.070098, 0.076517, 0.052686, 1.632717, 1.197727, 94451.572554, 2215.023410 
93.005216, 18.044445, 10.642534, 0.184666, 0.061352, 1.309780, 0.581475, 65331.966576, 2440.382281 
81.589613, 21.131752, 11.291080, 0.102332, 0.056994, 1.631584, 1.186819, 79650.876942, 2287.985163 
103.793274, 13.025925, 12.968968, 0.171954, 0.055635, 0.319604, 0.839056, 56498.604287, 2613.430141 
101.911799, 14.741373, 12.275233, 0.141719, 0.051631, 0.262215, 0.764718, 62288.332791, 2541.257471 
81.680495, 20.316645, 9.866609, 0.145405, 0.052803, 1.710073, 1.182571, 79294.170632, 2379.420357 
61.889057, 27.530066, 10.902574, 0.085687, 0.062367, 1.770331, 1.082282, 94859.233652, 2189.044960 
101.435610, 14.493605, 12.493008, 0.143702, 0.050993, 0.159808, 0.690737, 61157.015085, 2543.410055 
116.801152, 14.854139, 11.091887, 0.194017, 0.068616, 0.394442, 0.598424, 57733.791607, 2697.620775 
79.089494, 22.986082, 11.956120, 0.038324, 0.055829, 1.252781, 0.853119, 108550.677760, 2222.580219 
31.489659, 3.014966, 1.792587, 0.029437, 0.093086, 0.287241, 0.287241, 2000000000000000.000000, 1000000000000000.000000 
31.638003, 3.051311, 1.809275, 0.029804, 0.093643, 0.290950, 0.290950, 2000000000000000.000000, 1000000000000000.000000 
82.914343, 16.297880, 11.091058, 0.185124, 0.068821, 1.003217, 0.572453, 72594.790894, 2500.118675 
54.272690, 8.596809, 4.355678, 0.085825, 0.178523, 0.856817, 0.856817, 418069.481850, 5536.014647 
128.351528, 15.643308, 10.733515, 0.184983, 0.061721, 0.462322, 0.578837, 53944.905762, 2834.252166 
42.406911, 5.689693, 3.020777, 0.056457, 0.134026, 0.560173, 0.560173, 2000000000000000.000000, 1000000000000000.000000 
100.722414, 15.769750, 12.277536, 0.183068, 0.068900, 0.315019, 0.757448, 62953.032030, 2488.402354 
25.980464, 1.665214, 1.172802, 0.015802, 0.072427, 0.149512, 0.149512, 2000000000000000.000000, 1000000000000000.000000 
57.208471, 9.316075, 4.685953, 0.093091, 0.189532, 0.930212, 0.930212, 368848.830232, 4948.061919 
66.552829, 27.328596, 10.627781, 0.096828, 0.067758, 1.580596, 0.970435, 91934.347585, 2192.481960 
101.497509, 15.641522, 12.607323, 0.178215, 0.063851, 0.321590, 0.774795, 60397.730259, 2485.009765 
56.349040, 9.105515, 4.589267, 0.090964, 0.186309, 0.908726, 0.908726, 382001.512156, 5105.236267 
40.386818, 5.194770, 2.793517, 0.051457, 0.126451, 0.509670, 0.509670, 2000000000000000.000000, 1000000000000000.000000 
101.404047, 14.945211, 11.654657, 0.146440, 0.053596, 0.178122, 0.740013, 65830.117252, 2557.428489 
80.406879, 23.385853, 11.106366, 0.112167, 0.062896, 1.583025, 0.997942, 78750.039845, 2242.615545 
93.268483, 17.825803, 10.371268, 0.181286, 0.072210, 1.239929, 0.532361, 69027.772070, 2464.904943 
106.845855, 14.326045, 12.427442, 0.189814, 0.053574, 0.386385, 0.771222, 53662.596444, 2576.879332 
62.764371, 26.967071, 10.962501, 0.100123, 0.062368, 1.686055, 1.065442, 90814.701351, 2193.203072 
21.128860, 0.476571, 0.626997, 0.003794, 0.054233, 0.028221, 0.028221, 2000000000000000.000000, 1000000000000000.000000 
87.423876, 17.944421, 10.219337, 0.183217, 0.056493, 1.284090, 0.557448, 69827.325002, 2455.186200 
35.054096, 3.888253, 2.193586, 0.038259, 0.106453, 0.376352, 0.376352, 2000000000000000.000000, 1000000000000000.000000 
81.227035, 25.470931, 11.199522, 0.058140, 0.056266, 1.379496, 0.891927, 92192.975994, 2212.047663 
26.823310, 1.871711, 1.267622, 0.017888, 0.075587, 0.170583, 0.170583, 2000000000000000.000000, 1000000000000000.000000 
22.776502, 0.880243, 0.812356, 0.007872, 0.060412, 0.069413, 0.069413, 2000000000000000.000000, 1000000000000000.000000 
103.083131, 15.696323, 11.187802, 0.140570, 0.062822, 0.218301, 0.655438, 70420.304201, 2552.486132 
92.730933, 18.513383, 10.597215, 0.184937, 0.054231, 1.229109, 0.608074, 64649.818932, 2424.601417 
21.712886, 0.619657, 0.692700, 0.005239, 0.056423, 0.042822, 0.042822, 2000000000000000.000000, 1000000000000000.000000 
72.522074, 24.564200, 11.771926, 0.045119, 0.061712, 1.192978, 0.886263, 110576.593042, 2194.878968 
88.478574, 16.321719, 11.015119, 0.194653, 0.070083, 1.451304, 0.769611, 68305.446444, 2492.565707 
39.205604, 4.905373, 2.660630, 0.048534, 0.122021, 0.480140, 0.480140, 2000000000000000.000000, 1000000000000000.000000 
87.498325, 17.596318, 10.424681, 0.183528, 0.056142, 1.000491, 0.700976, 70621.139938, 2459.064664 
77.756327, 23.857398, 11.437862, 0.099352, 0.054136, 1.496435, 0.868049, 76930.572585, 2219.179477 
87.099806, 15.868934, 11.112536, 0.192033, 0.051510, 1.229953, 0.694527, 65440.481040, 2515.317994 
80.612037, 16.891889, 10.350265, 0.179734, 0.053150, 0.968792, 0.596074, 75047.303817, 2506.847778 
108.566228, 12.051123, 12.569311, 0.174988, 0.050589, 0.178590, 0.741500, 53408.475968, 2707.583519 
42.557282, 5.726534, 3.037694, 0.056829, 0.134590, 0.563932, 0.563932, 2000000000000000.000000, 1000000000000000.000000 
82.324968, 23.434867, 11.418548, 0.108269, 0.057907, 1.613724, 0.883202, 74050.456082, 2235.927132 
80.489160, 17.570679, 10.414762, 0.180021, 0.053052, 0.968312, 0.749797, 75351.077829, 2465.327582 
39.669626, 5.019058, 2.712833, 0.049682, 0.123761, 0.491741, 0.491741, 2000000000000000.000000, 1000000000000000.000000 
46.355257, 6.657038, 3.464966, 0.066229, 0.148832, 0.658881, 0.658881, 651841.073171, 8308.811848 
102.673001, 14.766118, 11.837587, 0.152737, 0.051807, 0.270231, 0.654109, 61037.388557, 2562.638029 
34.695168, 3.800316, 2.153206, 0.037371, 0.105107, 0.367379, 0.367379, 2000000000000000.000000, 1000000000000000.000000 
23.511941, 1.060426, 0.895093, 0.009692, 0.063170, 0.087799, 0.087799, 2000000000000000.000000, 1000000000000000.000000 
61.160797, 27.298070, 10.863871, 0.086565, 0.063376, 1.628817, 1.119590, 97408.910977, 2196.410867 
72.735385, 22.869120, 10.454848, 0.114828, 0.057216, 1.459852, 1.264561, 87627.886118, 2275.805046 
66.428918, 26.636708, 11.291696, 0.089958, 0.052864, 1.584717, 1.265107, 88044.988032, 2180.020988 
101.193352, 15.677947, 12.157687, 0.188224, 0.065955, 0.315484, 0.699219, 61143.865805, 2499.075325 
80.993527, 24.773499, 10.751671, 0.055659, 0.057541, 1.473034, 0.750993, 93817.698409, 2235.223556 
84.534164, 17.414041, 11.271618, 0.201396, 0.055323, 1.015996, 0.680257, 66659.567808, 2426.782941 
102.665260, 13.648210, 11.848944, 0.170127, 0.051798, 0.168440, 0.773127, 60986.842714, 2625.016900 
101.763410, 14.419546, 11.420216, 0.150034, 0.050125, 0.293008, 0.695042, 63374.616315, 2599.458181 
115.736159, 15.880985, 11.247409, 0.199581, 0.058480, 0.367438, 0.627812, 54967.751975, 2636.810463 
103.029789, 14.907087, 11.142023, 0.149972, 0.055625, 0.276487, 0.723950, 66707.605896, 2593.529361 
56.600980, 9.167240, 4.617610, 0.091587, 0.187254, 0.915024, 0.915024, 378048.096780, 5057.995454 
100.249949, 15.777245, 10.787772, 0.140631, 0.058184, 0.241193, 0.655186, 71760.250641, 2557.924548 
21.141933, 0.479774, 0.628467, 0.003826, 0.054282, 0.028548, 0.028548, 2000000000000000.000000, 1000000000000000.000000 
89.294526, 18.090802, 10.521703, 0.184596, 0.066566, 1.257291, 0.536676, 68849.858618, 2435.119728 
87.670006, 16.553249, 10.189242, 0.184010, 0.060239, 0.986387, 0.702739, 73284.628827, 2525.382322 
22.363307, 0.779010, 0.765872, 0.006849, 0.058862, 0.059083, 0.059083, 2000000000000000.000000, 1000000000000000.000000 
85.740393, 19.439834, 9.293781, 0.139052, 0.062570, 1.548553, 1.262587, 86619.813493, 2454.489426 
29.879732, 2.620534, 1.611470, 0.025452, 0.087049, 0.246993, 0.246993, 2000000000000000.000000, 1000000000000000.000000 
98.754951, 13.904368, 11.542145, 0.166265, 0.051067, 0.068783, 0.556105, 63190.889091, 2616.991175 
38.161671, 4.649609, 2.543188, 0.045950, 0.118106, 0.454042, 0.454042, 2000000000000000.000000, 1000000000000000.000000 
85.599502, 19.640374, 10.167416, 0.140969, 0.061946, 1.701807, 1.143886, 78530.730474, 2389.896354 
23.809552, 1.133340, 0.928575, 0.010429, 0.064286, 0.095239, 0.095239, 2000000000000000.000000, 1000000000000000.000000 
86.977485, 16.408463, 10.921099, 0.189187, 0.051889, 1.274285, 0.682614, 66307.604232, 2493.147872 
104.165733, 15.223737, 11.119469, 0.143421, 0.056005, 0.775416, 0.480119, 61080.931618, 2584.317029 
41.347070, 5.430032, 2.901545, 0.053834, 0.130052, 0.533677, 0.533677, 2000000000000000.000000, 1000000000000000.000000 
108.656130, 14.328325, 11.470759, 0.143228, 0.065631, 0.809484, 0.343692, 58206.831556, 2634.612118 
110.616953, 13.560067, 12.468308, 0.188030, 0.058028, 0.449383, 0.820603, 53215.659455, 2634.108941 
81.044422, 16.703023, 10.744786, 0.192230, 0.050942, 1.198308, 0.704964, 71340.610488, 2497.156519 
108.875926, 14.897754, 11.563137, 0.128377, 0.057307, 0.401358, 0.428687, 61158.941923, 2603.382525 
42.924907, 5.816602, 3.079052, 0.057739, 0.135968, 0.573123, 0.573123, 2000000000000000.000000, 1000000000000000.000000 
100.115971, 16.052683, 12.599836, 0.175357, 0.060522, 0.244539, 0.773381, 60935.916479, 2462.436160 
32.087344, 3.161399, 1.859826, 0.030916, 0.095328, 0.302184, 0.302184, 2000000000000000.000000, 1000000000000000.000000 
27.914260, 2.138994, 1.390354, 0.020588, 0.079678, 0.197856, 0.197856, 2000000000000000.000000, 1000000000000000.000000 
73.514354, 25.729966, 11.450470, 0.075656, 0.060838, 1.391291, 1.467626, 96852.138803, 2186.081497 
112.805594, 13.973017, 12.380666, 0.185192, 0.055446, 0.380881, 0.712037, 51690.723629, 2633.097548 
110.627941, 15.188286, 11.150117, 0.136992, 0.055861, 0.883024, 0.329886, 56616.640715, 2625.707473 
26.176311, 1.713196, 1.194835, 0.016286, 0.073161, 0.154408, 0.154408, 2000000000000000.000000, 1000000000000000.000000 
91.260452, 16.515565, 10.583355, 0.195747, 0.060749, 0.965740, 0.615590, 67511.697553, 2506.957167 
27.865062, 2.126940, 1.384820, 0.020466, 0.079494, 0.196627, 0.196627, 2000000000000000.000000, 1000000000000000.000000 
43.043673, 5.845700, 3.092413, 0.058033, 0.136414, 0.576092, 0.576092, 2000000000000000.000000, 1000000000000000.000000 
107.394756, 14.744106, 11.348491, 0.148214, 0.052493, 0.608474, 0.384455, 56765.976078, 2613.023994 
87.327693, 17.260244, 11.012222, 0.207589, 0.064726, 1.097655, 0.760046, 67997.338802, 2444.634415 
55.220858, 26.846880, 11.025326, 0.080300, 0.054871, 1.646486, 1.206655, 102175.803073, 2237.145394 
36.811337, 4.318777, 2.391275, 0.042608, 0.113043, 0.420283, 0.420283, 2000000000000000.000000, 1000000000000000.000000 
84.807051, 20.218241, 9.974654, 0.129321, 0.053547, 1.741453, 1.115703, 78464.107964, 2380.644370 
64.739604, 26.214015, 11.107467, 0.071262, 0.067061, 1.642291, 1.298704, 104859.641144, 2195.663822 
101.929951, 15.179898, 11.362105, 0.132011, 0.055078, 0.545020, 0.413963, 62745.951673, 2562.538984 
86.356921, 17.124612, 11.039613, 0.195113, 0.057693, 1.096782, 0.892605, 68721.104411, 2450.001268 
88.165650, 16.748252, 10.947753, 0.199826, 0.053663, 1.074453, 0.773254, 66254.549382, 2473.246304 
21.817705, 0.645338, 0.704492, 0.005499, 0.056816, 0.045443, 0.045443, 2000000000000000.000000, 1000000000000000.000000 
49.959077, 7.539974, 3.870396, 0.075149, 0.162347, 0.748977, 0.748977, 520022.478787, 6749.888471 
43.066865, 5.851382, 3.095022, 0.058090, 0.136501, 0.576672, 0.576672, 2000000000000000.000000, 1000000000000000.000000 
122.246649, 16.955583, 11.072330, 0.175833, 0.050916, 0.427982, 0.770493, 54652.092524, 2684.570925 
102.092248, 14.894344, 12.301743, 0.176580, 0.055740, 0.255895, 0.863409, 60265.831581, 2533.202356 
108.615538, 12.265256, 13.049329, 0.186195, 0.051934, 0.207434, 0.936788, 52690.141330, 2670.016887 
