74.78866386 30.80472151 15.83662518 0.26093697 0.07396603 1.64737975 0.05362250
115.65731357 22.09020265 19.82569720 0.31042856 0.05262540 1.42761194 0.20957553
32.60544290 3.28833351 1.91811233 0.03219847 0.09727041 0.31513607 0.31513607
106.94379393 19.60968068 19.65027550 0.29202066 0.06138886 1.10490943 0.20914001
91.80024917 22.00356908 19.36854807 0.33792589 0.05871683 0.95649178 0.05250970
65.50999903 28.85540758 16.11625195 0.24441496 0.06290813 1.76363550 0.17900071
86.56855620 26.21532133 18.94246477 0.34022875 0.05534706 0.71120653 0.27504991
92.90051514 20.26676049 19.09041336 0.32591261 0.05889072 1.04748462 0.22043889
65.38794399 32.96741432 13.32852849 0.22665015 0.07369377 1.62547616 0.30502945
55.08380140 8.79553134 4.44692766 0.08783241 0.18156426 0.87709503 0.87709503
51.49666667 7.91668333 4.04337500 0.07895425 0.16811250 0.78741667 0.78741667
45.80767602 6.52288062 3.40336355 0.06487400 0.14677879 0.64519190 0.64519190
93.56960595 21.58907810 19.32472197 0.32162681 0.05319147 0.99002300 0.21728635
63.48993683 29.00772140 15.62824444 0.23972314 0.05344226 1.25803885 0.31410121
113.59240491 23.35326236 19.55016538 0.31691389 0.06164515 1.40905568 0.13769479
82.04850321 24.95351378 18.38656382 0.32938698 0.07674361 0.94149544 0.17486253
86.27349021 21.61099574 18.76811828 0.31757877 0.07202166 1.09394246 0.01775453
90.93245122 24.21526577 18.80275181 0.30846216 0.06095846 1.01703621 0.09178865
68.95935306 28.57093620 15.52618101 0.25700784 0.05525246 1.42496547 0.11906307
62.71759145 28.06896975 16.24214187 0.25444631 0.06001394 1.75474755 0.16952589
71.95885479 32.24585312 13.85344610 0.24495314 0.07003582 1.76286363 0.33632083
103.91526662 20.60378259 18.44402991 0.34056690 0.06427585 0.85025215 0.03863205
89.28449556 21.56066707 19.43201590 0.32226416 0.05371127 1.08687608 0.03418289
95.92518282 20.53941338 19.33524353 0.32338151 0.05528529 1.11686058 0.11945985
102.25992503 21.84738190 19.34880178 0.34832910 0.06754698 0.92732315 0.13596812
93.98791573 19.49970413 22.32470557 0.34685985 0.05774593 0.97123865 0.25338021
68.99796885 27.51904873 15.23164763 0.24723014 0.05397089 1.61131850 0.26902863
81.57965514 25.55298619 19.09106755 0.32836632 0.05109142 0.91870263 0.07716582
60.16616240 29.74260134 16.49482413 0.24848962 0.05048474 1.81846588 0.10004335
68.41210810 29.29563222 16.04654022 0.24485975 0.06632211 1.70663380 0.06648357
96.11388277 20.77351004 19.26406372 0.31385797 0.05397041 0.99824121 0.17974689
46.94304071 6.80104497 3.53109208 0.06768403 0.15103640 0.67357602 0.67357602
50.66809064 7.71368221 3.95016020 0.07690352 0.16500534 0.76670227 0.76670227
80.28128237 24.35861579 18.35178840 0.32725128 0.06012548 0.91959343 0.16332660
66.87548879 32.54001370 13.32994775 0.21992867 0.06479253 1.72614821 0.39795975
62.87646399 28.58616746 15.83936969 0.25045401 0.06354130 1.75316623 0.18509522
78.77094623 23.46659857 16.60667230 0.33677870 0.05298460 1.11090187 0.17792344
69.54283789 32.81315771 13.93753279 0.25033266 0.06696434 1.73053130 0.30363187
90.46818441 21.79403518 19.14994320 0.33055253 0.05711587 1.06260448 0.05939037
25.73686186 1.60553116 1.14539696 0.01519873 0.07151323 0.14342155 0.14342155
81.56048997 24.70844873 16.60101467 0.29637353 0.06044104 0.85375039 0.43625651
52.62784589 8.19382224 4.17063266 0.08175392 0.17235442 0.81569615 0.81569615
78.86762380 25.20592780 18.56686000 0.32134509 0.05508237 0.82667855 0.10255712
62.45206776 33.09479483 14.59262341 0.22635636 0.06155666 1.76533781 0.48916928
30.92807398 2.87737812 1.72940832 0.02804698 0.09098028 0.27320185 0.27320185
95.55803535 22.67328310 19.54357533 0.32447721 0.05471921 1.04319249 0.19615302
79.56125173 23.80990407 17.08369749 0.32782528 0.07016439 1.02527198 0.14988238
49.96337395 7.54102662 3.87087957 0.07515935 0.16236265 0.74908435 0.74908435
83.54090398 24.36733564 18.81162614 0.31288288 0.05974440 0.90662468 0.12638139
59.25924991 9.81851623 4.91666562 0.09816664 0.19722219 0.98148125 0.98148125
65.33998104 32.51970901 13.87893539 0.22536504 0.07431471 1.70798875 0.30030535
103.50731445 20.68746048 18.26035873 0.35373225 0.05817976 1.02846381 0.06212270
91.61702285 23.35521798 19.15253397 0.31037174 0.07618963 1.12779342 0.13332484
20.48586217 0.31903623 0.55465949 0.00220251 0.05182198 0.01214655 0.01214655
103.41227177 20.51186860 19.32772029 0.30700865 0.05243299 1.25794235 0.15735345
68.34264518 33.11172530 14.17335125 0.22598373 0.06018046 1.72932846 0.29690609
102.93271874 20.94805667 19.11950354 0.31650584 0.05796632 1.12809092 0.09652079
98.56164772 21.60726538 19.11431934 0.31888177 0.06417322 1.17194899 0.18734495
56.16251887 9.05981712 4.56828337 0.09050223 0.18560945 0.90406297 0.90406297
40.05415460 5.11326788 2.75609239 0.05063403 0.12520308 0.50135386 0.50135386
104.76768543 20.34818426 19.76779394 0.30239734 0.05483209 1.14116442 0.23564732
69.98304575 28.22974088 15.08551511 0.25121105 0.05365993 1.70672130 0.29586148
82.39676361 25.56478411 16.86898568 0.31465605 0.05979622 0.81752149 0.34421350
89.42931841 24.42223858 18.37723046 0.30961579 0.05422823 0.91116648 0.01281163
38.52855501 4.73949598 2.58446244 0.04685817 0.11948208 0.46321388 0.46321388
68.73614612 28.76145161 15.68422744 0.24637015 0.05630035 1.47862013 0.16027563
65.07469693 29.12124075 15.80924533 0.24581147 0.05441410 1.34507485 0.37985968
90.02487044 21.74672160 19.57840210 0.31722134 0.05729421 1.00019020 0.05712189
79.90290778 30.50062344 16.20796895 0.27182474 0.05207575 1.65783736 0.28735537
44.05762530 6.09411820 3.20648285 0.06054262 0.14021609 0.60144063 0.60144063
75.72883502 30.99621200 15.44368585 0.26243983 0.05117410 1.60801954 0.23554947
57.30620707 9.34002073 4.69694830 0.09333286 0.18989828 0.93265518 0.93265518
51.25524384 7.85753474 4.01621493 0.07835673 0.16720716 0.78138110 0.78138110
31.29163903 2.96645156 1.77030939 0.02894681 0.09234365 0.28229098 0.28229098
92.21512377 25.35937949 18.81102450 0.31603650 0.05093282 1.02928782 0.11919749
41.11531619 5.37325247 2.87547307 0.05326041 0.12918244 0.52788290 0.52788290
72.38526695 29.09552836 16.02100907 0.24137723 0.05936833 1.92948789 0.19389091
96.57739317 21.24084250 19.26154739 0.34626883 0.06308580 0.97227758 0.04027059
87.41795853 20.66401356 19.07775814 0.31975639 0.05246463 1.06769988 0.01294987
38.53426965 4.74089607 2.58510534 0.04687232 0.11950351 0.46335674 0.46335674
96.28200230 21.40576105 19.67188171 0.35109275 0.05616333 0.95895386 0.04587557
70.62057989 31.90823272 13.77390017 0.23507292 0.06203365 1.69366286 0.27957860
37.38616724 4.45961097 2.45594381 0.04403076 0.11519813 0.43465418 0.43465418
58.48696328 9.62930600 4.82978337 0.09625523 0.19432611 0.96217408 0.96217408
104.09106147 20.41697465 18.30427583 0.35646166 0.05938390 0.87387769 0.12111108
66.93218571 29.30771892 15.73697539 0.25740481 0.06044312 1.50086569 0.10250704
108.03756572 22.28098390 19.44191353 0.31782789 0.05704026 1.27442260 0.19958846
80.09846431 29.56705507 15.91195603 0.27088850 0.05798793 1.76053383 0.31524083
82.08509266 27.08063575 19.28261937 0.33236496 0.06300004 1.13213233 0.12252554
92.56588264 21.81196325 19.14961193 0.32538725 0.05302811 1.00533040 0.03528007
92.38642811 21.99236959 19.51399593 0.31701294 0.07461354 1.07149581 0.06801242
114.73335650 21.80305983 19.58204196 0.31263922 0.05403411 1.40610401 0.15711543
40.99519042 5.34382165 2.86195892 0.05296310 0.12873196 0.52487976 0.52487976
52.63073004 8.19452886 4.17095713 0.08176106 0.17236524 0.81576825 0.81576825
66.39567068 29.17281277 16.11273892 0.24542933 0.05521486 1.72576765 0.08986800
68.83910701 32.18010811 13.75976574 0.22377437 0.06629260 1.69080052 0.33131890
90.64090601 21.85487205 19.24950710 0.30760627 0.06406318 1.20606206 0.09809699
88.16648872 21.04466415 19.29571588 0.31549197 0.05770265 1.13019041 0.04531625
27.76995460 2.10363888 1.37411989 0.02023064 0.07913733 0.19424886 0.19424886
85.60441616 24.40516772 18.80109670 0.32719824 0.06405192 1.02005616 0.24634875
83.22729264 24.06375512 19.01300965 0.31577794 0.05988016 0.87971643 0.09560875
104.20469138 20.79583561 18.35053495 0.35463026 0.06080982 0.98291680 0.05378618
81.10783567 23.47255431 18.84439736 0.32255297 0.05288435 1.00045110 0.07695706
26.83491364 1.87455384 1.26892778 0.01791641 0.07563093 0.17087284 0.17087284
58.38340655 9.60393460 4.81813324 0.09599893 0.19393777 0.95958516 0.95958516
41.83638537 5.54991442 2.95659335 0.05504505 0.13188645 0.54590963 0.54590963
32.87868728 3.35527838 1.94885232 0.03287475 0.09829508 0.32196718 0.32196718
31.41180199 2.99589149 1.78382772 0.02924421 0.09279426 0.28529505 0.28529505
98.20743014 20.78941114 19.55665463 0.32887375 0.05116523 1.00833250 0.20148036
85.18762386 24.39995657 18.74598415 0.31041214 0.05749875 0.87991804 0.11896745
94.78754478 20.26396899 18.80070318 0.31899998 0.06065999 0.93724716 0.22505459
80.55296314 24.31377439 19.28045248 0.31176649 0.05953685 0.89294189 0.13204552
53.68622545 8.45312524 4.28970036 0.08437341 0.17632335 0.84215564 0.84215564
72.09138298 30.15580650 15.82210737 0.24105068 0.07540782 1.88109898 0.19800560
63.98323115 33.24418570 14.33822121 0.23579402 0.07510484 1.74568106 0.47970747
20.50269545 0.32316039 0.55655324 0.00224417 0.05188511 0.01256739 0.01256739
90.98545235 22.01150130 19.11575976 0.31537744 0.05893396 1.06178314 0.07937111
88.44661256 27.27700956 18.57934838 0.32691431 0.06261833 1.28736553 0.06800034
93.33864250 22.07810338 19.60177553 0.34905245 0.06774608 0.97664549 0.06588657
38.10237388 4.63508160 2.53651706 0.04580338 0.11788390 0.45255935 0.45255935
62.26353518 30.13372182 15.69595772 0.25117245 0.07382236 1.74656986 0.19275110
91.93372558 21.72604782 19.24080706 0.32729608 0.06047924 1.19400773 0.06738729
76.46839505 31.16135847 15.58004736 0.25614147 0.05415694 1.69209745 0.00966606
59.96465422 9.99134028 4.99602360 0.09991252 0.19986745 0.99911636 0.99911636
96.47155692 22.41309263 19.26546477 0.33782332 0.05614879 1.04865605 0.13998596
78.93764065 30.05517350 16.08557105 0.27602873 0.05256581 1.79804758 0.30600004
46.49873508 6.69219010 3.48110770 0.06658437 0.14937026 0.66246838 0.66246838
83.55107927 24.46780345 17.23879732 0.33173827 0.06326100 0.95270139 0.27228048
