128.46218088 15.79698266 16.10412981 0.16302451 0.05798315 0.48466342 0.43016839
114.41061675 14.83027639 15.22309540 0.16388255 0.05905076 0.82378909 0.09098679
33.62374265 3.53781695 2.03267105 0.03471876 0.10108903 0.34059357 0.34059357
112.19710447 16.13232102 16.98870964 0.15354654 0.05672483 0.77736898 0.07407941
61.67006610 30.93066217 13.40792323 0.04797807 0.06047958 1.35381377 0.96964454
46.70961804 6.74385642 3.50483203 0.06710630 0.15016107 0.66774045 0.66774045
126.05020395 14.79269095 15.93788261 0.15679294 0.05993260 0.39814920 0.24941489
35.25778889 3.93815828 2.21650125 0.03876303 0.10721671 0.38144472 0.38144472
124.54483020 16.28619731 16.82201218 0.15659694 0.05842972 0.66310362 0.29646207
51.00457649 7.79612124 3.98801485 0.07773633 0.16626716 0.77511441 0.77511441
68.48035576 29.63815043 12.70889488 0.11331529 0.06202514 1.11455901 1.04403694
84.21874435 24.95790268 13.37058694 0.12625246 0.05870120 1.23841813 1.27122813
103.87948472 18.58039279 12.62017300 0.18977543 0.06464157 0.92777260 0.86673218
114.26121489 15.63842122 17.19795164 0.17255096 0.05058588 0.46513270 0.48452400
116.27915540 14.64573484 14.91921176 0.16267422 0.05720074 0.85870593 0.18751564
111.65682142 14.51757534 16.26742419 0.17238770 0.05195654 0.90718624 0.48261575
128.82989140 14.72198755 16.07698392 0.15116391 0.05457162 0.54530418 0.37544997
22.24210562 0.74931588 0.75223688 0.00654921 0.05840790 0.05605264 0.05605264
37.81930280 4.56572919 2.50467157 0.04510277 0.11682239 0.44548257 0.44548257
48.21535471 7.11276190 3.67422740 0.07083300 0.15580758 0.70538387 0.70538387
24.65261760 1.33989131 1.02341948 0.01251523 0.06744732 0.11631544 0.11631544
30.80414317 2.84701508 1.71546611 0.02774025 0.09051554 0.27010358 0.27010358
112.22581783 14.60833509 15.14624698 0.14416709 0.06023198 0.91894227 0.13692524
53.33221514 8.36639271 4.24987420 0.08349723 0.17499581 0.83330538 0.83330538
97.11211776 15.32202855 14.15216573 0.16489379 0.06529010 0.31925031 0.50267311
127.50326890 15.59206496 16.38888057 0.16396951 0.05411214 0.49798153 0.34259592
114.66605814 17.27360069 16.90880034 0.13977233 0.06788038 0.63966585 0.13685618
107.85156640 13.93204268 16.67644856 0.16519910 0.05802177 0.83053409 0.40614313
93.61273993 18.72543645 11.93162054 0.17880639 0.05077533 1.20631509 0.24320445
26.08493435 1.69080892 1.18455511 0.01606021 0.07281850 0.15212336 0.15212336
93.67562452 20.70579726 12.88893429 0.21657993 0.05561062 0.94711453 0.60740446
55.53104000 8.90510480 4.49724200 0.08893932 0.18324140 0.88827600 0.88827600
69.26840287 29.23641666 12.63181780 0.10877692 0.05657705 1.10118668 1.10088565
38.22969985 4.66627646 2.55084123 0.04611851 0.11836137 0.45574250 0.45574250
82.81273294 24.67042471 12.94292969 0.11857749 0.05066877 1.24545104 1.24536321
85.45091909 21.05052785 11.66244873 0.22194478 0.05924931 1.15670626 0.55987218
51.99887500 8.03972437 4.09987344 0.08019722 0.16999578 0.79997187 0.79997187
51.39809063 7.89253220 4.03228520 0.07871027 0.16774284 0.78495227 0.78495227
57.97409284 9.50365275 4.77208544 0.09498588 0.19240285 0.94935232 0.94935232
126.48778109 18.02660518 16.10836887 0.15291412 0.05165325 0.62556798 0.25658147
89.48311466 25.12337451 12.79584073 0.12402157 0.06037228 1.22781791 1.20888484
41.13484250 5.37803641 2.87766978 0.05330874 0.12925566 0.52837106 0.52837106
114.22808854 13.54463515 15.81689684 0.17135011 0.07352963 0.92149507 0.35400433
88.76878902 22.44143062 12.45313937 0.22101421 0.06329552 1.16679303 0.63399271
61.57199939 31.40368575 13.52266868 0.04134531 0.05502416 1.47752574 1.03179656
24.73854943 1.36094461 1.03308681 0.01272791 0.06776956 0.11846374 0.11846374
87.61655763 22.36946767 11.92033970 0.21557902 0.05775893 1.07981467 0.56574489
108.28135405 18.62803642 12.10077699 0.18134432 0.05202910 1.20691993 0.26967967
91.17596535 18.66846967 12.56606865 0.19527613 0.06053391 0.98869928 0.71519167
99.11456305 14.60401560 14.12214354 0.16477012 0.06985933 0.30818553 0.45771617
104.05956760 18.60334869 13.06227508 0.19425340 0.05767147 0.93612964 0.89544086
88.91136418 26.92854080 13.11727304 0.11664869 0.05576000 1.44056022 1.13954606
106.40358938 16.77312684 12.70942328 0.18719983 0.05259732 1.32357677 0.16534622
100.85973327 19.65560955 12.20294305 0.18397349 0.05752584 1.21427488 0.19969830
113.81871513 14.71955310 17.39988758 0.16471176 0.05011542 0.62264160 0.35918355
102.51734110 19.52990608 12.43745521 0.18678580 0.07846452 1.06184211 0.84368937
112.05533560 15.10787878 15.07422774 0.16472572 0.06471918 0.77639885 0.13366626
53.09626087 8.30858391 4.22332935 0.08291325 0.17411098 0.82740652 0.82740652
127.93768513 14.80174301 15.93877364 0.16211661 0.06739954 0.62052829 0.24879926
47.29834823 6.88809532 3.57106418 0.06856341 0.15236881 0.68245871 0.68245871
109.81426199 16.54478719 16.09000558 0.15669371 0.05749245 0.42885978 0.29388623
121.58014730 13.35829415 15.57192238 0.16008425 0.05563002 0.88461846 0.19863748
94.22833934 18.75186770 12.29883706 0.18994067 0.05160350 1.09058924 0.70533334
92.45888841 18.39809137 11.41236156 0.18809056 0.06878707 1.28059017 0.42363268
86.58916690 26.00486721 12.73031467 0.11386811 0.06074122 1.26025118 1.24607366
47.36570014 6.90459654 3.57864127 0.06873011 0.15262138 0.68414250 0.68414250
97.24648878 15.29991965 14.46297017 0.16631787 0.05578643 0.21000422 0.45663960
36.05214657 4.13277591 2.30586649 0.04072906 0.11019555 0.40130366 0.40130366
49.14701486 7.34101864 3.77903917 0.07313886 0.15930131 0.72867537 0.72867537
116.07420075 16.25117248 15.56336511 0.18217494 0.05633361 0.57510735 0.50832952
39.16948527 4.89652389 2.65656709 0.04844448 0.12188557 0.47923713 0.47923713
59.12752859 9.78624451 4.90184697 0.09784063 0.19672823 0.97818821 0.97818821
89.38300649 22.49452797 12.18096961 0.21316762 0.06373327 1.15976998 0.56669738
112.97811849 15.18724617 15.84796386 0.16484271 0.06199838 0.89434470 0.28654983
93.67759524 17.84129233 12.08040076 0.17800273 0.05556613 1.29745094 0.31926957
86.69711806 20.82200632 12.10503050 0.21229374 0.06921286 1.07224450 0.66781519
97.55389878 19.53382334 12.76943307 0.19053657 0.05369553 1.01396947 0.82224790
36.81125768 4.31875813 2.39126649 0.04260786 0.11304222 0.42028144 0.42028144
48.15172433 7.09717246 3.66706899 0.07067552 0.15556897 0.70379311 0.70379311
34.21075492 3.68163496 2.09870993 0.03617162 0.10329033 0.35526887 0.35526887
101.62066963 18.89934398 13.89074908 0.19744916 0.05285282 0.84691862 0.82521240
112.34932043 12.83520589 15.90457207 0.16198145 0.06231126 0.76774648 0.34461528
100.89416472 19.27739841 13.32989912 0.19916329 0.07425890 0.80648021 0.85816629
97.81134134 18.06595128 12.94668866 0.19480424 0.05853664 0.89973271 0.86270947
107.90491320 18.09793226 12.68459497 0.17674359 0.05404889 1.18832778 0.24056913
28.38067330 2.25326496 1.44282575 0.02174217 0.08142752 0.20951683 0.20951683
65.77744425 29.76641313 13.11213214 0.06987528 0.05494949 1.32615744 1.04809913
65.20576130 28.37321586 12.73476726 0.06311212 0.05339413 1.13188899 1.09966773
58.97519667 9.74892318 4.88470963 0.09746361 0.19615699 0.97437992 0.97437992
91.47011582 21.28057647 12.56929663 0.21550711 0.05530832 1.00726317 0.62258300
98.27450750 19.14122285 12.28720674 0.18629332 0.06769743 1.05448952 0.81509335
128.67073148 15.77812820 15.57942987 0.15866959 0.06219367 0.45737210 0.16290119
66.96777020 29.48183533 13.28737227 0.07805678 0.05243786 1.32516224 1.06528827
61.51595001 29.59624512 13.88464426 0.07474709 0.05488838 1.11410588 1.07606188
23.80410207 1.13200501 0.92796148 0.01041515 0.06426538 0.09510255 0.09510255
89.63246778 25.32892203 12.28171853 0.12451920 0.05377812 1.39641781 1.33288258
121.77361185 13.79167347 16.87634074 0.17238114 0.05721417 0.52307591 0.39867840
117.97138229 15.01560553 17.16492875 0.16389768 0.05211134 0.55496093 0.46570276
67.11207348 29.57599048 13.72206967 0.06060338 0.06314712 1.22276021 1.15184628
62.27358310 32.24502649 13.80399223 0.05071888 0.05410144 1.48708465 1.18226104
128.30395620 16.22440030 15.73535543 0.16592885 0.06280557 0.53029817 0.32727902
86.26400583 21.74199109 12.68190111 0.20659576 0.05713616 1.09165392 0.62605648
51.41333947 7.89626817 4.03400069 0.07874802 0.16780002 0.78533349 0.78533349
63.37542952 29.89588518 13.17363832 0.07170591 0.05568280 1.39801193 1.14869300
113.50922124 16.83033904 15.15699533 0.18709841 0.05214306 0.58227674 0.41883217
112.79306749 16.10801178 14.88610234 0.16869853 0.07646968 0.98999696 0.44612536
37.04849433 4.37688111 2.41795561 0.04319502 0.11393185 0.42621236 0.42621236
48.94188590 7.29076205 3.75596216 0.07263117 0.15853207 0.72354715 0.72354715
63.99164924 32.40718660 13.61225471 0.05250500 0.06455059 1.56083481 1.17794677
95.18677889 17.64899618 12.59999568 0.18736063 0.05321075 1.20349311 0.43709000
108.05854062 17.01135898 12.73611494 0.18714584 0.05625410 1.38463710 0.24626234
66.16053843 29.63878730 13.22556725 0.07416655 0.05593005 1.21664791 1.18433086
21.85806142 0.65522505 0.70903191 0.00559870 0.05696773 0.04645154 0.04645154
61.09832875 32.53018088 13.48432956 0.04521991 0.05090065 1.46585218 1.16585838
80.21798750 26.24661743 12.66944951 0.12261061 0.05186679 1.38112250 1.16767403
63.53298020 30.74867542 13.42273612 0.04010337 0.05617102 1.45517833 1.00176220
92.83124516 18.56660946 11.78871093 0.18318615 0.05277925 1.18209430 0.24184245
102.39267377 19.71187022 13.37332022 0.19462097 0.06282033 0.81383355 0.85099008
89.30023794 25.54657134 13.19120590 0.12942045 0.05435296 1.20958786 1.23431632
70.12801907 29.33913869 12.76616143 0.11531688 0.05724366 1.15207465 1.08542865
44.13291571 6.11256435 3.21495302 0.06072897 0.14049843 0.60332289 0.60332289
115.50135861 14.94904569 14.77191895 0.15951371 0.05924836 0.84695742 0.22343704
116.63968639 15.20133484 15.28355552 0.17257559 0.05076270 0.78519870 0.12296717
130.71837444 15.22393098 15.74711349 0.16393179 0.05766792 0.56346232 0.21635274
67.57642827 30.24834641 13.45167079 0.06874760 0.06151903 1.18877743 1.10766724
116.47582747 14.28145499 17.05411116 0.16565220 0.06256164 0.53299862 0.38594524
101.03896413 18.20277200 13.63260620 0.19648540 0.05155159 0.84566430 0.84789201
57.93486860 9.49404281 4.76767272 0.09488880 0.19225576 0.94837172 0.94837172
