102.93130964 13.70514478 11.82996694 0.15701035 0.05061481 0.19459529 0.87961652
82.94024023 17.91824847 9.94701771 0.13672745 0.06459378 1.64420693 1.02520889
76.35103764 22.75402783 10.51392134 0.10742045 0.05889873 1.53016733 1.29794749
103.02982314 13.43803284 11.91808657 0.17535698 0.05642645 0.32609867 0.64403216
107.20826719 14.96087163 10.98504054 0.14737412 0.05290637 0.57188304 0.38419884
98.50426338 13.42037575 12.08339256 0.17037550 0.05234583 0.37382972 0.66542575
107.68731100 12.51541107 11.30088602 0.16739599 0.05648069 0.31582220 0.66415884
66.89463643 25.54677510 10.93303195 0.07220694 0.06044334 1.68997832 1.19761802
67.56015255 25.54628804 11.40245056 0.06810301 0.07427847 1.67629953 1.23914104
20.39317069 0.29632682 0.54423170 0.00197310 0.05147439 0.00982927 0.00982927
73.78077493 25.72817990 10.18594846 0.02918859 0.05739378 1.36420819 1.15959146
60.42358385 25.99710983 11.03273876 0.07537953 0.05062604 1.66225100 1.15999365
99.28679182 13.98431824 11.86463046 0.16594641 0.05622156 0.29064814 0.79132048
20.10049691 0.22462174 0.51130590 0.00124873 0.05037686 0.00251242 0.00251242
31.83140433 3.09869406 1.83103299 0.03028273 0.09436777 0.29578511 0.29578511
86.15798445 18.62555582 9.07507363 0.15934617 0.05420824 1.66418237 1.02465073
42.39303777 5.68629425 3.01921675 0.05642277 0.13397389 0.55982594 0.55982594
98.29085499 13.47946244 12.21521810 0.16678199 0.05150511 0.36721101 0.58894901
54.23664170 8.58797722 4.35162219 0.08573569 0.17838741 0.85591604 0.85591604
36.57910847 4.26188158 2.36514970 0.04203329 0.11217166 0.41447771 0.41447771
25.05005780 1.43726416 1.06813150 0.01349889 0.06893772 0.12625144 0.12625144
56.94312700 9.25106611 4.65610179 0.09243424 0.18853673 0.92357817 0.92357817
21.76169679 0.63161571 0.69819089 0.00536020 0.05660636 0.04404242 0.04404242
86.53131800 19.25842234 9.95352530 0.13247536 0.05282997 1.61363791 1.16496844
49.57263291 7.44529506 3.82692120 0.07419227 0.16089737 0.73931582 0.73931582
110.16842434 13.56455891 11.22596482 0.15056261 0.06104302 0.81700168 0.37656978
56.84767938 9.22768145 4.64536393 0.09219801 0.18817880 0.92119198 0.92119198
65.59268357 25.35551247 11.30128429 0.06681476 0.05383751 1.57673555 1.34231419
75.31903192 22.86238209 10.78799201 0.11579170 0.06063756 1.52306804 1.32325257
89.64384971 19.14721599 8.95889217 0.15511572 0.05643180 1.80023924 1.06153331
78.26205865 22.18234456 10.77863921 0.06770675 0.06025782 1.26710354 0.97096641
107.94911371 13.10164723 12.34216328 0.17166166 0.07211989 0.29192098 0.75465840
100.42030582 14.77440756 11.61081339 0.15356958 0.05221163 0.05172835 0.56102170
97.96766222 15.07353867 12.35531811 0.15531537 0.06097515 0.21561166 0.73535732
36.34246726 4.20390448 2.33852757 0.04144761 0.11128425 0.40856168 0.40856168
77.22237505 23.11570217 10.86230020 0.11657135 0.05408487 1.46591657 0.99271111
86.13706368 17.72683026 10.60253772 0.18586756 0.06516713 0.98508525 0.63873969
33.21904058 3.43866494 1.98714207 0.03371713 0.09957140 0.33047601 0.33047601
85.87591077 20.02530306 10.23461306 0.12553776 0.06574948 1.59172481 1.04268532
106.42583398 14.09964579 10.69292208 0.15202465 0.05564700 0.71586077 0.39195413
27.33997616 1.99829416 1.32574732 0.01916644 0.07752491 0.18349940 0.18349940
53.35460485 8.37187819 4.25239305 0.08355265 0.17507977 0.83386512 0.83386512
80.45004646 23.21097867 11.52998243 0.02084099 0.05792200 1.32703108 0.93447441
80.91014742 22.68308854 11.55106382 0.01847033 0.06500329 1.32009943 0.88086563
85.11422032 18.19964960 9.55182238 0.12997812 0.06373409 1.63733625 0.96429191
102.69444676 12.87496174 12.12280625 0.16294854 0.06575717 0.43656885 0.78945072
66.58548797 26.37821812 10.69659818 0.06892620 0.05898152 1.55202987 1.23604569
32.11298032 3.16768018 1.86271029 0.03097963 0.09542368 0.30282451 0.30282451
91.99702688 16.97427827 10.53746891 0.18857289 0.06287380 1.19117416 0.58863644
86.70338738 19.34149251 9.13060228 0.13964713 0.05077908 1.75184111 0.97033222
27.91030990 2.13802592 1.38990986 0.02057802 0.07966366 0.19775775 0.19775775
55.60281123 8.92268875 4.50531626 0.08911696 0.18351054 0.89007028 0.89007028
54.99893769 8.77473974 4.43738049 0.08762237 0.18124602 0.87497344 0.87497344
25.25868753 1.48837845 1.09160235 0.01401525 0.06972008 0.13146719 0.13146719
104.01686202 14.27475012 12.02741805 0.17507387 0.05465461 0.27710850 0.53461692
115.95989759 14.73555572 10.90278665 0.16647031 0.06508817 0.41071332 0.65491875
22.26591669 0.75514959 0.75491563 0.00660814 0.05849719 0.05664792 0.05664792
88.68728991 16.57030722 10.71630278 0.17207157 0.05456549 1.32805269 0.69745358
61.37410213 25.47898879 10.93302392 0.06722584 0.06441321 1.60198186 1.27374890
89.92447785 16.51705758 10.47655400 0.18842781 0.05419869 0.99411447 0.74680754
82.46863478 22.00870063 11.30321150 0.09473694 0.06040943 1.41713800 1.28044458
35.79104737 4.06880661 2.27649283 0.04008284 0.10921643 0.39477618 0.39477618
63.97837816 23.94942776 10.79770875 0.07274092 0.05549704 1.74670546 1.17230947
21.98446670 0.68619434 0.72325250 0.00591156 0.05744175 0.04961167 0.04961167
83.58706390 16.85762151 11.07501986 0.19085988 0.05603373 1.07856588 0.69250666
102.56577375 13.20604575 12.74607546 0.17404217 0.05386692 0.47257567 0.81231427
20.70750692 0.37333919 0.57959453 0.00275108 0.05265315 0.01768767 0.01768767
91.62468162 17.04320124 10.86128027 0.16035771 0.06044567 1.23796522 0.80922368
62.91991852 26.22925249 11.19128272 0.07443855 0.05242620 1.65901042 1.26513277
24.05843540 1.19431667 0.95657398 0.01104463 0.06521913 0.10146089 0.10146089
107.30506555 15.06833032 12.10532088 0.15700317 0.06212416 0.29590506 0.66724744
82.14090207 24.18347055 11.06683184 0.07028988 0.06378922 1.41729568 1.05409269
104.98547305 11.72189163 12.36501143 0.17290687 0.06067751 0.29107128 0.72834190
83.26714429 22.86628299 11.27728564 0.09343063 0.05656828 1.58857131 1.20358564
85.79576515 16.66249616 10.66526669 0.18653441 0.05216582 1.00888859 0.68158825
101.27864231 15.01047853 12.10221850 0.14997345 0.07338773 0.17564667 0.65397522
30.05365752 2.66314609 1.63103647 0.02588280 0.08770122 0.25134144 0.25134144
75.89634562 22.19736870 11.46544221 0.10009972 0.05091200 1.59575182 1.25092869
85.46833950 18.85856821 9.97187357 0.13835110 0.06096257 1.58693589 1.07347932
85.94756240 16.13846273 10.61697782 0.18508564 0.05391895 1.05639560 0.82940380
83.20926902 18.39783205 9.70481257 0.13021403 0.05367016 1.59288549 1.07569497
38.15851564 4.64883633 2.54283301 0.04594233 0.11809443 0.45396289 0.45396289
86.72470296 16.34373437 10.57239924 0.19344376 0.05215471 1.19204904 0.81066020
84.30242420 18.56548179 9.78433505 0.13680266 0.07436795 1.66619390 0.95679172
106.24158642 11.86218450 11.93570017 0.16659922 0.06105047 0.34048652 0.72218663
56.44665368 9.12943015 4.60024854 0.09120547 0.18667495 0.91116634 0.91116634
87.03179501 21.64111524 11.50904568 0.08765404 0.06014732 1.50692218 1.23767878
86.73528853 19.97279742 10.10388759 0.12806282 0.07063266 1.61751253 1.13322836
123.13943379 15.35773543 10.84867487 0.18855268 0.05295914 0.43399450 0.56120817
44.71339269 6.25478121 3.28025668 0.06216565 0.14267522 0.61783482 0.61783482
90.02574644 18.92414268 9.14554803 0.14887934 0.05733694 1.71954016 0.99212023
100.39695615 15.11404489 11.60688090 0.15638782 0.06549239 0.22682056 0.58766891
89.72586339 19.79748935 9.51587540 0.20114429 0.06460415 1.17486595 0.96443046
46.42137270 6.67323631 3.47240443 0.06639290 0.14908015 0.66053432 0.66053432
99.73629668 14.43434282 11.37586727 0.15083618 0.05312625 0.26204205 0.53119521
38.39062227 4.70570246 2.56894500 0.04651679 0.11896483 0.45976556 0.45976556
84.20983916 17.99051724 10.05485219 0.13099379 0.05722632 1.62200787 1.05633862
69.48985448 25.41661026 10.75729224 0.07605741 0.06000558 1.63165810 1.19809681
105.42538305 14.31340368 10.61448077 0.14567918 0.06387247 0.62230930 0.39523147
50.40585196 7.64943373 3.92065835 0.07625448 0.16402194 0.76014630 0.76014630
122.47069921 14.64520250 10.88311784 0.18743972 0.07119966 0.28605072 0.60813544
22.14423394 0.72533732 0.74122632 0.00630698 0.05804088 0.05360585 0.05360585
36.53687824 4.25153517 2.36039880 0.04192877 0.11201329 0.41342196 0.41342196
103.63964469 15.92028561 10.78272300 0.15865235 0.06328675 0.39002815 0.62383534
79.35081882 23.52373538 11.14499762 0.04900153 0.06086011 1.30330931 0.87876367
38.66507218 4.77294268 2.59982062 0.04719605 0.11999402 0.46662680 0.46662680
88.42875070 18.43686536 9.10643389 0.15269768 0.05628905 1.72823722 0.96021761
36.44751368 4.22964085 2.35034529 0.04170760 0.11167818 0.41118784 0.41118784
104.40298126 14.32922028 10.29568317 0.14816824 0.05526334 0.75042503 0.30383875
113.13260505 12.20105289 10.99372959 0.18400371 0.05416624 0.18672149 0.81098898
77.66716536 23.52499384 11.59520341 0.04202342 0.05237178 1.33115413 0.85892953
24.09069185 1.20221950 0.96020283 0.01112446 0.06534009 0.10226730 0.10226730
74.30931401 22.49708251 10.82611051 0.10542252 0.05198605 1.40111858 1.17289525
21.42926237 0.55016928 0.66079202 0.00453742 0.05535973 0.03573156 0.03573156
104.55491627 14.82140297 10.28759761 0.14785036 0.06506927 0.65393297 0.33068330
99.86604391 15.20034104 11.58171496 0.15515111 0.05082478 0.23853621 0.57776951
41.47545888 5.46148743 2.91598912 0.05415176 0.13053297 0.53688647 0.53688647
108.10225071 14.46222155 11.12661536 0.14656422 0.05581609 0.64429937 0.44948843
55.89088741 8.99326742 4.53772483 0.08982995 0.18459083 0.89727219 0.89727219
104.08796877 14.93315533 11.44969475 0.14768235 0.05035812 0.22663340 0.78609375
102.97538019 14.04089181 11.02293937 0.16484031 0.06143776 0.38015254 0.83058340
106.74647488 14.33808856 10.94791544 0.16555631 0.05177303 0.74575776 0.41113793
86.31953614 16.40011534 10.98402457 0.19621789 0.05513781 1.36452569 0.72016949
38.61098729 4.75969189 2.59373607 0.04706219 0.11979120 0.46527468 0.46527468
103.81076384 15.58313984 12.00265149 0.16015245 0.07240849 0.32542299 0.78351888
95.47601025 15.74997947 10.74855130 0.18581396 0.05462855 1.20030536 0.68645430
58.22125115 9.56420653 4.79989075 0.09559760 0.19332969 0.95553128 0.95553128
41.28296129 5.41432552 2.89433315 0.05367533 0.12981110 0.53207403 0.53207403
