83.83840069 11.54967508 7.06956292 0.12908224 0.06509138 0.98443637 0.76583559
36.77135480 4.30898193 2.38677742 0.04250910 0.11289258 0.41928387 0.41928387
85.03566818 13.56334136 5.66943036 0.14923405 0.05191784 1.29024295 0.66071548
56.34756843 9.10515427 4.58910145 0.09096023 0.18630338 0.90868921 0.90868921
61.86795237 17.04365110 7.77595571 0.05018194 0.05985772 1.31110423 1.03095591
67.41980476 16.75149619 6.57654620 0.06667270 0.06691669 1.37488317 0.99791247
64.30376178 16.57750985 7.57039638 0.05202603 0.05764966 1.31522467 1.00757480
68.22643626 19.70917500 7.36347022 0.03587538 0.05711442 1.43886485 1.17361861
76.01553265 13.66851120 7.39813025 0.11913810 0.06401379 0.94193889 0.71860008
65.23672091 19.18147825 6.90239734 0.03619707 0.05680160 1.49257922 1.00938915
64.08684595 20.16529274 6.81073637 0.03155059 0.06205264 1.62577022 1.02841224
87.78780021 12.37665286 6.95304052 0.13971572 0.05319177 1.05594353 0.72531276
84.02742253 13.32323092 7.17677868 0.10354736 0.06201687 0.47717270 1.24913314
60.75745422 19.58333069 7.40807975 0.04160340 0.05696608 1.43834310 1.33118606
79.00410125 14.52683930 6.86702778 0.13811299 0.06250042 0.92789082 0.75247991
74.13265574 18.84479830 7.87831448 0.04433935 0.06627094 1.54389229 1.12055810
71.45690197 18.16156192 8.47064524 0.01621979 0.05634891 1.27983313 1.20492879
74.74400989 18.65371624 8.14590541 0.04921674 0.06596078 1.57433333 1.12971508
23.53245705 1.06545198 0.89740142 0.00974283 0.06324671 0.08831143 0.08831143
88.05758705 12.61961254 6.98854893 0.13103410 0.06659733 1.06772416 0.84232122
32.75959562 3.32610093 1.93545451 0.03258000 0.09784848 0.31898989 0.31898989
60.96711360 19.43493482 7.73109402 0.03726414 0.05492916 1.38351832 1.30913683
22.05913060 0.70448700 0.73165219 0.00609635 0.05772174 0.05147826 0.05147826
83.88513969 12.74576938 7.51546821 0.12002616 0.05057251 1.01943867 0.75606359
60.10540000 15.86652579 7.31781720 0.04795543 0.05679078 1.49583570 0.92197553
78.47732251 13.07074651 6.39909812 0.15217385 0.06894532 0.94030267 0.73146585
77.00327391 13.98853957 6.06684825 0.14910185 0.05240289 0.92932914 0.81286420
62.89991148 17.42770452 8.86965995 0.02657340 0.05669600 1.35839943 1.34112829
58.63912590 17.03135789 9.37406526 0.02579937 0.06372588 1.61845399 0.97169193
68.63463534 16.52331530 6.70904924 0.04648971 0.06762064 1.31778588 0.92522547
63.99701656 19.09791149 7.05477785 0.03195958 0.05470122 1.34500290 1.24090557
82.53624030 12.00462726 6.77955149 0.13971159 0.06033905 0.96297901 0.72425720
63.84541960 17.50489678 7.13224305 0.04033449 0.05245078 1.22447733 1.35347804
67.63907616 17.71104755 7.26000986 0.04312519 0.05091977 1.34033764 0.87458468
62.10738384 17.45719945 7.14256562 0.06957632 0.05334492 1.17140246 0.97166426
62.35792830 19.48613154 7.61379726 0.04209097 0.06620177 1.47541512 1.33891319
64.87362478 16.41104881 8.49676533 0.03252000 0.06491638 1.70835088 0.95918709
62.07648869 18.86192295 7.89484112 0.02888269 0.06584650 1.42169236 1.23864822
50.31849902 7.62803226 3.91083114 0.07603829 0.16369437 0.75796248 0.75796248
22.71167145 0.86435951 0.80506304 0.00771139 0.06016877 0.06779179 0.06779179
50.27437244 7.61722125 3.90586690 0.07592907 0.16352890 0.75685931 0.75685931
85.69422299 13.24535345 7.09162059 0.11094917 0.06064993 0.47375601 1.21874376
63.92445389 18.47013305 8.06475088 0.05000147 0.05788148 1.44805380 1.18142204
73.55235462 19.21979604 8.60485221 0.03572052 0.06441945 1.47776436 1.03927485
68.63631506 18.78396666 7.47914073 0.03918340 0.05823677 1.21759666 1.19099347
64.84878311 18.36606275 7.94079466 0.03879935 0.05309496 1.19551795 1.23507860
74.20833052 13.81548295 5.75854417 0.14680748 0.06590968 0.89545337 0.66895024
78.59770437 14.67368988 7.40853002 0.12522801 0.05425187 1.01266960 0.72064776
80.55805290 13.21820726 6.10165506 0.13954132 0.06278611 1.01688208 0.71460843
50.71459662 7.72507617 3.95539212 0.07701863 0.16517974 0.76786492 0.76786492
76.89202418 14.00006989 5.85487748 0.15448023 0.08015431 0.97519589 0.80159444
22.94343950 0.92114268 0.83113694 0.00828501 0.06103790 0.07358599 0.07358599
84.72360309 14.51874187 6.39955288 0.14098599 0.05849970 1.17400142 0.85748542
79.49377959 12.83209018 6.99215871 0.10052641 0.06904282 0.50993879 1.25543331
86.43869150 14.12250123 6.05721825 0.14165601 0.05334389 1.24329358 0.79265161
65.44302371 18.44891005 7.99740760 0.04600028 0.06097188 1.39824403 1.04436325
83.45966294 13.39126826 7.49087458 0.11138025 0.06257819 0.44426265 1.23652734
82.87670579 11.91146202 6.93643622 0.13075600 0.06505255 0.90789961 0.69977034
73.41468784 12.05168941 6.70521310 0.14415670 0.05501771 0.86005576 0.93395278
81.46961006 15.36904772 6.96394045 0.12791608 0.05256060 0.90310147 0.68415012
67.21326573 17.43446565 7.65290096 0.05234457 0.05421046 1.46635525 1.16947171
28.16305806 2.19994922 1.41834403 0.02120357 0.08061147 0.20407645 0.20407645
61.79046264 17.99286072 8.04234744 0.04661816 0.05272432 1.46950441 1.19142517
60.39281322 17.42975086 7.46067807 0.04124868 0.05393893 1.22744016 0.73989356
58.73804971 17.98762383 8.11407687 0.04425599 0.05197717 1.50962871 1.03781034
77.33160144 11.64713076 7.17019869 0.13709260 0.07299936 1.01015483 0.69233196
50.28643641 7.62017692 3.90722410 0.07595893 0.16357414 0.75716091 0.75716091
87.24498791 13.52659927 6.15760100 0.13130161 0.06328072 1.23217595 0.76736953
42.74708296 5.77303532 3.05904683 0.05729903 0.13530156 0.56867707 0.56867707
48.12989180 7.09182349 3.66461283 0.07062148 0.15548709 0.70324730 0.70324730
83.19580766 12.03033218 6.37943694 0.14783222 0.06547512 1.01176087 0.72863723
84.81012252 11.05945868 6.99724965 0.13619793 0.06435127 1.08385502 0.76291222
65.64444669 17.43753956 8.32849807 0.05082772 0.05258449 1.42163255 1.28198901
85.90059932 13.93575827 5.91531676 0.13989361 0.05221770 1.23418745 0.75934017
81.01050435 11.25084127 7.21735446 0.13112946 0.05326570 0.96396649 0.67836195
50.63620455 7.70587011 3.94657301 0.07682461 0.16488577 0.76590511 0.76590511
74.36690028 12.32740808 7.27823404 0.11793786 0.05407848 1.04367432 0.67883105
79.49239058 12.66692075 7.03459122 0.12434094 0.06818302 1.22024235 0.73328937
78.89396247 13.57515972 6.61419181 0.12473839 0.07156514 1.20122160 0.68005225
28.80986675 2.35841735 1.49111001 0.02280442 0.08303700 0.22024667 0.22024667
66.01844541 16.66622113 7.19018254 0.04840485 0.05269984 1.35833205 0.90835901
37.35313973 4.45151923 2.45222822 0.04394902 0.11507427 0.43382849 0.43382849
56.95720471 19.46570045 7.96847341 0.05040132 0.07101170 1.48067300 1.40630596
58.66408023 18.82471249 7.54735306 0.05482151 0.05848352 1.41331322 1.17832381
77.51549678 13.85939906 7.12501261 0.12009295 0.07646678 1.30633016 0.76707794
36.30087836 4.19371520 2.33384882 0.04134467 0.11112829 0.40752196 0.40752196
60.23146611 16.05714403 7.66835130 0.04881681 0.05393266 1.48610654 0.83561025
37.87121364 4.57844734 2.51051153 0.04523125 0.11701705 0.44678034 0.44678034
46.70294918 6.74222255 3.50408178 0.06708980 0.15013606 0.66757373 0.66757373
83.38915972 12.63705361 6.95455683 0.14221006 0.05014274 0.88379121 0.75403614
62.50438162 16.04233039 7.12532684 0.04757198 0.05153340 1.36865525 0.88368342
66.54697111 17.16207052 6.69192890 0.04507564 0.05926334 1.30456817 0.86952679
57.94855503 16.09698808 6.74164186 0.05223505 0.06305152 1.32637226 0.95183966
63.18777426 16.69632951 6.69221399 0.04833161 0.06214813 1.31241727 0.90333280
62.89849932 17.72977883 7.29053432 0.04425113 0.05763927 1.24828113 0.76094594
69.31115412 13.39749691 6.12440957 0.09827801 0.06342685 1.07052318 0.70606231
81.79127758 13.84890183 5.58958545 0.12855024 0.06781393 1.28794839 0.88537584
58.48825055 18.78412026 7.95411798 0.03303239 0.05046005 1.49427146 1.16335701
26.96432841 1.90626046 1.28348695 0.01823671 0.07611623 0.17410821 0.17410821
59.68887545 20.08478265 7.30807825 0.04873246 0.05910111 1.48901695 1.29806929
77.74789700 13.95515849 6.61160214 0.14723584 0.05132253 0.98095600 0.71247823
84.24319885 12.74974267 6.74500148 0.13880665 0.06103157 0.97355767 0.81623145
86.34909760 12.82460187 7.02597659 0.14766257 0.06646039 0.92231201 0.81484569
59.31611364 16.37590561 8.12547754 0.06225691 0.05718309 1.52872611 1.09303971
66.74408313 17.32342159 7.04407028 0.05186854 0.05277542 1.34155585 0.91633854
82.89226430 12.34444756 7.05064045 0.12977019 0.05257804 0.91315374 0.71026280
79.36756070 14.82273115 7.26152576 0.13955061 0.06575750 0.94912327 0.72730444
65.92858830 16.64019200 7.40645860 0.04618378 0.05267002 1.23171003 0.71434836
58.75688432 17.92331698 7.66730380 0.04039897 0.06655856 1.55583128 1.17483824
56.79784109 18.19972836 8.61422957 0.01992933 0.05956997 1.37468652 1.36577915
62.07152725 18.84057539 7.76360678 0.03640809 0.05072453 1.45039158 1.03448574
55.72490130 8.95260082 4.51905140 0.08941913 0.18396838 0.89312253 0.89312253
57.10250107 17.63926349 7.39612234 0.06389378 0.05678711 1.46158191 0.95492011
84.58430017 11.27810103 6.44059823 0.14085697 0.07290041 1.08571686 0.80067875
64.84003182 15.92429661 6.49038271 0.07518178 0.06222571 1.29812247 0.98511422
60.91652356 19.08620829 7.52390307 0.04458347 0.06155788 1.45707644 1.13816943
66.12898925 16.72061354 8.30014762 0.02816087 0.06707869 1.55824939 0.85350753
57.28526523 19.11116049 7.45368179 0.05551689 0.05407550 1.44617810 1.25138401
47.79970979 7.01092890 3.62746735 0.06980428 0.15424891 0.69499274 0.69499274
64.73972505 16.23032001 8.47470769 0.02854971 0.05403928 1.63921462 0.95062814
85.42268170 12.43294695 6.53845321 0.13389338 0.05048205 0.89192810 0.65297972
69.12138323 18.34967077 7.65046583 0.01405336 0.07153458 1.33439076 1.22876567
64.91385659 17.82676028 7.89244481 0.03429277 0.07125196 1.44251910 1.04784754
59.94888354 17.45575023 7.39410648 0.04216146 0.05545895 1.44318385 1.17386795
83.91413585 12.57557702 6.87818656 0.10128830 0.07310896 0.43204618 1.24531753
29.18944988 2.45141522 1.53381311 0.02374389 0.08446044 0.22973625 0.22973625
87.02760786 12.03023785 6.62850271 0.13462076 0.06835066 1.05204185 0.68754154
84.24456834 13.48458831 6.22670275 0.13140340 0.05837817 1.28808831 0.76587797
