59.86902729 9.69203197 3.94770762 0.09257610 0.06258146 0.84824224 0.33512142
40.79176709 5.07362651 3.89059000 0.03719938 0.13160594 0.80826872 0.06858067
51.07699899 9.30827075 4.14193086 0.06868956 0.06221608 0.74880638 0.46639202
55.75449531 9.97906507 4.00588820 0.06321190 0.08053700 0.55425705 0.16510071
58.29185855 8.06455305 3.22427412 0.07347708 0.06241369 0.60384279 0.27056358
51.27022863 0.40488878 2.41681846 0.08281222 0.07843153 0.37449547 0.44602141
35.12496002 5.04998871 2.50279478 0.05701125 0.10396722 0.20327511 0.20057098
54.93597187 9.34533855 3.28823091 0.09438684 0.06251837 0.66526635 0.28900041
49.77383308 9.17933493 4.19811834 0.07563299 0.07959546 0.98298127 0.89753144
53.26595531 9.79376433 4.49690030 0.07686723 0.05869561 0.48123328 0.03697040
57.00651211 8.22554228 3.52619340 0.06946812 0.05699647 0.80602058 0.04813179
26.39071854 4.81716611 4.89288505 0.00387638 0.06402369 0.71753496 0.92791369
52.39186941 8.13334791 4.57715439 0.07478621 0.06127863 0.85569639 0.27119637
51.68986820 9.20156460 4.24369486 0.09471156 0.06537156 0.60933886 0.18553366
58.11279635 7.73438039 4.43469080 0.07243413 0.07026018 0.59600453 0.16541990
54.13515856 8.64935542 4.53624349 0.08533882 0.05482550 0.69139057 0.45594645
52.99922921 9.10784574 4.89040495 0.08448178 0.06492715 0.68362958 0.04967780
57.89646478 8.41179471 3.63707059 0.03511417 0.05674762 0.39665804 0.24848821
56.11929887 9.05205005 4.18195857 0.08977650 0.05995009 0.68231808 0.04726191
56.73853534 9.16559674 4.13790451 0.09296781 0.06458443 0.80071216 0.22991641
37.19091041 2.12223677 1.66680049 0.07150797 0.13512355 0.53994226 0.30816904
29.95802843 6.75064703 4.65102835 0.04175085 0.14137737 0.41715794 0.58204288
23.07471960 9.11369555 1.48393769 0.04441170 0.07598381 0.74794516 0.11481268
53.26879088 8.94251824 1.42036360 0.05691004 0.10946553 0.28396569 0.83035443
47.87033105 2.77196886 4.96101300 0.06415432 0.05811041 0.52259849 0.25692301
57.58386577 8.53384727 4.63909717 0.08346161 0.06214815 0.35259581 0.08693949
50.18976751 4.46120807 2.29723631 0.01767830 0.17984965 0.20682949 0.38730755
37.76352584 1.60550750 1.89334912 0.04643137 0.05261136 0.05018338 0.43637762
54.21567259 9.45284989 3.40749190 0.08318715 0.07010930 0.52765558 0.30766356
55.04466093 9.08337898 4.40771476 0.08061438 0.05095722 0.64521574 0.40797189
57.83115903 9.42794295 2.91671291 0.09351864 0.06491228 0.59988280 0.26389030
56.45788124 8.36435107 3.48697237 0.07515322 0.06265686 0.58415477 0.36125418
35.34959281 7.95302716 3.22107814 0.09345928 0.13942965 0.55660876 0.87948358
55.83735533 9.81662393 3.77322222 0.06956028 0.06214649 0.83444766 0.03798869
55.02528290 9.39850596 2.73434318 0.05939682 0.06114949 0.88618673 0.23220592
54.60430384 9.02593143 3.73629056 0.07275295 0.06643200 0.17984915 0.04555086
51.47088359 8.98621481 4.82064868 0.07578191 0.06393700 0.79736721 0.23506249
52.75717059 0.74609943 2.35616127 0.01515577 0.07305936 0.89314956 0.96790878
40.09394928 1.73631057 1.93032754 0.04061272 0.12728083 0.21958624 0.35849121
56.11295743 9.87681784 3.74956732 0.07367613 0.05810037 0.72558713 0.03277442
24.88321841 4.05803344 4.98569873 0.06627454 0.10863537 0.41510957 0.16275751
24.96248145 9.28573417 1.86718393 0.00775538 0.06399728 0.02994627 0.24625753
38.96185251 3.14682687 4.29601121 0.01411303 0.11457329 0.97882711 0.26584816
55.03776991 9.30321866 4.87015015 0.09511327 0.08777853 0.30509467 0.74296085
57.18887168 9.51118855 3.71569859 0.08667687 0.08011031 0.77025840 0.03496492
55.92102204 7.82562263 3.52021182 0.07298054 0.06673705 0.59145560 0.36338986
26.00956569 6.81330933 1.64933896 0.07213572 0.10502829 0.68735695 0.44346844
53.15909862 8.70911071 3.96892692 0.05799212 0.05887764 0.32376133 0.45844271
58.84829406 6.21216912 3.46133770 0.02214539 0.05368990 0.75975021 0.25186899
53.11404733 8.04738786 4.53202486 0.07994458 0.05273147 0.95826863 0.35380546
40.15423889 9.60508540 1.40991074 0.09317266 0.19644958 0.20325441 0.87088058
55.00692864 7.35460750 1.78710508 0.05279366 0.13027211 0.25428207 0.18030240
50.81370719 8.95601034 3.71810645 0.07216396 0.05734970 0.68709032 0.01599767
26.31306586 6.76055206 4.32144376 0.08597019 0.05855717 0.90941597 0.22889769
54.01405280 9.38505127 4.96848698 0.06997663 0.06269334 0.53562416 0.36572964
56.48508952 7.67338833 4.60141532 0.08201229 0.06523326 0.97172533 0.19463989
52.05348962 7.67592677 3.68645860 0.09021387 0.05301551 0.76914146 0.22479102
54.62342793 8.50936166 3.43781512 0.08001311 0.06010795 0.58240984 0.08888436
55.48905813 8.73691230 3.24003637 0.09723008 0.05569103 0.66357743 0.17868579
44.20332946 5.06227911 0.84774241 0.00935978 0.18168497 0.88961829 0.67487734
56.34409033 2.14415619 2.35037560 0.09712999 0.09360132 0.18178396 0.68781620
56.09536486 9.71805570 4.78881057 0.07052229 0.05582455 0.75140213 0.22372234
48.95604971 9.26586020 3.72779506 0.06754406 0.05342015 0.70526222 0.34803718
59.80948041 8.11521741 1.80901751 0.01147268 0.06691553 0.80701080 0.58437338
58.89494722 8.22374409 4.07118914 0.08107702 0.05836659 0.70859250 0.53790801
50.85581208 9.28710204 3.88223917 0.08746169 0.06118737 0.79086752 0.19533478
53.67280576 9.00357480 4.07421294 0.07461640 0.07477827 0.50642748 0.10237966
59.43124378 8.11937208 4.59919447 0.06917705 0.07940722 0.90092572 0.20533141
21.66974180 9.70711486 4.96509629 0.09680858 0.13284920 0.83476723 0.48830970
44.53532176 6.47074540 2.01911222 0.03198127 0.12188547 0.31511969 0.20992269
55.49855243 9.93954666 4.39675529 0.04534578 0.06794095 0.61835534 0.33566376
50.26190114 8.71804204 4.55267331 0.06981486 0.06753183 0.74062781 0.08290952
36.90959160 9.44042464 3.37537575 0.09374938 0.12064837 0.11621783 0.60450975
56.18219770 9.44503765 3.91257219 0.08747643 0.05929128 0.81771402 0.20014796
58.85731192 8.93063749 3.75561402 0.09685264 0.05899659 0.73118312 0.08365149
41.01246039 8.88020245 1.96288473 0.08143533 0.13760993 0.54007713 0.99262667
25.56338715 0.86290182 1.08665834 0.08593142 0.16269287 0.30340464 0.12767594
44.76589596 5.28691384 2.29330544 0.09128876 0.11363295 0.80475902 0.36205271
26.23674361 8.31685773 2.03783583 0.02104128 0.19312265 0.78201241 0.35702026
57.86767623 9.75134480 4.66111112 0.07717940 0.05846249 0.89292763 0.12846913
52.08109638 8.53112023 4.62818234 0.05963077 0.06033515 0.47187435 0.40931304
43.64824161 5.09939891 2.50519133 0.05941664 0.11137427 0.27329181 0.15178068
27.23040885 4.99946034 3.02344550 0.04603933 0.06671407 0.27388923 0.52384555
53.98303584 8.73454259 4.56281352 0.07886145 0.05396844 0.61838256 0.38954245
59.21109410 9.76126968 3.07406585 0.09156190 0.06422471 0.61168543 0.17498824
48.99315139 9.73505778 4.31566339 0.09058173 0.05615518 0.79843686 0.33903108
59.69302299 8.20575766 3.83276113 0.08437686 0.06055999 0.70741110 0.59622781
23.09386312 9.60628460 3.10515071 0.05490031 0.18923322 0.79804971 0.43845210
57.77108516 7.87544080 3.76747750 0.07528492 0.05382404 0.58699466 0.35919277
56.61361270 8.85948939 4.16525515 0.08549516 0.07313975 0.47129453 0.10329267
21.65457916 3.81318892 2.88946939 0.06656717 0.12466252 0.94849596 0.62601017
56.79041149 9.91062269 4.44124174 0.09208646 0.05237464 0.88761515 0.26544512
40.25042107 5.14322078 0.77747528 0.01911054 0.10789641 0.66267755 0.19023378
42.92143953 5.97160489 1.60897885 0.07588410 0.14442933 0.07709341 0.14375219
29.42669204 9.17233426 4.65600480 0.00684572 0.12727361 0.27628679 0.69736942
51.97022721 9.58066569 4.66694788 0.00182053 0.10340083 0.73205053 0.16305121
48.80895825 8.73161713 4.63683125 0.08495702 0.06268394 0.95456512 0.81042123
58.10354220 8.45726591 4.23106804 0.06464028 0.06023965 0.53850871 0.09896856
53.96756584 8.05513104 4.60334567 0.04610075 0.05385945 0.26551870 0.30475019
36.08614344 6.24980087 3.66080365 0.02483120 0.07523265 0.64114071 0.74918340
30.33542514 3.71596095 2.55137873 0.02711404 0.15160249 0.47716057 0.52134864
55.66891763 7.81703891 4.09985469 0.06173707 0.06563723 0.66017629 0.06251536
56.28686146 9.21190908 4.16314346 0.09257551 0.07318785 0.61149970 0.21441995
32.35850845 4.67784995 1.92225453 0.05980401 0.19097344 0.46681662 0.34815669
58.74562970 8.99969159 4.80563980 0.09258385 0.05122869 0.68847595 0.34274410
55.92396977 7.53240681 3.57966658 0.07466559 0.06724832 0.63521141 0.32127766
50.71554232 4.04205270 2.88085341 0.09428921 0.13364591 0.53981939 0.82151720
30.87327657 4.31002576 0.84768492 0.01377490 0.07047515 0.40892794 0.42059337
50.06205592 8.02876822 1.82776628 0.03530760 0.07410336 0.25226524 0.07044118
48.72344395 4.27027667 1.20630825 0.02739802 0.08257242 0.76181086 0.98741361
55.60432600 1.08142495 0.59871001 0.08020173 0.13710098 0.16953110 0.88942978
44.90173831 6.89435838 1.41137957 0.05788732 0.10759065 0.09745431 0.24996108
56.87874178 7.93753548 3.86978617 0.07990873 0.07105205 0.69697966 0.24684188
57.79203948 9.02955069 3.28213233 0.07641018 0.05570215 0.59459662 0.25319647
47.44344606 9.48261091 4.59830170 0.08128582 0.05458707 0.68771227 0.30938449
59.48780625 9.87843896 3.99746783 0.06797092 0.05925944 0.45797345 0.06710992
46.77985437 9.92554790 4.27484013 0.08400247 0.07748941 0.97570316 0.88531128
55.30976146 9.06889131 4.56811081 0.06840453 0.05516864 0.57601783 0.08552282
44.07194603 9.65969916 4.42696150 0.08585989 0.06118252 0.64232312 0.27400758
37.37768038 1.90097578 3.04339863 0.06573096 0.19448010 0.25720986 0.82323088
43.54365878 7.01448900 4.88039884 0.01613140 0.19305706 0.47306193 0.92539959
39.51772865 3.34748883 1.45379534 0.07020022 0.14785086 0.86517708 0.88932564
53.77443129 8.26263142 4.83224874 0.07221251 0.06206182 0.46083699 0.32102830
43.55046890 4.31886965 0.95809266 0.00783561 0.08771280 0.60923805 0.08737968
57.41876769 9.49745065 3.67505117 0.08398329 0.06573875 0.60316860 0.21156457
56.26022335 5.08362753 3.22718380 0.03205142 0.15691879 0.12194639 0.36597376
57.92588492 9.33711224 4.29059017 0.07484183 0.05620764 0.36224518 0.02147698
58.05523438 9.13607317 4.35960704 0.08438964 0.06446423 0.54027145 0.33822385
