39.43974079 4.96273649 2.68697084 0.04911336 0.12289903 0.48599352 0.48599352
22.98650811 0.93169449 0.83598216 0.00839161 0.06119941 0.07466270 0.07466270
68.35433185 25.56711500 11.93820707 0.09380930 0.05525005 1.60692896 1.19742445
113.96497290 14.33011374 13.68271874 0.18499885 0.05654941 0.25542929 0.46782126
90.44712267 20.71966816 11.00950145 0.12788068 0.05349171 1.68000591 1.07085050
101.86490006 17.70781708 11.10984461 0.21107757 0.05547590 0.83067797 0.53390579
20.61462160 0.35058229 0.56914493 0.00252119 0.05230483 0.01536554 0.01536554
104.78179346 15.48543904 13.18479745 0.17323940 0.05262843 0.37537669 0.53492642
51.49649066 7.91664021 4.04335520 0.07895381 0.16811184 0.78741227 0.78741227
63.00176828 24.31305782 11.83051178 0.10031693 0.07615989 1.71548877 1.22355437
59.77494367 9.94486120 4.97468116 0.09944299 0.19915604 0.99437359 0.99437359
114.82023280 13.46036824 13.60396034 0.16766328 0.05425077 0.65296890 0.44395636
90.46705223 20.80330010 11.09907161 0.12902895 0.07046668 1.75746757 1.20660952
29.38074868 2.49828343 1.55533423 0.02421735 0.08517781 0.23451872 0.23451872
66.19734711 25.21074574 11.65208581 0.08997643 0.06065831 1.64937248 1.15859514
110.90765315 12.92377390 13.64083815 0.18284757 0.05960002 0.20052190 0.34079228
83.79570597 18.99434025 11.34278276 0.13213380 0.06920045 1.82659753 1.02315577
93.74952778 18.02647791 11.52069278 0.18982911 0.06570523 0.97100774 0.51400613
114.47837566 12.76746822 13.68858207 0.16500378 0.05118374 0.62824425 0.34658070
90.96134430 19.64514512 12.26480024 0.18728423 0.05831802 0.89881156 0.58238568
23.28078278 1.00379178 0.86908806 0.00911994 0.06230294 0.08201957 0.08201957
83.38582169 19.80293883 10.96461079 0.16518740 0.05050830 1.21194622 0.64467929
54.98076845 8.77028827 4.43533645 0.08757740 0.18117788 0.87451921 0.87451921
20.20305789 0.24974918 0.52284401 0.00150257 0.05076147 0.00507645 0.00507645
106.66693122 15.75225732 14.20498861 0.18387007 0.05236580 0.51732096 0.55310942
52.98953385 8.28243579 4.21132256 0.08264910 0.17371075 0.82473835 0.82473835
90.62462728 20.30946735 10.68009564 0.12677421 0.05500432 1.78606961 1.09945580
84.84974942 20.29350541 11.15575069 0.16742678 0.07858087 1.29734551 0.55709132
67.61607899 25.30268828 12.04705835 0.10081848 0.05474025 1.40466831 1.25119963
95.05402838 18.49248566 12.04170928 0.18514890 0.06584637 0.86167388 0.69798057
32.07524038 3.15843389 1.85846454 0.03088622 0.09528215 0.30188101 0.30188101
81.34596707 19.58794993 10.41132164 0.17566569 0.05119483 1.32659524 0.65409770
57.82663934 9.46752664 4.75549693 0.09462093 0.19184990 0.94566598 0.94566598
105.93701786 13.53108794 13.52104028 0.17231967 0.05001916 0.17611319 0.40121808
83.26369961 26.08498651 11.02400557 0.10485054 0.06068633 1.38928717 1.32754060
66.53639039 25.89668254 12.31245351 0.09174457 0.06352356 1.44684640 1.21566110
115.53674745 15.10220362 14.49174180 0.16146588 0.05327749 0.65888787 0.58320004
99.02425560 17.13068993 11.27899947 0.20485737 0.05960701 0.84694355 0.53387387
85.88981669 16.72176685 12.06560399 0.18469618 0.06397655 0.95757304 0.26227843
79.04745787 18.78226975 11.76670223 0.11634276 0.06470936 1.76851128 0.93173573
93.16292284 16.96973498 11.53024593 0.19329230 0.05749921 1.09435062 0.34701608
82.56994881 20.67896772 10.63524313 0.14894903 0.05723798 1.54189616 1.10876110
83.34956996 21.06829592 10.96403464 0.11866095 0.05837650 1.81864054 1.17344043
66.09432658 26.38072216 11.57548535 0.08934669 0.07356114 1.56175584 1.23889745
47.50595933 6.93896004 3.59442042 0.06907725 0.15314735 0.68764898 0.68764898
107.18992072 13.70763817 13.11182481 0.18276479 0.06107455 0.20064496 0.49911926
89.46870268 19.32862658 11.87887600 0.18638796 0.05316315 0.85808109 0.55803885
82.79556447 26.48695647 10.12829227 0.10716598 0.06140753 1.26482771 1.34792777
39.26984819 4.92111281 2.66785792 0.04869287 0.12226193 0.48174620 0.48174620
85.01194086 20.25282174 10.72770590 0.18021762 0.05642492 1.25789365 0.64494693
109.57847986 15.56629190 13.45567651 0.17930250 0.05448508 0.41380014 0.58257739
82.92748261 21.56239011 11.03680523 0.13000732 0.06719325 1.71816153 0.99973816
90.82613069 17.11400208 11.90558406 0.19412635 0.06629944 0.96834366 0.21456289
90.23982324 18.32591012 12.08341155 0.18150342 0.06555477 0.83161771 0.69132322
55.02934001 8.78218830 4.44080075 0.08769762 0.18136003 0.87573350 0.87573350
89.79839140 20.53564642 10.91784806 0.13099207 0.05806563 1.72830978 1.10654808
87.24233353 21.70972414 10.65600578 0.12628509 0.06072013 1.83851531 1.20081613
70.23190834 26.40522792 13.15540950 0.07698365 0.06890965 1.42102745 1.34247823
43.99583238 6.07897893 3.19953114 0.06038969 0.13998437 0.59989581 0.59989581
56.71947378 9.19627108 4.63094080 0.09188070 0.18769803 0.91798684 0.91798684
103.35508532 17.04142029 10.94715634 0.20820672 0.06254104 0.80438846 0.52717467
39.63310951 5.01011183 2.70872482 0.04959195 0.12362416 0.49082774 0.49082774
119.72861146 13.19718467 13.26088918 0.17283118 0.05870002 0.67218828 0.36695419
103.59637556 17.87652772 11.47045522 0.19429627 0.05484095 0.87752657 0.43695457
81.62984580 26.69097255 10.94820738 0.10863426 0.05302816 1.46378977 1.24688670
97.95962809 17.17815106 11.62220781 0.18514712 0.06375697 1.00162788 0.50195305
31.29778561 2.96795747 1.77100088 0.02896202 0.09236670 0.28244464 0.28244464
69.95220653 26.16271086 13.03028047 0.08122582 0.05380671 1.40647185 1.21436118
67.65379985 26.83004279 13.12100887 0.07743534 0.05921917 1.48085383 1.23098183
68.84919608 29.34361572 11.21908432 0.09930260 0.06326708 1.57169301 1.22328198
72.49871551 24.44904774 12.67436386 0.10813961 0.06181921 1.64992643 1.23465970
50.22722181 7.60566934 3.90056245 0.07581237 0.16335208 0.75568055 0.75568055
78.88346454 19.92180330 10.84019018 0.13753701 0.06646951 1.59740605 1.13845764
112.81655082 13.33083312 13.51870784 0.19399961 0.06092659 0.09773708 0.34110513
90.66767610 19.01287977 11.56577418 0.18943036 0.06082034 0.99765796 0.53987009
34.72839050 3.80845567 2.15694393 0.03745277 0.10523146 0.36820976 0.36820976
65.06653103 24.53437446 11.50221914 0.11323857 0.06201039 1.39168758 1.21324824
41.53914519 5.47709057 2.92315383 0.05430938 0.13077179 0.53847863 0.53847863
90.80789222 19.94730854 11.89881180 0.17929092 0.05370843 0.90967160 0.54384880
25.96743225 1.66202090 1.17133613 0.01576939 0.07237787 0.14918581 0.14918581
107.96249781 13.04572447 13.78898377 0.19291236 0.05419666 0.10609147 0.45381403
112.65892532 16.44735396 13.03750786 0.17459563 0.05183915 0.56526643 0.36699361
47.53620849 6.94637108 3.59782346 0.06915212 0.15326078 0.68840521 0.68840521
55.17286911 8.81735293 4.45694778 0.08805285 0.18189826 0.87932173 0.87932173
114.18949291 12.37011658 13.81352072 0.16470716 0.05771392 0.88421790 0.45811574
86.36083348 21.36481641 9.96168325 0.14959209 0.06290094 1.76763557 1.33882780
68.62641548 27.10557668 12.36310901 0.09173261 0.06122152 1.56418577 1.10778861
68.57176614 29.03518155 11.13966913 0.08589668 0.05555256 1.42669009 1.11213603
101.25766321 18.02234948 11.38001205 0.19395230 0.06048735 0.83727713 0.47336446
90.96886937 16.00069117 12.05222924 0.19386151 0.05578574 0.87364826 0.32616700
102.20615271 16.09942513 11.61024041 0.20102158 0.05295884 0.74627000 0.57870831
115.15027924 13.75189977 13.80104537 0.17759836 0.06852455 0.23287721 0.52492404
59.70798706 9.92845683 4.96714854 0.09927727 0.19890495 0.99269968 0.99269968
21.00045432 0.44511131 0.61255111 0.00347612 0.05375170 0.02501136 0.02501136
21.47366624 0.56104823 0.66578745 0.00464732 0.05552625 0.03684166 0.03684166
79.74033315 20.16996267 10.23892923 0.18234845 0.05452824 1.30788718 0.61530126
80.67353835 20.03282596 10.93936303 0.13654675 0.05374495 1.86422465 1.17655498
77.65820526 21.39365990 10.91820327 0.12443735 0.07137129 1.99909377 1.19529978
109.26275731 14.30039430 14.53390437 0.16109271 0.05604350 0.49980448 0.70895883
99.89088615 18.08409759 11.57835137 0.16993713 0.05163861 0.88765271 0.58387592
107.89692560 15.86053463 13.77023465 0.18548707 0.06170576 0.40788720 0.55597306
80.78332637 20.59104544 11.22848053 0.13840823 0.05107290 1.75180229 0.99535255
106.10212269 13.99628277 13.35871999 0.18939819 0.06333049 0.14289250 0.41371358
45.95338282 6.55857879 3.41975557 0.06523462 0.14732519 0.64883457 0.64883457
35.12027518 3.90446742 2.20103096 0.03842268 0.10670103 0.37800688 0.37800688
85.31611245 25.88157091 10.74617435 0.11579066 0.06261638 1.32074919 1.37600665
92.99402356 19.62972238 11.78314583 0.18895841 0.05871635 0.88801737 0.58514093
93.66008417 19.16222316 12.39665147 0.19482482 0.06191694 0.84303700 0.60270862
59.89755053 9.97489988 4.98847443 0.09974644 0.19961581 0.99743876 0.99743876
22.29759655 0.76291116 0.75847961 0.00668655 0.05861599 0.05743991 0.05743991
96.94794804 19.57367249 12.03188128 0.18835781 0.06037784 0.92795033 0.69259228
114.35707173 13.90132918 13.17996236 0.16423036 0.05237144 0.68756356 0.47358116
86.43772637 21.29730029 10.01908328 0.13727436 0.05536505 1.74790994 1.36347343
26.27703249 1.73787296 1.20616616 0.01653566 0.07353887 0.15692581 0.15692581
37.15896782 4.40394712 2.43038388 0.04346845 0.11434613 0.42897420 0.42897420
67.80703348 27.64524526 12.26083166 0.08307467 0.06884591 1.31323917 1.11473040
58.11168604 9.53736308 4.78756468 0.09532642 0.19291882 0.95279215 0.95279215
92.61222203 18.50731355 11.52908641 0.18085169 0.06060626 0.91766423 0.57634699
28.67434538 2.32521462 1.47586386 0.02246900 0.08252880 0.21685863 0.21685863
93.17276994 16.76512131 12.13307715 0.19193247 0.06549729 1.20440077 0.28573697
70.53258433 26.39390390 12.33529393 0.09694677 0.05634621 1.53741493 1.25853126
114.51716027 16.10759634 13.43841371 0.18296363 0.06107769 0.56273407 0.38392429
105.06915996 14.08359381 13.51998834 0.17286231 0.05542825 0.15012278 0.40729503
64.94982844 25.57325119 12.65702023 0.10490980 0.05930034 1.46649925 1.17614225
83.46288359 26.25319336 10.53785993 0.10976885 0.05246553 1.34741044 1.34698999
44.04534232 6.09110887 3.20510101 0.06051222 0.14017003 0.60113356 0.60113356
47.63286873 6.97005284 3.60869773 0.06939135 0.15362326 0.69082172 0.69082172
112.28714541 12.81232800 14.00017382 0.19666626 0.05164690 0.03612585 0.47648900
