84.73779126 13.98893373 7.30839428 0.12807460 0.06099101 0.93303939 0.70938361
79.70711112 14.08094040 7.63523458 0.15462704 0.05474432 0.82497661 0.77281214
65.81836747 17.19591401 7.98828990 0.04580332 0.06125803 1.46419882 0.78850104
60.95565845 18.67457435 6.98203853 0.06951288 0.06856852 1.57189477 1.15826449
81.98393692 14.51940761 6.72060908 0.13610155 0.05202515 1.12959871 0.88677329
33.70359987 3.55738197 2.04165499 0.03491641 0.10138850 0.34259000 0.34259000
86.17347325 15.73261496 6.60396387 0.13124117 0.06822214 0.73245357 0.59790235
37.93176376 4.59328212 2.51732342 0.04538112 0.11724411 0.44829409 0.44829409
60.39828289 17.78735881 7.91866192 0.07426622 0.05077872 1.67019740 0.73349546
50.87657397 7.76476062 3.97361457 0.07741952 0.16578715 0.77191435 0.77191435
70.32595181 14.11531524 8.02086047 0.11628958 0.06611137 1.16649281 0.67220612
77.09183948 13.66100033 7.80552984 0.10608564 0.05996501 0.79679251 0.78515903
90.19327378 11.93799144 7.73523084 0.10263983 0.05530943 1.12864842 0.83755449
87.74738232 12.76875697 7.44389675 0.14019892 0.06333695 1.04587843 0.67865709
59.15178322 21.54381540 8.30642774 0.03260515 0.05470506 1.29125634 1.43213001
60.21840172 17.81582824 7.55318358 0.06881304 0.06460386 1.71643911 0.80728474
55.08710405 8.79634049 4.44729921 0.08784058 0.18157664 0.87717760 0.87717760
57.31179821 17.59618931 7.09469172 0.06732779 0.05902323 1.61015316 0.84231009
83.84140959 13.24708212 6.99555525 0.13055063 0.06297655 1.03822804 0.79313513
75.51847418 13.66344211 7.59086318 0.10213891 0.05855862 0.82413470 0.84944405
37.36307904 4.45395436 2.45334639 0.04397362 0.11511155 0.43407698 0.43407698
86.92100084 11.92737582 7.67227321 0.11957069 0.06210311 1.08571820 0.88144176
49.70493324 7.47770864 3.84180499 0.07451971 0.16139350 0.74262333 0.74262333
70.33205977 20.83421348 8.01450078 0.04719783 0.06071632 1.53661566 0.97766667
41.44724983 5.45457621 2.91281561 0.05408194 0.13042719 0.53618125 0.53618125
54.75243499 17.20992365 7.21561847 0.07606363 0.05588193 1.63938441 0.84221557
73.88891854 17.66086386 7.57437373 0.05259401 0.05310627 1.56406864 1.10129605
59.76729720 18.07921995 7.61763441 0.06177420 0.05221273 1.64959746 0.77062641
35.99686022 4.11923075 2.29964677 0.04059223 0.10998823 0.39992151 0.39992151
60.12758583 17.68713421 7.20463454 0.07674010 0.05480926 1.61632805 1.07494131
69.48736024 18.60676978 7.87032260 0.04071583 0.06025424 1.56547126 1.05080067
55.95056712 18.87949384 7.27960061 0.05421417 0.05477367 1.35461503 0.86832859
63.31890348 19.96715739 7.59655993 0.02518029 0.05563984 1.62528670 1.09757367
54.79894428 17.51885323 7.03505303 0.06795190 0.05139293 1.58658850 0.79683650
40.59742332 5.24636871 2.81721012 0.05197862 0.12724034 0.51493558 0.51493558
23.65907136 1.09647248 0.91164553 0.01005620 0.06372152 0.09147678 0.09147678
85.61584512 15.81772955 6.61204156 0.14846026 0.05267143 1.26292098 0.92226149
55.36252098 16.96333505 7.31122261 0.07143717 0.05921532 1.69816186 0.83028912
56.75199749 20.03634398 7.52399562 0.06441920 0.06617966 1.26494171 1.14964721
77.75055620 14.48606837 7.44904404 0.15161908 0.06654713 0.84251673 0.84255365
59.01062892 17.08881949 7.33359257 0.06560855 0.05614611 1.69781942 0.79575763
55.03846782 18.49594005 7.90721028 0.05257302 0.05091682 1.39235078 0.90750268
94.36585709 12.31207087 6.89544245 0.13712021 0.06506922 0.97206241 0.82043858
87.28986663 12.00178769 7.00045345 0.13036847 0.05432637 0.92122770 0.50485055
57.80490154 9.46220088 4.75305142 0.09456713 0.19176838 0.94512254 0.94512254
72.66812307 18.23107070 7.75625699 0.04489786 0.05709913 1.62180345 1.16063500
73.57859420 18.27174530 7.67955016 0.05256780 0.06576822 1.54130489 1.23791672
30.39031255 2.74562657 1.66891016 0.02671602 0.08896367 0.25975781 0.25975781
58.55005705 9.64476398 4.83688142 0.09641139 0.19456271 0.96375143 0.96375143
84.93425756 15.98599627 6.71511482 0.11671696 0.05585841 0.71682023 0.56634863
36.32896469 4.20059635 2.33700853 0.04141419 0.11123362 0.40822412 0.40822412
66.00076231 19.58427626 8.02901612 0.04309493 0.05077764 1.57923555 1.04340084
90.47652553 12.34127677 7.41735306 0.13649314 0.06401679 1.13743443 0.61022891
55.74097448 17.52278163 7.39353055 0.07526750 0.05735838 1.66674082 0.72378422
62.68482316 17.71778369 7.48103637 0.04500685 0.05984015 1.49894814 0.94923948
83.24420708 15.34849982 6.84653162 0.14730264 0.06382170 1.26641868 0.83531318
66.28319081 19.14395331 8.43764379 0.04764958 0.05750233 1.50073603 1.05118922
66.46176142 18.13466677 7.64886215 0.05700959 0.05279498 1.06682755 0.90173131
63.78251668 19.07891175 8.48195103 0.03587237 0.06141702 1.30102617 1.23121260
73.87486066 17.49540826 7.13191115 0.05269237 0.06204673 1.47639874 1.11245129
86.02670731 15.06772643 7.17975961 0.14567068 0.06028694 1.08506168 0.88567111
78.22577898 17.73979190 7.95624998 0.03860138 0.06383738 1.48351510 1.11009035
89.40648724 12.07458524 7.40538785 0.10583510 0.06142267 1.11858931 0.83439884
72.73159618 20.46990701 8.07240998 0.04176629 0.05120949 1.51369504 0.92673504
67.99882841 19.33848673 8.11748441 0.04951745 0.05432937 1.54045102 1.03144866
86.58584577 12.24080957 7.38857257 0.12257347 0.05961282 0.99131467 0.78183351
30.91974022 2.87533635 1.72847078 0.02802636 0.09094903 0.27299351 0.27299351
91.93386735 12.76427665 7.34092034 0.14773709 0.07092340 0.91589134 0.74082245
89.75073517 16.29123512 7.83851096 0.13852007 0.05678256 0.73179934 0.65309644
71.51937748 20.29686367 7.65452051 0.04817134 0.06692395 1.51306177 0.98498494
32.18979067 3.18649871 1.87135145 0.03116973 0.09571172 0.30474477 0.30474477
88.60788651 15.39968976 6.57872665 0.13942322 0.05225152 1.25282091 0.90334393
23.45923505 1.04751259 0.88916394 0.00956161 0.06297213 0.08648088 0.08648088
68.13119925 20.41568229 7.75442419 0.04609051 0.05491289 1.53665876 0.93952232
73.35063275 14.43916169 8.13322602 0.10706273 0.06584582 1.12857099 0.68474955
74.34069599 17.60023546 8.12322031 0.04714005 0.05504497 1.58534531 1.15261763
84.72699813 15.71065041 6.90090166 0.13217932 0.06955238 0.79339359 0.61086500
96.67143813 12.61916229 7.31288291 0.13849995 0.06063245 0.91511950 0.68305947
69.99096312 19.33639105 8.05588635 0.04761402 0.05129178 1.54618098 1.10579835
85.39612651 13.04717084 8.16099783 0.09672500 0.06016502 1.01262450 0.73518475
27.36163367 2.00360025 1.32818379 0.01922004 0.07760613 0.18404084 0.18404084
65.28074696 17.73036227 7.67746071 0.05708681 0.05460942 1.15019625 1.03001072
74.04002303 18.84526552 8.30888859 0.04916125 0.06148830 1.43111056 1.15821678
61.60226429 16.68995826 7.38935538 0.06893555 0.05147478 1.69301481 0.72949364
71.18186804 20.41698563 7.39506931 0.06667313 0.05500653 1.50048676 1.03913621
81.25965023 15.74013880 7.58035698 0.13343371 0.05874374 0.87997148 0.75026669
58.75071057 9.69392409 4.85945494 0.09690801 0.19531516 0.96876776 0.96876776
64.79027333 19.93206573 8.90926259 0.04563014 0.06624777 1.55135256 1.04383885
78.73123114 15.97478188 6.35850573 0.12974007 0.06483529 0.72572648 0.56369727
67.74737112 19.29117525 7.50656434 0.04657086 0.05349931 1.56119341 0.99221053
53.58182665 18.01234118 7.32385674 0.05817586 0.06137441 1.38656609 0.96703245
59.33336518 22.05682902 7.88642683 0.06159087 0.05117482 1.40172329 1.16861795
78.11326281 15.30249534 7.40238952 0.14068253 0.05147518 0.90078026 0.81693074
69.40992486 18.19090603 7.76217979 0.04469121 0.05158572 1.47911290 1.11694597
67.23639014 17.62597137 7.34386056 0.05408153 0.05069604 1.55230515 1.13760179
69.63247500 17.53734066 7.69241348 0.06496951 0.05923832 0.97684132 0.89007754
55.04594468 8.78625645 4.44266878 0.08773871 0.18142229 0.87614862 0.87614862
30.02514898 2.65616150 1.62782926 0.02581224 0.08759431 0.25062872 0.25062872
81.68705699 13.16048457 7.59364941 0.12234594 0.07251615 1.02813177 0.83306030
71.21621479 18.05043716 7.90015693 0.04611890 0.07570718 1.45704444 1.07844428
79.32140848 14.03538200 7.35662731 0.10193642 0.06697458 0.95158811 0.83808549
73.07192386 20.16933923 7.29715180 0.05965430 0.05557766 1.40673272 0.95733950
66.02619239 19.83047240 8.27467878 0.04401972 0.05927771 1.43910781 1.14144449
56.74898158 20.13814037 8.20018345 0.06920942 0.06629584 1.28132755 1.25294181
79.66383305 13.29469427 7.25997952 0.13669926 0.05403053 1.00716683 0.73037741
82.88219547 14.08454108 6.82941736 0.13340307 0.05060806 1.17529349 0.82949079
59.76347991 9.94205258 4.97339149 0.09941461 0.19911305 0.99408700 0.99408700
77.26534020 14.89997499 7.50701502 0.10909454 0.05271771 0.84335758 0.81011262
59.73481497 18.38601161 7.42115135 0.07058346 0.06106252 1.57432088 1.09810984
86.55376606 11.02475597 6.89458712 0.13441911 0.06437874 0.90243538 0.60481233
59.36902930 17.35492959 7.75490538 0.06846320 0.06108638 1.69945102 0.81562787
85.14136768 12.67110181 7.39413983 0.13401087 0.05734783 0.93518780 0.76896386
97.03594994 12.51168824 7.22385513 0.13990445 0.05596864 0.93054009 0.68286532
71.64965531 19.29044038 7.39007527 0.03805930 0.06279616 1.55802294 1.13088227
95.65176782 12.82497146 6.64072680 0.13624414 0.05134521 0.90681221 0.67983304
75.77375921 14.61981612 7.71284702 0.10686345 0.06251480 0.82511808 0.82900750
71.22669852 18.41862543 7.80277664 0.04801707 0.05069064 1.52928806 1.10848963
33.58819986 3.52910896 2.02867248 0.03463079 0.10095575 0.33970500 0.33970500
89.79874301 12.25888246 7.91868229 0.12216049 0.06506128 0.86772557 0.83504541
48.81654521 7.26005358 3.74186134 0.07232095 0.15806204 0.72041363 0.72041363
91.74550018 13.19093130 7.90094071 0.10732255 0.05520134 1.04922287 0.84545443
73.09892782 20.02272465 8.15558547 0.05513635 0.06200280 1.57403917 0.99673154
87.50786457 11.23685377 7.40059821 0.15138764 0.06343553 1.09827265 0.67107832
74.47607783 13.57476653 7.26363709 0.16163896 0.07277086 0.82746841 0.79383987
87.49554560 12.24572542 8.19313195 0.12263141 0.05862232 0.98709787 0.78953486
72.34408144 19.95201678 7.24861569 0.06504144 0.05554579 1.51903002 1.10336092
21.50925960 0.56976860 0.66979170 0.00473542 0.05565972 0.03773149 0.03773149
85.68454965 13.13993622 7.91064603 0.12343263 0.06054407 0.92281032 0.89162982
