97.18995385 23.64579113 19.17065777 0.32801374 0.06880827 0.95521778 0.22539321
57.57122474 9.40495006 4.72676278 0.09398878 0.19089209 0.93928062 0.93928062
88.16106147 23.90564276 17.47599182 0.30574200 0.06204423 1.02274880 0.11718009
22.07854106 0.70924256 0.73383587 0.00614439 0.05779453 0.05196353 0.05196353
70.22434494 29.58407464 14.27408089 0.24576571 0.06901715 1.50481088 0.48085235
73.78986558 28.64171716 14.84814858 0.22750670 0.05503097 1.51288006 0.47735356
56.22183373 9.07434926 4.57495629 0.09064904 0.18583188 0.90554584 0.90554584
103.25403896 21.62750958 19.22461983 0.28739365 0.05970963 0.60467084 0.31814237
82.89206327 24.24603339 17.29172460 0.31150487 0.06844341 1.04134816 0.32656934
67.10795656 31.21089661 14.54112065 0.23904910 0.06133853 1.56116353 0.32533311
85.41681238 22.20784244 16.64997177 0.29168849 0.06495483 1.12043965 0.37374999
48.29529628 7.13234759 3.68322083 0.07103086 0.15610736 0.70738241 0.70738241
83.57118975 24.67774034 17.22582628 0.29775479 0.06523390 0.94115599 0.39761130
77.82536496 24.48412050 17.19800514 0.31371752 0.05669084 1.02635370 0.18313968
90.12040578 23.35144812 16.79423836 0.30991708 0.06223852 1.02735674 0.29781222
97.86271858 22.12334709 19.32323672 0.32014679 0.05747576 0.87469507 0.33231014
76.20645579 30.01974069 14.96554358 0.23414070 0.05042580 1.50612077 0.56975022
57.18882177 9.31126133 4.68374245 0.09304233 0.18945808 0.92972054 0.92972054
86.76807508 25.52144986 17.84668830 0.29798223 0.06979796 0.98237741 0.31146053
56.37205614 9.11115375 4.59185632 0.09102084 0.18639521 0.90930140 0.90930140
88.93171540 23.61776431 19.76047990 0.29496301 0.05397920 0.62881555 0.43971759
73.02947104 27.50226184 18.39610063 0.28186572 0.06022308 0.80551541 0.58890500
76.80875302 24.28482862 17.55884482 0.29282657 0.05158569 1.21862927 0.32351714
92.37289038 22.80259969 17.87098595 0.30403192 0.05060995 1.14042538 0.11540446
67.81531673 29.55683943 14.68019263 0.24593034 0.05604282 1.53344487 0.35289598
75.14309207 28.44757732 14.91025286 0.23774585 0.05723414 1.50639909 0.53104773
100.91706993 22.84639738 17.61125899 0.30725326 0.05682936 1.15842922 0.28451089
100.39448315 22.48151901 19.83396809 0.30848850 0.05083544 0.88654241 0.18940881
27.71169631 2.08936560 1.36756583 0.02008645 0.07891886 0.19279241 0.19279241
31.34124983 2.97860621 1.77589061 0.02906959 0.09252969 0.28353125 0.28353125
30.47583924 2.76658061 1.67853191 0.02692770 0.08928440 0.26189598 0.26189598
102.10338958 22.72890734 19.88051248 0.29729753 0.05420519 1.02947392 0.19602921
32.69847195 3.31112563 1.92857809 0.03242872 0.09761927 0.31746180 0.31746180
80.79869066 24.89989650 16.84573722 0.30252071 0.06508958 0.80808238 0.19935458
76.49470181 24.62923042 17.57926818 0.29697889 0.06527571 1.13435927 0.36475292
90.44685627 25.21901597 19.93608031 0.31599835 0.05875805 0.76118012 0.13094381
76.14296746 26.72382742 17.77253070 0.25734208 0.06759027 0.78437690 0.65832643
71.57962104 29.15797211 14.86126734 0.22980263 0.05761567 1.41336957 0.32437227
68.71003120 26.60513763 18.83962964 0.29277714 0.05118427 0.85097771 0.67081422
74.50258986 27.96692129 15.02564233 0.23284361 0.05595046 1.43861726 0.44074113
49.35077941 7.39094096 3.80196268 0.07364318 0.16006542 0.73376949 0.73376949
95.85110132 22.17001654 19.18744642 0.32710836 0.05894952 0.89843411 0.19036179
94.75422895 22.42789064 19.62859780 0.32267624 0.05412591 0.98402863 0.28393697
96.53771151 21.67945390 19.26721503 0.29932387 0.05504509 0.57918955 0.49400615
99.45843266 22.79043121 18.42396855 0.30540572 0.05639805 1.10617217 0.26660729
69.78934158 26.42228737 18.74013589 0.28932665 0.05340648 0.81233952 0.50928683
74.73677528 28.38059954 15.54893377 0.23820612 0.06407696 1.45951983 0.42098515
91.40092609 24.48343966 17.70820782 0.29403368 0.05480824 1.14233722 0.41671718
77.39044261 24.95583327 17.00816761 0.31474032 0.06030644 0.88364567 0.40139576
80.25005433 25.00659737 17.68450332 0.29739213 0.06237524 0.88821583 0.20459381
83.29494106 22.82553735 17.41707283 0.30515942 0.06926231 0.97937057 0.47336620
82.14130262 23.84860742 17.04601568 0.31875885 0.05101958 1.03777187 0.37911074
95.28380660 24.42243166 19.67491734 0.31955620 0.06266532 0.76932036 0.35851377
37.51569295 4.49134477 2.47051546 0.04435134 0.11568385 0.43789232 0.43789232
94.26786391 23.78778474 19.89482759 0.31026588 0.06160146 0.78734996 0.32192315
77.12545797 28.59270029 15.45532712 0.24165672 0.06030194 1.48669477 0.46488037
84.12983725 29.77223043 14.87500597 0.22964289 0.05116627 1.39856803 0.47670424
65.44584992 30.36067125 14.79956958 0.24906164 0.06054912 1.69169606 0.30680928
91.54436764 24.15752404 17.56952872 0.29286901 0.05516706 1.16744168 0.34971223
87.38357843 25.94000522 17.13049521 0.29508845 0.05409817 0.91951068 0.26257152
106.20668580 22.27180101 19.55129895 0.29144299 0.06644708 1.06553130 0.26596043
69.46248584 29.45607268 14.76453805 0.24521234 0.05740694 1.47210205 0.37495373
79.02571918 29.65410008 15.23683517 0.26774262 0.05101031 1.39959910 0.35806438
86.40814063 23.49131367 18.17232446 0.30362038 0.06482791 1.32755109 0.14362042
66.95450012 30.35269861 14.78032775 0.24715980 0.07138538 1.50392064 0.27997224
36.57755281 4.26150044 2.36497469 0.04202944 0.11216582 0.41443882 0.41443882
72.15968991 29.11197941 15.08606115 0.23432415 0.05451269 1.44146025 0.44145654
24.60479648 1.32817514 1.01803960 0.01239687 0.06726799 0.11511991 0.11511991
80.37652835 28.73974725 15.61086997 0.23207154 0.05941926 1.39881179 0.49925845
69.40167536 29.69469650 14.93991499 0.24382133 0.06126484 1.64032259 0.40563800
27.34837207 2.00035116 1.32669186 0.01918722 0.07755640 0.18370930 0.18370930
24.99923509 1.42481260 1.06241395 0.01337311 0.06874713 0.12498088 0.12498088
101.80394462 22.36870918 19.90980329 0.31241306 0.06634259 0.82333788 0.14047396
45.86336144 6.53652355 3.40962816 0.06501182 0.14698761 0.64658404 0.64658404
96.14911361 23.69247103 18.28199054 0.31956146 0.06214263 1.05752153 0.22618904
99.62821615 23.40148515 17.86910477 0.30122165 0.05663107 1.05820565 0.28398313
93.79568206 24.95154088 19.48433406 0.31682594 0.05940964 0.78605900 0.23175610
101.53140785 21.55337260 20.01375433 0.30523398 0.05905029 0.93413590 0.07109781
46.40116219 6.66828474 3.47013075 0.06634288 0.14900436 0.66002905 0.66002905
54.01637074 8.53401083 4.32684171 0.08519052 0.17756139 0.85040927 0.85040927
66.20870268 30.61980752 14.56030240 0.24103715 0.05631747 1.44233939 0.35646496
73.24476385 27.02853924 18.66540148 0.28994768 0.05375068 0.88773056 0.58615916
67.94424102 30.27429989 14.76616354 0.24578337 0.05643456 1.59073997 0.36826164
100.64316934 24.51758865 19.81670853 0.30332804 0.05213510 0.66164123 0.42610661
65.08710900 29.75137243 14.54533030 0.24916030 0.05797108 1.70861268 0.24816024
92.57350440 22.51732802 19.24205755 0.28348768 0.05039766 0.72837074 0.35707135
80.17669027 24.01127403 16.88787445 0.31429282 0.05954670 1.16261531 0.23605905
80.07902389 23.65219929 17.07603473 0.32119715 0.06309123 1.13616119 0.18700577
88.80409012 25.63863667 17.30102176 0.29948316 0.07524166 1.01987663 0.34866527
69.55425209 29.70382068 14.37288190 0.26450374 0.06643653 1.60465866 0.30388711
100.32661628 22.56399790 17.67744522 0.30242923 0.06244054 1.08515813 0.26163382
34.78014615 3.82113581 2.16276644 0.03758086 0.10542555 0.36950365 0.36950365
101.39596532 21.67094491 19.83755222 0.30462373 0.05910535 0.97723534 0.15969511
95.57481389 23.49700634 18.04379458 0.32197923 0.06051538 1.09949830 0.25376121
78.96715357 29.56773725 14.86074646 0.25738556 0.07041380 1.50546208 0.40236272
77.27625860 29.69262154 15.22268971 0.25745061 0.05503635 1.46699088 0.44709972
81.90796063 24.04380742 18.00823920 0.29718704 0.06411026 0.79634392 0.21556416
85.19818349 23.60703957 17.82791350 0.30489968 0.05188326 1.40859983 0.21205031
24.66690243 1.34339109 1.02502652 0.01255058 0.06750088 0.11667256 0.11667256
70.69585924 30.53418863 14.77813640 0.24594747 0.05702782 1.63315256 0.38438114
21.65403855 0.60523945 0.68607934 0.00509375 0.05620264 0.04135096 0.04135096
91.08374710 22.72828850 19.43029852 0.28774041 0.05418989 0.59781406 0.22697188
92.33724754 21.74375532 17.03451870 0.30570734 0.05775977 1.23686422 0.20094707
52.28027582 8.10866758 4.13153103 0.08089368 0.17105103 0.80700690 0.80700690
76.72509534 24.44167060 16.92306525 0.30705668 0.06435328 0.89190448 0.34995409
105.05888910 22.22106124 19.26107694 0.30599646 0.06531189 0.77249879 0.12787438
66.63539353 29.18870412 14.50094781 0.25252038 0.05597234 1.66060106 0.33389370
47.42035171 6.91798617 3.58478957 0.06886537 0.15282632 0.68550879 0.68550879
92.56289394 23.64196028 17.97049634 0.31777513 0.05408995 1.04034926 0.21501846
80.49174059 25.11615896 17.43577382 0.28594399 0.05074575 0.95882805 0.23253487
88.83562468 25.26267382 16.96945481 0.29043567 0.07199252 1.00148838 0.24787870
88.73536955 22.74086542 17.71464019 0.29730333 0.05514498 1.00009001 0.31510417
58.55270056 9.64541164 4.83717881 0.09641793 0.19457263 0.96381751 0.96381751
48.41969049 7.16282417 3.69721518 0.07133873 0.15657384 0.71049226 0.71049226
28.00285474 2.16069941 1.40032116 0.02080707 0.08001071 0.20007137 0.20007137
20.92513768 0.42665873 0.60407799 0.00328972 0.05346927 0.02312844 0.02312844
89.03596656 22.86060951 17.94753343 0.29837868 0.05770962 1.35151088 0.19863170
45.24006431 6.38381576 3.33950724 0.06346916 0.14465024 0.63100161 0.63100161
86.69951148 23.85019757 17.19663441 0.29764509 0.05058370 1.03557776 0.39418708
71.99455067 30.17482689 14.15521383 0.22557549 0.05618240 1.48282196 0.33036815
77.74087540 30.63329902 15.08908193 0.26438127 0.06139988 1.51091880 0.35984267
81.04939997 23.84640092 16.67163528 0.29986321 0.07263227 0.92448495 0.38084373
86.39151194 24.33310882 17.69093758 0.30286975 0.05203904 1.07430313 0.39706547
78.71081214 30.48830782 15.72542662 0.24087173 0.06147187 1.39658338 0.54494478
102.88679353 22.08570375 17.83763048 0.31120572 0.05857841 1.22474373 0.30193985
69.41382752 29.33664542 14.60936608 0.25179711 0.05492487 1.60701957 0.39390237
96.27882592 23.79187214 17.98220329 0.32863578 0.06181033 1.14891423 0.27814034
89.85731347 25.15333921 17.41457676 0.29940779 0.06424831 0.91616745 0.25382349
