54.70676841 8.31261180 4.02726271 0.07577194 0.17410023 0.95222070 0.81524638
59.62480926 9.71364283 5.33707544 0.06849889 0.16079898 0.70517362 0.79887212
56.39173957 9.32782447 4.04556768 0.08853030 0.15470583 0.85866318 0.91673542
51.76229706 9.48213836 3.91152272 0.07659981 0.17352776 1.03512534 0.89018890
53.54842497 9.21684971 4.41071531 0.09639540 0.18030535 0.95910100 1.01086521
57.18488771 9.83559436 5.23866794 0.08274184 0.19044888 0.86816910 0.85877221
55.71345195 7.74208707 4.47649154 0.09007010 0.16971981 0.78999009 0.62889520
66.41328421 10.98066072 4.70548983 0.11551642 0.06712422 0.93907849 0.93752082
58.80513577 7.98934888 3.75400107 0.09982571 0.17752359 0.84346732 0.76567556
54.40570462 8.64715297 4.29143472 0.08301479 0.16684063 0.90032463 0.92909250
52.01528522 9.05098442 3.87966171 0.10432263 0.14512063 0.76831054 0.87155003
50.86407552 7.53659419 4.44851181 0.08990420 0.16582768 0.75030227 0.78048662
59.11274698 10.08756807 5.13472817 0.07188623 0.16658517 0.73691082 0.89448769
60.72637249 9.57610856 4.70014139 0.08565678 0.18129277 0.71547525 0.74504210
49.19964850 7.93106650 4.27534822 0.09395022 0.16423604 0.71574045 0.67290344
58.05459277 10.80231712 5.53226475 0.00316654 0.05284679 1.12494674 1.00575130
56.72804131 9.15631045 4.12305845 0.06953384 0.16242973 0.86316700 0.83698950
62.74153542 8.46971687 4.53769167 0.10032294 0.17380120 0.85191536 0.77911485
60.11781577 7.71025087 4.07383945 0.08756230 0.17236062 0.76784983 0.75043129
66.86435668 9.15610857 4.68344267 0.09514670 0.17804231 0.13292361 0.95634730
57.29909082 9.28900789 4.96587542 0.08173641 0.17816457 0.77070822 0.78138584
57.93312863 9.75478144 4.09537661 0.07609640 0.15860203 0.94795148 0.82245521
52.52267102 9.03566721 3.91995265 0.09928317 0.17242985 0.82087512 0.98019676
58.45583887 8.40623072 5.28958997 0.09648356 0.18042040 0.72339663 0.88557792
54.14600867 8.61494570 4.49443872 0.09031474 0.17626665 0.93739152 0.94937295
21.65547319 0.60559093 0.68624073 0.00509730 0.05620802 0.04138683 0.04138683
51.81029379 8.08314882 3.73760654 0.08463089 0.16727130 0.94251617 0.87071682
52.96643430 8.23009393 4.53950415 0.08445810 0.14060371 0.76211097 0.75804294
62.03886313 10.17811081 4.70997211 0.10642259 0.05507873 0.94980889 1.03124089
59.21941835 9.16682732 4.30423528 0.09269214 0.15446366 0.66815302 0.80745946
53.73421139 7.74324871 4.04143499 0.08942448 0.16838489 0.94136543 0.71624505
58.21364652 8.94202027 4.70781197 0.09206897 0.19278581 0.85113845 0.80718423
62.22016690 9.24196772 5.06397551 0.06652947 0.15228936 0.82481045 0.85766464
62.32348636 10.15089350 5.66643300 0.09549746 0.18174437 0.06096260 0.91324773
53.23161283 8.45178886 4.93323297 0.08013346 0.16549967 0.86528351 0.79283931
59.99253213 9.58205938 4.27752007 0.10586451 0.18602148 0.90469379 0.74445849
60.01994033 9.35796283 5.17154756 0.07750587 0.17531571 0.79018861 0.68751371
58.66021893 9.25369819 5.43986509 0.07001077 0.16286676 0.80397860 0.86295590
53.91204786 9.04901752 5.01545877 0.08736369 0.15477129 0.92311371 0.95363389
53.07120807 8.90921165 3.81196029 0.09867892 0.17631474 0.81601584 0.87410258
56.70241841 10.97647045 4.50277344 0.09343093 0.17941923 0.84104847 0.84623611
57.17775656 8.67206230 3.79775311 0.10082906 0.16296753 0.93239936 0.99956669
53.41107426 7.92951941 3.83274136 0.09368601 0.17583546 0.86854378 0.74534182
56.22646506 8.92813156 4.23560758 0.09043446 0.17402269 0.80533294 0.85651207
63.06516260 9.14596669 5.01294218 0.10806318 0.06750313 0.94297146 0.88946988
63.13340867 8.26933606 4.85320488 0.10517877 0.06213012 0.97933077 0.96326496
54.07277685 8.33028541 4.06438182 0.10894656 0.16331243 0.80533596 0.73284706
54.79524077 8.45958336 4.34991856 0.08416898 0.15495033 0.94901712 1.00923953
58.68280479 9.89756894 4.27120253 0.09626419 0.16420010 0.64938639 0.73491101
60.11279443 8.77259711 4.86526726 0.07220433 0.16143361 0.60289217 0.88015451
61.34490057 10.05027410 4.47073523 0.09298331 0.16718530 0.63764974 0.72148754
59.35186977 7.79149000 3.83365510 0.09483051 0.17546967 0.76122471 0.82183556
56.85373296 8.77269726 4.77507002 0.09433559 0.18084535 0.67920463 0.82003171
60.85571790 9.75783452 4.42157322 0.09231961 0.15932071 0.75687375 0.79327979
64.09429332 8.97439822 4.56514810 0.08539364 0.16770990 0.83811619 0.85112333
58.64611404 8.36210990 3.91231762 0.09509641 0.17178778 0.93839522 0.75661144
58.69219508 8.31924585 5.13634332 0.09321523 0.17236000 0.70699534 0.93832689
56.44227110 9.47581430 4.15221316 0.09771642 0.16945122 0.79921706 0.90001814
57.77437444 10.52433083 5.15421934 0.09456975 0.19100317 0.86529618 1.01313731
61.63351170 11.12079000 5.65912723 0.01426137 0.05884469 1.05201990 1.08386378
59.98399502 9.14080552 4.35442252 0.10059691 0.18261747 0.86280818 0.83608080
52.31475479 9.08112891 5.27999097 0.09777446 0.15409187 0.81403585 0.92664400
56.79902435 9.12118243 4.51265421 0.09523796 0.17070332 0.92726112 0.96012273
64.49208797 8.54572914 4.93093369 0.08881082 0.17111013 0.80032232 0.88653183
55.11955656 9.82322687 4.63756062 0.08554002 0.16917418 0.71335425 0.84594000
58.88724001 9.05591992 3.89484496 0.10322561 0.17468625 0.86143492 0.85154351
56.16935687 9.27491681 4.48250349 0.10826554 0.18249313 0.95325649 0.92268076
55.58441261 9.43746418 4.53331020 0.10603676 0.17606985 0.94226696 0.84782515
58.52212044 8.13460965 5.03574298 0.07817189 0.15704076 0.71596738 0.85637246
61.67795045 9.82223194 4.54231640 0.10799781 0.16908396 0.87984577 0.87338448
67.56241168 9.72247115 4.77905187 0.09467544 0.17068316 0.18082668 1.08730781
50.59681999 8.18653633 3.17777759 0.10660600 0.17713449 0.98246264 0.57643620
60.33382652 7.88996311 4.32432267 0.09200296 0.17567927 0.85031355 0.81012605
65.53031249 8.34910759 4.78258444 0.10351663 0.07278542 0.97051706 0.79904761
59.15241234 9.68599720 4.80744282 0.08836248 0.16187946 0.72347006 0.84909474
64.72196307 9.71173088 4.36679306 0.07438224 0.17534121 0.69921983 0.75875322
62.38734238 10.70559943 5.37128169 0.01185854 0.05112993 1.11311114 1.03025411
58.34194329 7.97320608 3.95839465 0.09224516 0.17252677 0.77073264 0.88734404
54.59450330 7.99195209 4.71031031 0.08844059 0.16590133 0.91190976 0.79773337
41.04102898 5.35505210 2.86711576 0.05307655 0.12890386 0.52602572 0.52602572
60.22762044 8.07694372 3.97505844 0.08952666 0.17328489 0.79399666 0.76154523
55.28663635 7.76873309 3.90969825 0.10069412 0.19008348 0.88216302 0.84907996
55.37645812 7.81145950 4.41958245 0.09480984 0.17045627 0.72977734 0.86370934
58.75204102 9.53047181 5.30602199 0.09141923 0.17440088 0.83811868 0.96364491
54.07239271 9.80203326 5.21006169 0.11139245 0.17980907 0.96362276 1.03650561
59.91927629 7.89650816 4.84846331 0.08657364 0.17882213 0.91337779 0.95969263
57.96286630 9.51727767 4.71184614 0.08432655 0.16086705 0.74533003 0.88586074
54.90291815 6.82012558 4.43047493 0.08675583 0.16682988 0.78522776 0.62657323
54.32997590 8.66408284 4.21489842 0.10286492 0.18067504 0.82449061 0.83102930
55.61485398 8.59821655 4.87173735 0.09615665 0.18034704 0.87529533 0.86404000
49.77271254 9.41402523 4.46073127 0.10495343 0.15529328 0.82156415 0.65776556
58.89369275 8.84778883 4.04019325 0.08842357 0.16074951 0.73715274 0.86545101
57.70608267 9.06949598 4.27831867 0.09320442 0.17813180 0.88235876 0.97556047
62.48736295 10.36461943 5.13041472 0.00820462 0.05145159 1.08449118 0.94254330
57.50766637 7.88681717 4.00244910 0.10120877 0.17279138 0.77309963 0.80895817
52.62358595 8.61934651 4.49465625 0.09084914 0.15404473 0.83506606 0.65223396
61.41355348 8.42366860 5.12305480 0.09159997 0.17951142 0.85513632 0.90201369
54.56256606 9.26966043 3.71942305 0.08563821 0.16069633 0.89648742 0.78425402
60.81215585 9.62869111 5.70936596 0.09706327 0.18297207 0.11822582 0.93218580
55.64661289 9.36217501 4.55829877 0.07225484 0.15254453 0.75288737 0.76467249
49.55980380 9.80323175 4.32381289 0.09814952 0.15160064 0.80105359 0.70426156
58.68036329 8.98393453 4.50900500 0.09195907 0.16272333 0.78567889 0.82247072
57.31004942 8.02610507 4.71090813 0.08135059 0.16415904 0.71128208 0.79320203
65.35375979 10.08740584 4.87186388 0.09424467 0.17928801 0.08365654 1.09136337
56.58752173 8.86697324 3.32899990 0.10034232 0.15305704 0.97363728 0.66605928
53.03671427 10.00099386 4.44112539 0.08184256 0.17165844 0.80236296 0.77879936
53.18842535 9.30256104 4.39154174 0.09012958 0.17868899 0.76792559 0.80510686
60.01900083 8.04747251 4.02294401 0.11448951 0.19076383 0.88017471 0.77003452
50.89459642 8.42280387 5.38725534 0.08524557 0.16744056 0.80980127 0.97156195
57.07695628 8.59265608 4.46702120 0.09544105 0.18381876 0.79428987 0.89676502
63.49274115 10.34978529 5.66593576 0.09326292 0.18695226 0.02515370 1.04052507
62.69615611 9.96539649 4.23578507 0.09696415 0.16188468 0.75021145 0.92594295
62.51984188 9.21813860 4.25042067 0.08945828 0.16461109 0.63625687 0.83090589
53.52879421 9.76547029 4.28297959 0.09477625 0.18486038 0.99915518 0.92982351
61.29205076 9.15543108 5.32895086 0.09712038 0.18589783 0.64779869 0.93098453
69.83447548 9.36925376 4.78640245 0.09163840 0.16388793 0.06556079 0.97793402
51.74874075 8.38897756 4.69195306 0.08378677 0.15723010 0.78323223 0.65950158
61.53396665 8.88486032 4.56040788 0.10826042 0.17828374 0.81194994 0.79798191
58.66093343 10.27299303 4.30443753 0.08498205 0.17280103 0.80322717 0.81293666
64.54757982 9.62075124 4.78794525 0.09186528 0.18439452 0.08401789 0.98319071
54.29180377 8.72461797 4.49689521 0.09309490 0.19416396 0.88083148 1.02341864
54.42601123 9.12068565 5.11417648 0.08392304 0.16467186 0.84451435 0.84694926
53.75336960 8.23934421 4.61307358 0.08665783 0.16805677 0.81933864 0.63767221
57.32727599 8.96747754 4.97390898 0.08595796 0.16745418 0.64767181 0.83437479
51.53601013 8.92716118 4.76870285 0.09637329 0.16201542 0.78990304 0.75478907
60.26981043 9.92131280 4.10164534 0.09110818 0.14961563 0.91232684 0.89079209
53.17342747 10.35182508 4.32388936 0.08627767 0.17057541 0.88453986 0.93149131
49.36397062 8.39561339 4.02793629 0.09333128 0.13949889 0.71084056 0.82710020
