62.60428901 33.20315468 14.06492159 0.24268805 0.05228093 1.82344677 0.54469020
69.43667638 28.80569534 15.91795696 0.25026692 0.05399365 1.56455920 0.23000129
88.37493848 22.03924750 19.54790361 0.31195168 0.06636970 1.18347170 0.05547709
36.51820423 4.24696004 2.35829798 0.04188256 0.11194327 0.41295511 0.41295511
29.41054082 2.50558250 1.55868584 0.02429109 0.08528953 0.23526352 0.23526352
78.37631419 30.58044968 15.60308256 0.26691130 0.05594200 1.72187959 0.21560121
68.22773004 32.17778382 13.89775361 0.22547102 0.07067422 1.77578271 0.32186015
91.13410861 21.19343443 19.42571170 0.31794040 0.07398643 0.97763625 0.19625232
83.95151315 25.60555744 18.99681688 0.33148386 0.06328680 0.93260061 0.18046056
37.85185305 4.57370400 2.50833347 0.04518334 0.11694445 0.44629633 0.44629633
86.78536166 27.04996868 19.10640173 0.33162847 0.05984238 1.14295638 0.13270704
50.64925324 7.70906704 3.94804099 0.07685690 0.16493470 0.76623133 0.76623133
43.18403984 5.88008976 3.10820448 0.05838050 0.13694015 0.57960100 0.57960100
53.23282757 8.34204276 4.23869310 0.08325125 0.17462310 0.83082069 0.83082069
66.02367791 32.59306486 13.76756555 0.22341990 0.06219064 1.70568758 0.31656259
26.90192486 1.89097159 1.27646655 0.01808226 0.07588222 0.17254812 0.17254812
44.31534011 6.15725833 3.23547576 0.06118047 0.14118253 0.60788350 0.60788350
54.19598741 8.57801691 4.34704858 0.08563507 0.17823495 0.85489969 0.85489969
79.97976318 23.28887192 16.08575434 0.33280479 0.05313563 0.83759968 0.22561424
105.48867148 20.12477014 19.38643944 0.30612890 0.05790581 1.13006864 0.11930615
41.57498156 5.48587048 2.92718543 0.05439808 0.13090618 0.53937454 0.53937454
105.13717737 20.46342175 19.23309466 0.30679029 0.07084273 1.21878416 0.10259848
37.21473015 4.41760889 2.43665714 0.04360646 0.11455524 0.43036825 0.43036825
85.13651428 25.99930391 18.85357555 0.33532460 0.05055028 0.79554463 0.27516495
91.65062526 22.58851054 19.12718214 0.31089273 0.05071437 1.03633214 0.07181562
67.18250054 29.11758994 14.82977196 0.23474911 0.05650600 1.37554534 0.29329474
92.74347022 21.64332509 19.27370857 0.32734632 0.05264672 1.04988305 0.16707963
48.20311841 7.10976401 3.67285082 0.07080272 0.15576169 0.70507796 0.70507796
87.40873090 23.64612345 16.99816119 0.31272793 0.05968358 1.07750127 0.33460262
61.47319589 34.57192912 13.84806838 0.22786516 0.05571800 1.58666568 0.32680180
53.31570312 8.36234726 4.24801660 0.08345637 0.17493389 0.83289258 0.83289258
35.54371708 4.00821068 2.24866817 0.03947070 0.10828894 0.38859293 0.38859293
101.25274874 20.78377915 18.44465174 0.34884783 0.06216317 0.98903081 0.03485349
82.14490155 25.29949430 17.77446016 0.30511660 0.06122961 0.82307209 0.46738012
51.52363328 7.92329015 4.04640874 0.07902099 0.16821362 0.78809083 0.78809083
72.69671436 30.88447922 15.52933549 0.25375723 0.05830094 1.96599187 0.11256675
70.11073609 28.47054826 15.19851468 0.25142461 0.05125331 1.65550461 0.23977209
70.64817408 30.27975541 16.14684869 0.24212420 0.06934272 1.36678936 0.17960062
25.88215971 1.64112913 1.16174297 0.01555835 0.07205810 0.14705399 0.14705399
84.90587836 23.55395283 20.46461977 0.32036639 0.05821814 0.78551646 0.31282692
63.43732363 32.27398159 14.06683233 0.22262807 0.06360268 1.77886423 0.35145984
66.43361988 28.44177081 16.27806524 0.24045978 0.06008919 1.76187317 0.17496233
70.25205030 28.75388243 15.94825326 0.24854981 0.06458153 1.38257513 0.20235520
61.31844705 33.28573274 14.12826725 0.23005954 0.05527579 1.71367421 0.45655196
89.76257405 20.59329782 19.36589404 0.33127283 0.06089984 1.00288821 0.07805759
67.12732103 32.06044402 14.23378473 0.22037090 0.06982493 1.74545452 0.36126737
36.87968546 4.33552294 2.39896461 0.04277722 0.11329882 0.42199214 0.42199214
43.65704275 5.99597547 3.16141731 0.05955118 0.13871391 0.59142607 0.59142607
38.85100761 4.81849686 2.62073836 0.04765624 0.12069128 0.47127519 0.47127519
90.11340594 21.82071002 19.35825843 0.31654026 0.05993662 1.13288544 0.09225783
55.93681873 9.00452059 4.54289211 0.08994363 0.18476307 0.89842047 0.89842047
79.53395485 24.81076261 16.34039695 0.32499803 0.05827475 0.85469761 0.25844673
35.90688434 4.09718666 2.28952449 0.04036954 0.10965082 0.39767211 0.39767211
71.30782249 29.93789369 16.09005700 0.26035064 0.06359389 1.84847049 0.03889727
103.38977966 20.51633720 19.59415634 0.29948645 0.05155145 1.16809902 0.15408548
79.91902069 24.76013971 16.99076629 0.30752172 0.05459163 0.90564091 0.22954825
91.02721036 21.55093962 19.10910629 0.33112746 0.05655450 1.09861283 0.13858410
41.24459419 5.40492558 2.89001685 0.05358037 0.12966723 0.53111485 0.53111485
32.32100708 3.21864673 1.88611330 0.03149449 0.09620378 0.30802518 0.30802518
93.25389014 22.74840959 17.41370630 0.33301982 0.05088202 0.87434074 0.01301017
76.57657679 23.86256331 16.71872254 0.32540120 0.06079580 0.82341611 0.27256761
81.77910861 24.53655481 16.80222651 0.32815994 0.05538650 1.02191675 0.21121557
88.40038424 21.22170789 19.25741234 0.32783819 0.05541357 1.02223753 0.07286139
44.59267370 6.22520506 3.26667579 0.06186687 0.14222253 0.61481684 0.61481684
62.83936236 33.39826805 13.80705847 0.22937250 0.05789303 1.74864442 0.35373329
35.54677182 4.00895910 2.24901183 0.03947826 0.10830039 0.38866930 0.38866930
73.51290573 30.02040213 15.12684353 0.25692165 0.05999027 1.89654030 0.10739330
83.41801507 24.75797140 18.85675035 0.32736460 0.05470557 0.92354484 0.04460752
82.70513577 23.92034570 16.76013019 0.32245121 0.05611982 0.98049553 0.15643022
93.04597829 22.26813049 19.46118022 0.31761762 0.06006333 1.02901806 0.17413594
59.18014661 9.79913592 4.90776649 0.09797086 0.19692555 0.97950367 0.97950367
87.80425385 24.24261977 18.85825282 0.31107906 0.06753964 0.87432790 0.11857909
111.90992765 22.35101646 19.67243273 0.30351681 0.05972703 1.28605610 0.18207689
31.13079398 2.92704453 1.75221432 0.02854872 0.09174048 0.27826985 0.27826985
93.29605593 23.47597524 19.16392188 0.32887734 0.06648092 1.07912641 0.06175013
67.64863210 31.69835769 13.81484973 0.22507080 0.05524994 1.74553125 0.28957010
92.78120795 22.23850677 19.06959760 0.33711811 0.05885633 1.02854892 0.09486756
95.39588168 21.91111493 19.39713146 0.34347837 0.05493516 0.95096763 0.03757279
69.55803365 32.25854710 13.87730312 0.24881974 0.06701298 1.71362122 0.29042196
64.19804121 28.98880665 15.64079334 0.24072401 0.05571539 1.34032767 0.29075267
91.47643033 22.79287552 19.69259742 0.33234072 0.05364007 1.09371641 0.08536093
79.39261510 23.68913497 16.15908631 0.32436735 0.05759702 0.86273370 0.23026901
81.25192291 23.60254713 16.77078225 0.31812889 0.05379349 1.09896073 0.15042714
82.16276619 23.58692169 17.14371911 0.32811506 0.06241574 1.03174489 0.23079498
21.64194343 0.60227614 0.68471864 0.00506381 0.05615729 0.04104859 0.04104859
103.15220011 20.12774286 18.40789871 0.35327545 0.06190859 0.87322453 0.09937070
90.48076516 23.47127769 19.54237750 0.30805309 0.05637409 0.99454650 0.12463840
76.88512580 23.64786543 16.96188790 0.31450256 0.05262059 0.77339902 0.38940651
104.59338939 20.78975533 18.31809059 0.30159353 0.05845383 1.21285673 0.15750151
74.41831400 29.97572802 15.60367884 0.25609860 0.06006836 1.81659895 0.05406445
84.64579451 23.98541444 18.89344746 0.31365419 0.05769326 0.89387783 0.15217710
64.19120628 29.12272814 15.96331741 0.24554709 0.05185703 1.78040793 0.13558669
39.00009489 4.85502325 2.63751068 0.04802523 0.12125036 0.47500237 0.47500237
70.35269608 28.87364746 15.75790240 0.24910492 0.05903429 1.46786961 0.16737962
78.88983915 25.07775470 17.16607731 0.30240761 0.05534942 0.95188315 0.40518517
74.85857925 25.62591873 18.43631528 0.31509759 0.05282452 1.07400441 0.10247041
38.83151271 4.81372061 2.61854518 0.04760799 0.12061817 0.47078782 0.47078782
52.51612869 8.16645153 4.15806448 0.08147742 0.17193548 0.81290322 0.81290322
67.29781967 32.12602668 14.00247914 0.22250919 0.06713088 1.80453730 0.24544273
92.63721800 20.90942792 19.21264329 0.33538674 0.05164318 0.91972908 0.15279125
112.82326803 22.26473234 19.62298639 0.31526938 0.05745257 1.36866911 0.14640539
70.25001100 28.97989019 15.65470715 0.23384199 0.06499430 1.44357984 0.21159625
37.46930286 4.47997920 2.46529657 0.04423652 0.11550989 0.43673257 0.43673257
95.47703327 20.91671912 18.94683988 0.32019383 0.05739103 0.99104002 0.16504558
32.65741903 3.30106766 1.92395964 0.03232711 0.09746532 0.31643548 0.31643548
87.35951834 25.57404025 18.72151144 0.33770547 0.05473026 0.93301502 0.28250601
84.66671620 25.75795526 18.48316695 0.30942096 0.06398608 0.99392124 0.05232820
78.66971663 25.67836313 16.99105618 0.30159238 0.05060430 0.95176652 0.48223131
63.01247716 33.43933410 13.69167581 0.25808366 0.06385542 1.67991509 0.49599138
66.66953632 30.83052682 16.50121662 0.23617213 0.05929674 1.44323319 0.09912455
59.63946510 33.29476178 14.23417402 0.23925237 0.06319131 1.62336988 0.44174557
51.55722914 7.93152114 4.05018828 0.07910414 0.16833961 0.78893073 0.78893073
88.38404927 23.13501538 19.49230855 0.31750777 0.05540220 1.13346493 0.02292134
88.58312852 26.23114889 18.79955294 0.32638964 0.05459966 0.83460897 0.20518727
57.83485208 9.46953876 4.75642086 0.09464126 0.19188070 0.94587130 0.94587130
56.51314542 9.14572063 4.60772886 0.09137003 0.18692430 0.91282864 0.91282864
40.99903949 5.34476468 2.86239194 0.05297262 0.12874640 0.52497599 0.52497599
73.59156972 29.68401753 15.69722174 0.24555344 0.06316243 1.92335896 0.12701699
24.46598611 1.29416660 1.00242344 0.01205332 0.06674745 0.11164965 0.11164965
77.11570946 25.29009946 17.39995532 0.31696026 0.05085770 0.86292077 0.38708903
91.76514005 24.90127490 18.90219550 0.31225621 0.05187201 1.01275733 0.04702027
88.91376012 24.38731406 18.36606515 0.31393866 0.05924174 0.95050039 0.05417681
81.06969181 25.35486256 17.11297011 0.30568095 0.05012689 0.86109234 0.43883875
89.26096672 21.85425373 19.56536144 0.31420902 0.06772966 1.16849184 0.00176515
87.42489115 21.53552903 19.59057855 0.32824677 0.06529364 1.08174825 0.09423048
49.09023726 7.32710813 3.77265169 0.07299834 0.15908839 0.72725593 0.72725593
92.27232038 21.62162899 19.47537800 0.31968266 0.05422681 1.03676861 0.14641766
104.68337130 20.55367319 18.12908723 0.35426060 0.05687233 0.81778526 0.04363055
