75.92493981 22.52773425 17.57001102 0.28517076 0.05065938 0.97836342 0.14131330
78.11985127 22.51848116 18.61294898 0.30329229 0.06364318 0.90948590 0.43039720
25.15633886 1.46330302 1.08008812 0.01376194 0.06933627 0.12890847 0.12890847
37.03492775 4.37355730 2.41642937 0.04316145 0.11388098 0.42587319 0.42587319
91.77030081 24.43859767 18.33649310 0.33198648 0.05635999 0.92792630 0.20457103
92.55079200 22.58013536 17.21120000 0.31163320 0.05311239 1.22401623 0.12522808
99.36168877 22.18651494 20.27458848 0.32562624 0.05242453 1.19565481 0.36448978
91.12551696 21.83656478 17.82982851 0.30799712 0.06683527 1.24118032 0.05143213
91.08742266 22.22965593 19.90427357 0.32171560 0.05791532 1.01309837 0.47749899
82.77354899 25.76296211 16.69562054 0.22014989 0.05267157 1.60337559 0.40483243
87.36236689 23.48090444 18.26420769 0.30570909 0.06442155 0.79101452 0.30516762
41.74965103 5.52866450 2.94683574 0.05483039 0.13156119 0.54374128 0.54374128
85.12108842 23.73842886 17.29900569 0.30267171 0.07083426 0.98816463 0.11437011
21.85317890 0.65402883 0.70848263 0.00558662 0.05694942 0.04632947 0.04632947
35.87726585 4.08993013 2.28619241 0.04029623 0.10953975 0.39693165 0.39693165
66.27213916 30.93309777 15.25842918 0.24532786 0.05199671 1.81879261 0.22345312
26.42786858 1.77482780 1.22313521 0.01690897 0.07410451 0.16069671 0.16069671
84.77979332 23.99420116 17.99379611 0.29617878 0.06062606 0.83692394 0.40042597
93.95774123 20.30915495 17.78543815 0.29120615 0.05647339 1.16633542 0.08930411
20.39309668 0.29630869 0.54422338 0.00197291 0.05147411 0.00982742 0.00982742
69.89288265 28.86295808 15.76691643 0.22845917 0.05956434 1.57644179 0.42661539
42.72119744 5.76669337 3.05613471 0.05723496 0.13520449 0.56802994 0.56802994
87.21474971 22.24694873 19.68546206 0.33342818 0.05819145 0.90897279 0.34936116
76.00123471 29.30445694 15.86272888 0.24352119 0.05214938 1.54882301 0.10019680
56.11922246 9.04920950 4.56341253 0.09039508 0.18544708 0.90298056 0.90298056
54.46140187 8.64304346 4.37690771 0.08629197 0.17923026 0.86153505 0.86153505
81.50852314 29.84722290 14.75932610 0.28410154 0.05499861 1.40225733 0.41527060
82.15505916 28.11679313 16.61827068 0.20932426 0.06171895 1.63051411 0.45108865
75.08637038 30.38566110 14.33722086 0.23415772 0.06458078 1.47513126 0.35671464
77.30794757 31.22797984 14.45270197 0.24192509 0.05421446 1.48297093 0.25856696
92.80844719 21.39025051 17.15942418 0.31032243 0.05034839 1.28171270 0.01959891
36.89671113 4.33969423 2.40088000 0.04281936 0.11336267 0.42241778 0.42241778
93.87319775 20.92476732 17.69997679 0.30205168 0.05264268 1.13910562 0.13896791
89.07739220 23.25771236 17.64191892 0.31065969 0.05540864 1.41784820 0.22858253
95.68767823 23.71632880 17.50692439 0.32037874 0.05164527 0.94398444 0.13472795
81.77119545 27.81796998 16.02978870 0.22133459 0.06501297 1.41177898 0.51570562
79.88811221 27.91884835 16.11083168 0.21771196 0.06303254 1.46590528 0.45823860
92.43678672 22.19487418 20.39914364 0.33568690 0.05196305 0.99160580 0.28661057
74.83961167 27.69737317 15.54623648 0.22493593 0.05314225 1.50426335 0.45560456
95.68835332 22.83067669 17.80659787 0.32235915 0.05842675 0.96647698 0.21920824
90.18197835 23.34161897 18.92407622 0.30521657 0.06520963 0.87529774 0.38699507
81.11290836 27.09734283 16.52436186 0.21930848 0.05434317 1.54140920 0.43168348
47.73119943 6.99414386 3.61975994 0.06963472 0.15399200 0.69327999 0.69327999
94.92779777 22.53845165 20.22257835 0.33194868 0.06009026 1.22314372 0.19833299
81.32812140 26.49803360 16.65229147 0.23218956 0.06474340 1.50804198 0.46403624
26.56042812 1.80730489 1.23804816 0.01723706 0.07460161 0.16401070 0.16401070
80.41189136 26.73467383 16.33039545 0.23444922 0.05521473 1.53382555 0.47015648
72.72877879 28.67697579 19.00587065 0.28850230 0.07100704 0.73736329 0.67335595
37.71705587 4.54067869 2.49316878 0.04484971 0.11643896 0.44292640 0.44292640
76.37214683 29.08636166 14.99548719 0.23796419 0.05712101 1.51492959 0.40536835
91.78253806 20.36249125 17.46812970 0.30620719 0.05794513 1.18640541 0.05790579
84.41700954 27.99932444 16.53338605 0.21539107 0.05304366 1.48117873 0.41655192
60.91060605 30.74227406 14.71336255 0.24250573 0.05124184 1.62791687 0.19412065
82.53756840 24.83092532 16.72037356 0.30941681 0.05524005 0.96027024 0.54354181
97.92795771 21.99196487 19.62344012 0.31164283 0.05269830 1.11839383 0.32797279
50.02956656 7.55724381 3.87832624 0.07532318 0.16261087 0.75073916 0.75073916
83.24954103 23.11480932 17.22446865 0.30202549 0.05597497 0.88585959 0.12672655
24.32248745 1.25900943 0.98627984 0.01169816 0.06620933 0.10806219 0.10806219
98.80689971 21.69177677 19.34858913 0.32171786 0.05602662 0.88911488 0.17716333
59.49272175 31.17552266 14.99363735 0.24564912 0.06161688 1.78230290 0.16277912
68.38227429 31.83461517 14.14390762 0.23853787 0.05667059 1.74679889 0.36458704
102.88131116 21.74908075 19.17618185 0.30941989 0.06790531 1.11299877 0.00911253
44.79014989 6.27358672 3.28889186 0.06235562 0.14296306 0.61975375 0.61975375
56.89355034 9.23891983 4.65052441 0.09231154 0.18835081 0.92233876 0.92233876
96.27923836 22.30851414 19.74760994 0.32120918 0.05580771 1.00643418 0.41536563
88.23991612 22.10085994 17.89895296 0.30712421 0.05824365 1.01418286 0.39247076
98.93395226 20.99076763 19.35044553 0.31897179 0.05996850 1.21626950 0.10749947
98.14323763 21.24191638 20.68032683 0.32887698 0.07564912 1.13000715 0.23553807
58.33776069 9.59275137 4.81299808 0.09588596 0.19376660 0.95844402 0.95844402
98.39060469 22.60278805 20.21385037 0.33056026 0.05965789 0.81630015 0.24336583
36.04905036 4.13201734 2.30551817 0.04072140 0.11018394 0.40122626 0.40122626
85.56651278 23.77493896 18.20303363 0.31876205 0.05353278 1.43104641 0.35771988
83.44862702 29.83399710 14.87459205 0.27995648 0.05183924 1.30617519 0.23047322
97.43429045 20.76182239 19.01432563 0.31915038 0.05610759 0.87157972 0.25332472
46.65051759 6.72937681 3.49818323 0.06696003 0.14993944 0.66626294 0.66626294
36.02055060 4.12503490 2.30231194 0.04065086 0.11007706 0.40051377 0.40051377
94.63889585 22.58002330 18.71781687 0.30821988 0.05126080 1.18963038 0.22578925
28.28058496 2.22874332 1.43156581 0.02149445 0.08105219 0.20701462 0.20701462
83.21314795 24.81359578 16.82445605 0.31432624 0.06053944 0.87457352 0.76821860
78.98750198 23.03870602 18.20635453 0.30936630 0.05874886 0.93629227 0.43500813
37.23761510 4.42321570 2.43923170 0.04366310 0.11464106 0.43094038 0.43094038
92.83807164 24.08291984 18.70635268 0.31903787 0.05817287 0.91968848 0.19206869
73.34866460 29.04913980 15.64615169 0.24729530 0.05881020 1.57825155 0.14345690
32.42475527 3.24406504 1.89778497 0.03175127 0.09659283 0.31061888 0.31061888
79.89265576 28.07658760 16.65810464 0.21243302 0.06529700 1.61622471 0.44829556
98.84946321 20.28976321 19.17660525 0.30139819 0.05865624 0.91777026 0.18040249
66.88453937 29.27070663 15.68682901 0.26195196 0.05850397 1.68749163 0.22295662
100.75291151 24.95015770 19.73193821 0.33158320 0.05481490 0.83018480 0.32832568
92.94546512 23.04190615 17.87413545 0.29803395 0.05709257 1.37462079 0.40001043
88.60027425 22.53054925 18.09911801 0.30844679 0.05472130 1.46254448 0.28310419
94.64600010 23.68992032 17.41832224 0.31328749 0.06273768 0.97033201 0.18183145
93.63852551 21.14769357 17.38322557 0.29995769 0.05011911 1.17816559 0.09660482
70.29281335 29.96884540 15.38799445 0.26910448 0.05470891 1.61737371 0.11240884
65.22259410 28.48406120 15.80078359 0.26342262 0.05805995 1.64765294 0.34162987
40.74818862 5.28330621 2.83417122 0.05235177 0.12780571 0.51870472 0.51870472
92.69124643 23.82854585 20.04265826 0.31034264 0.05551045 0.86449036 0.25073496
74.65216783 27.31089896 15.24344744 0.22931281 0.06179735 1.40026562 0.35493103
92.97749759 21.81766698 17.07642517 0.31133213 0.05328848 1.29001162 0.15237090
85.92630073 22.34605551 17.95163342 0.31796388 0.06024667 1.29713649 0.29178325
72.60006766 29.41483419 15.16497924 0.23805676 0.05782013 1.62714048 0.12556472
83.75014298 23.10365291 17.13288128 0.30263201 0.05488029 0.95030873 0.09370798
80.44101125 26.40139509 16.68181062 0.24248942 0.06066496 1.54582720 0.41701283
31.29618915 2.96756634 1.77082128 0.02895807 0.09236071 0.28240473 0.28240473
48.51934671 7.18723994 3.70842650 0.07158538 0.15694755 0.71298367 0.71298367
90.45950965 22.06163306 17.80937231 0.31076144 0.06036526 1.19278138 0.12210204
87.05083617 22.27549948 17.89932018 0.31611536 0.05534503 1.37563334 0.26095334
87.11754431 22.38860816 18.29327650 0.31171730 0.06296573 1.07858954 0.20056632
97.29674449 22.89590827 19.78679472 0.33119079 0.06064333 0.77345788 0.18356806
90.74527976 23.62876203 20.14872815 0.32076677 0.05846383 1.00419165 0.22521558
22.97938567 0.92994949 0.83518089 0.00837398 0.06117270 0.07448464 0.07448464
27.95197329 2.14823346 1.39459700 0.02068113 0.07981990 0.19879933 0.19879933
76.90510354 28.75105208 16.28711544 0.22501831 0.05909276 1.52976976 0.50435782
38.32132000 4.68872340 2.56114850 0.04634527 0.11870495 0.45803300 0.45803300
99.07062914 24.80565928 19.85776059 0.33616272 0.05161396 0.93351453 0.28030395
90.19476996 22.05582120 17.54705601 0.31542705 0.05729325 1.36086684 0.33117062
100.63648166 20.97403170 19.57063304 0.31716167 0.07590542 1.22629066 0.15114905
28.31935780 2.23824266 1.43592775 0.02159041 0.08119759 0.20798395 0.20798395
86.42175887 22.45316587 17.49441261 0.31310941 0.06367804 0.84974880 0.34607889
28.65417339 2.32027248 1.47359451 0.02241908 0.08245315 0.21635433 0.21635433
87.00826416 23.58881661 18.44597114 0.32774614 0.05008777 0.82864178 0.11338020
60.58816838 30.73285556 14.80863679 0.24534897 0.05800852 1.63688711 0.16715832
86.80016812 23.42256050 17.51404968 0.30985859 0.05993464 0.85261550 0.41397407
101.63625325 20.94585275 19.84983643 0.30523048 0.06451731 1.11973987 0.08389892
82.63590259 27.44437377 16.01852151 0.22389652 0.05388810 1.59349417 0.56631277
87.21627566 24.75799167 18.15896669 0.30284136 0.06484419 1.27371552 0.40999923
89.25483984 22.15115749 16.96456080 0.30892664 0.05121588 1.24041322 0.08303416
39.97823885 5.09466852 2.74755187 0.05044614 0.12491840 0.49945597 0.49945597
46.07911483 6.58938313 3.43390042 0.06554581 0.14779668 0.65197787 0.65197787
