83.27775767 26.72762712 16.37242392 0.20867518 0.05313267 1.63374700 0.42425699
65.53043987 32.12449738 14.13937809 0.24595443 0.06380872 1.67634148 0.35576780
28.28107449 2.22886325 1.43162088 0.02149566 0.08105403 0.20702686 0.20702686
48.17067980 7.10181655 3.66920148 0.07072243 0.15564005 0.70426699 0.70426699
93.45790434 22.79638061 19.53904025 0.30179704 0.06498132 0.79812374 0.33294792
83.87831319 23.83867948 18.18059328 0.29060238 0.05125506 0.78225922 0.28020750
52.61766403 8.19132769 4.16948720 0.08172872 0.17231624 0.81544160 0.81544160
58.40775822 9.60990076 4.82087280 0.09605920 0.19402909 0.96019396 0.96019396
78.68127236 27.54785555 18.54017141 0.29941673 0.08029469 0.92126816 0.57748617
71.42974829 29.01504126 14.12764251 0.22421045 0.05376108 1.79533340 0.18539242
78.43175479 23.82126917 17.15189187 0.28651838 0.06028844 1.05209103 0.07636294
94.01434664 24.01834904 20.77679701 0.32820072 0.05369917 0.74508309 0.34531778
41.91683195 5.56962383 2.96564359 0.05524416 0.13218812 0.54792080 0.54792080
40.14132478 5.13462457 2.76589904 0.05084978 0.12552997 0.50353312 0.50353312
72.71135700 28.33909460 18.84532292 0.29417525 0.06657597 0.80890286 0.56611303
91.88208977 23.81163905 19.17152654 0.33043407 0.05137820 1.14337328 0.40813492
82.87240412 27.94449857 16.06296497 0.22519177 0.05208702 1.56235269 0.50254288
53.42524394 8.38918477 4.26033994 0.08372748 0.17534466 0.83563110 0.83563110
97.06793515 21.44944841 19.02002601 0.31907404 0.06382798 0.81609827 0.25325360
94.90903513 21.06157702 17.14892537 0.31225754 0.05082640 1.19806023 0.08057935
86.17834826 27.40692197 16.18201633 0.22693237 0.07097806 1.44737720 0.39279066
38.03488804 4.61854757 2.52892490 0.04563635 0.11763083 0.45087220 0.45087220
94.33536907 24.05256393 20.54733474 0.33143841 0.05832739 0.75490997 0.41841185
61.32157689 30.87476949 14.67910274 0.24224918 0.05392424 1.69102076 0.23373659
80.31569270 27.74904015 16.55945649 0.21351712 0.05209598 1.56106750 0.53634543
64.93460547 31.02609737 15.27658716 0.24402208 0.05387169 1.81323851 0.23245293
56.42812725 9.12489118 4.59816432 0.09115961 0.18660548 0.91070318 0.91070318
88.48193958 22.93121413 19.99648601 0.31841315 0.05288492 0.91786251 0.29395558
80.38448302 22.96427772 18.31800740 0.30221011 0.05758769 0.80900133 0.30654243
58.90497071 9.73171782 4.87680920 0.09728980 0.19589364 0.97262427 0.97262427
89.32017329 21.30760810 17.80182227 0.31280234 0.05899434 1.15913157 0.13268797
70.84336032 29.52772030 15.16647186 0.25215486 0.05481772 1.62456769 0.24472157
101.52771372 20.57136121 19.74995818 0.31079804 0.05863726 1.16530553 0.12097974
94.52365491 22.03100310 17.04053671 0.31437679 0.06223429 1.14079733 0.07471826
89.74412927 21.59171389 18.04324774 0.30746975 0.06469897 1.02269471 0.20353913
73.87834278 30.67539315 15.51258445 0.22926259 0.05334071 1.54047783 0.03027733
89.46647855 21.97544519 17.09792573 0.30604367 0.05602231 1.19147096 0.00760369
94.41051035 22.62779329 20.05908218 0.31572779 0.05531962 0.97450419 0.41322503
96.10856418 21.81163143 18.71451480 0.32291464 0.05124252 0.88945752 0.20274088
81.97699580 27.88773687 16.33522331 0.21465578 0.05637873 1.61332215 0.45507895
87.72131227 22.42352710 19.58167097 0.33583770 0.05585137 1.01121017 0.34172074
68.87557644 29.81717808 15.37041914 0.26548258 0.05332598 1.62083130 0.19930497
100.48200680 22.53376491 20.16829256 0.32098874 0.06282017 0.70364096 0.30373068
88.34734775 22.29817781 17.85781166 0.31300183 0.05632735 1.34079152 0.29356113
20.00693331 0.20169866 0.50078000 0.00101716 0.05002600 0.00017333 0.00017333
99.17139633 23.80935478 19.31660630 0.33076811 0.05526168 0.77013667 0.27152047
94.61136192 24.16605215 20.17336152 0.31598074 0.05825076 1.11802023 0.33787527
73.62324294 27.72726401 15.31750464 0.22852974 0.05596694 1.43525350 0.42990252
81.87634466 28.06732091 16.66690292 0.21963658 0.05453761 1.46695674 0.41670183
36.01559576 4.12382096 2.30175452 0.04063860 0.11005848 0.40038989 0.40038989
92.20353159 21.49626046 17.12747760 0.30933228 0.06059970 1.24555038 0.10447574
84.49034481 23.96122336 18.27071644 0.31045303 0.06920037 1.54680621 0.38545606
93.62033086 23.31143189 18.66230170 0.32234435 0.05115112 1.13213007 0.34806606
48.15948173 7.09907302 3.66794169 0.07069472 0.15559806 0.70398704 0.70398704
101.86884622 20.80989997 20.34541743 0.30594955 0.06234969 1.15226404 0.11501530
79.37645763 23.10168126 18.33843645 0.30393179 0.05493857 0.92053592 0.41808741
80.35641355 23.92280400 16.61136596 0.30981682 0.05253274 0.90288596 0.54365437
82.40974255 22.95746013 18.31311407 0.30294985 0.05572856 0.82542317 0.25801873
76.49909482 29.30676442 14.81246256 0.22637001 0.05954364 1.67930224 0.15196740
85.91132280 24.46696313 18.17467885 0.30020835 0.05678875 0.72292822 0.24054762
20.55227486 0.33530734 0.56213092 0.00236688 0.05207103 0.01380687 0.01380687
103.23497618 20.59046343 20.01196618 0.31204795 0.05824252 1.11845933 0.14740468
93.77511673 23.20450935 19.35060958 0.31731546 0.05175781 0.89044994 0.31093080
82.23007694 26.60226277 16.43037840 0.19578013 0.06386421 1.70168468 0.48230335
91.25287000 22.01006800 19.41040154 0.32332534 0.05860180 0.87920339 0.22598272
92.41900503 22.69741347 18.79639789 0.31336633 0.05918399 1.23217668 0.14143919
30.70976061 2.82389135 1.70484807 0.02750666 0.09016160 0.26774402 0.26774402
89.79620571 22.95298511 18.20414312 0.30392747 0.05066486 1.07629084 0.19809217
78.60997978 29.00198231 14.39968882 0.23913379 0.05141660 1.69166944 0.25785348
96.62080107 23.65107884 18.46179340 0.32818231 0.06418508 0.94168709 0.02739388
92.00835333 23.64501929 18.01865906 0.29202741 0.05186147 1.41631650 0.45823702
81.85863587 26.48545985 16.09979404 0.21312447 0.05888161 1.47224181 0.42675341
87.28845179 24.20616739 18.18600647 0.30983335 0.05559153 1.37631180 0.38825602
79.57167200 27.50781993 16.63021997 0.21757965 0.06504236 1.52389299 0.42555417
84.98504212 22.80197737 18.38584861 0.29923214 0.06237853 1.44334848 0.43363721
40.27792142 5.16809075 2.78126616 0.05118786 0.12604221 0.50694804 0.50694804
49.48822904 7.42461611 3.81742577 0.07398337 0.16058086 0.73720573 0.73720573
27.51275612 2.04062525 1.34518506 0.01959407 0.07817284 0.18781890 0.18781890
95.80961082 24.01746110 19.98588969 0.32624279 0.05660113 0.74330804 0.30169834
82.01665594 24.24303020 16.78541147 0.31049533 0.05608368 0.98490877 0.58076544
42.55515188 5.72601221 3.03745459 0.05682400 0.13458182 0.56387880 0.56387880
44.59156415 6.22493322 3.26655097 0.06186412 0.14221837 0.61478910 0.61478910
86.89181296 22.65281979 17.66306951 0.30337010 0.05613993 0.85008851 0.33628360
68.18678519 31.82569971 15.10450309 0.24711955 0.07252988 1.71129975 0.35907222
23.01731749 0.93924279 0.83944822 0.00846786 0.06131494 0.07543294 0.07543294
83.43281980 23.40552359 17.85763657 0.30916882 0.06440152 0.86409561 0.32229407
23.84673851 1.14245094 0.93275808 0.01052068 0.06442527 0.09616846 0.09616846
81.22931274 23.45518233 17.70948031 0.30652901 0.05121105 0.60782315 0.26635301
28.32281438 2.23908952 1.43631662 0.02159897 0.08121055 0.20807036 0.20807036
94.72505319 23.65868256 17.61112569 0.32147443 0.05564640 0.97189823 0.18310468
90.67533458 23.05584052 18.30741661 0.29415879 0.05621633 1.40831133 0.37705403
93.32149589 20.99443626 18.72265978 0.31750754 0.07249865 1.07634635 0.29373345
68.82333213 31.95349506 14.27490812 0.23707297 0.05945650 1.75298113 0.33161754
55.91620851 8.99947108 4.54057346 0.08989262 0.18468578 0.89790521 0.89790521
52.49612581 8.16155082 4.15581415 0.08142791 0.17186047 0.81240315 0.81240315
84.57180302 23.40797330 18.32823116 0.30132197 0.06045750 0.87745879 0.34498679
72.12508594 28.17674478 15.54061854 0.24037029 0.05999236 1.63816365 0.50673011
20.14461037 0.23542954 0.51626867 0.00135791 0.05054229 0.00361526 0.00361526
72.82870893 27.05716192 15.08244999 0.22503560 0.05433698 1.58446432 0.56348649
92.25137940 23.17913499 19.60447728 0.30852499 0.05771023 0.95798975 0.36089043
95.80964292 22.84028471 20.34192569 0.32443171 0.06587203 0.79091548 0.41107704
86.18618821 21.85355560 18.13295959 0.31743760 0.06980127 1.36742395 0.35642461
78.68086267 22.60942021 17.54253291 0.27966478 0.05195778 1.07737404 0.15937370
94.97958339 24.45287658 18.36598830 0.31862795 0.05521038 0.95469994 0.17121671
92.69558505 24.27633129 17.90174502 0.29287957 0.07115525 1.36132463 0.28135730
91.11650729 22.67751174 17.38906573 0.31254742 0.06936292 1.15006679 0.05175957
96.33679230 21.19032692 19.27801025 0.31908922 0.06102864 1.21515079 0.17462582
40.02111093 5.10517218 2.75237498 0.05055225 0.12507917 0.50052777 0.50052777
90.34820361 23.87008705 19.86486514 0.30687013 0.05377870 0.80645372 0.30544435
103.71838885 21.70258629 19.40429291 0.31272433 0.05435739 1.21168558 0.12792643
80.26425464 26.39353378 16.60785647 0.23732790 0.05376430 1.53053225 0.44120233
76.72283164 29.16388735 15.16199371 0.23880479 0.05286444 1.62074780 0.09293235
75.84176444 29.87296276 14.95420559 0.23140045 0.06020476 1.67319966 0.10058133
89.70423196 21.87723482 17.74703100 0.30494436 0.05776411 1.17878549 0.04034335
37.38618557 4.45961546 2.45594588 0.04403081 0.11519820 0.43465464 0.43465464
21.22162807 0.49929888 0.63743316 0.00402353 0.05458111 0.03054070 0.03054070
90.86897960 22.43900864 19.82847065 0.33499814 0.05400711 1.07229905 0.38086554
45.39570228 6.42194706 3.35701651 0.06385436 0.14523388 0.63489256 0.63489256
82.77799305 27.61506577 16.65909615 0.23602248 0.05807571 1.53590958 0.38760419
98.21110630 23.84552409 19.65803252 0.33489449 0.05889556 0.86129749 0.35749978
99.81034327 21.61765067 18.40543425 0.33343722 0.05133998 0.96561682 0.07709009
101.38994554 21.64442789 19.66017368 0.31871809 0.06278453 1.15962840 0.11635969
28.80930895 2.35828069 1.49104726 0.02280304 0.08303491 0.22023272 0.22023272
79.07530504 28.11754324 16.38929473 0.21764363 0.05686835 1.47135236 0.48219091
91.64968992 21.22694849 18.63163000 0.32195029 0.05825184 0.99941109 0.18135401
53.81789544 8.48538438 4.30451324 0.08469929 0.17681711 0.84544739 0.84544739
55.28017464 8.84364279 4.46901965 0.08831843 0.18230065 0.88200437 0.88200437
74.83570209 29.28242228 14.21916782 0.24363659 0.05761503 1.72366223 0.23220760
