80.93797889 26.08441960 13.70616280 0.28290489 0.05534332 1.70258874 0.25760420
97.86269808 24.39088664 19.80554784 0.30717023 0.05497854 0.54077915 0.37315482
41.15081222 5.38194899 2.87946637 0.05334826 0.12931555 0.52877031 0.52877031
96.61807082 24.16743948 19.30172719 0.30977337 0.05116849 0.39317348 0.41433820
59.14485641 9.79048982 4.90379635 0.09788352 0.19679321 0.97862141 0.97862141
93.95802988 23.02886205 18.47581968 0.29999189 0.05654089 0.58140030 0.45436309
89.10768465 23.26008786 17.65347361 0.27922556 0.05088984 0.84669830 0.33574736
47.63878265 6.97150175 3.60936305 0.06940599 0.15364543 0.69096957 0.69096957
39.25846692 4.91832440 2.66657753 0.04866471 0.12221925 0.48146167 0.48146167
97.32584553 23.01857500 19.12585025 0.31318498 0.05014441 0.42243890 0.43817374
45.04703365 6.33652324 3.31779129 0.06299141 0.14392638 0.62617584 0.62617584
82.80479122 25.56975208 17.60743866 0.28499287 0.05540306 0.87660798 0.48163869
87.79311608 23.22328075 17.78879790 0.30423801 0.05445425 0.88524398 0.48838209
86.59895508 23.88212609 17.88717501 0.28197706 0.05479488 0.96406531 0.40812156
78.03737164 24.73930548 17.66765435 0.29111742 0.05890302 0.65243855 0.73815355
32.31752391 3.21779336 1.88572144 0.03148587 0.09619071 0.30793810 0.30793810
82.84696570 24.06106742 17.46689950 0.28584929 0.05210902 0.56118755 0.57091160
59.11958285 9.78429780 4.90095307 0.09782097 0.19669844 0.97798957 0.97798957
92.88686900 24.48954045 18.91253924 0.30263037 0.05109525 0.49143608 0.33202498
81.54783065 25.60224124 18.24745804 0.28548392 0.05395909 0.58206460 0.58016178
101.88930351 16.02383147 18.22066060 0.21616528 0.06846510 1.85058369 0.36418833
98.03167419 23.24225661 19.89042019 0.32222771 0.05081773 0.62295938 0.31958732
98.37747953 24.60770580 18.81209412 0.29659152 0.05342402 0.69213319 0.34945756
24.43464329 1.28648761 0.99889737 0.01197574 0.06662991 0.11086608 0.11086608
56.88955344 9.23794059 4.65007476 0.09230164 0.18833583 0.92223884 0.92223884
20.39824512 0.29757005 0.54480258 0.00198566 0.05149342 0.00995613 0.00995613
86.50139022 27.43538888 17.73631377 0.28730768 0.06820914 0.71428467 0.59534482
77.36360249 26.18704644 13.73991421 0.25877561 0.06939524 1.59304960 0.37449632
98.44729242 23.86109302 20.10078150 0.30671675 0.06268932 0.64393326 0.50986122
86.93247451 26.11896017 17.95881744 0.28781857 0.06203549 0.90038851 0.38890238
82.30148693 27.05187955 17.94582401 0.29389719 0.06351612 0.51676043 0.53372990
89.10199805 21.69558084 18.04214867 0.30787129 0.05521700 0.63300542 0.24909259
94.27703066 23.60812558 19.09728340 0.31171774 0.05674037 0.47196072 0.37020203
30.81163794 2.84885129 1.71630927 0.02775880 0.09054364 0.27029095 0.27029095
55.67259084 8.93978475 4.51316647 0.08928966 0.18377222 0.89181477 0.89181477
80.07515323 22.95630916 19.02197330 0.31249703 0.07682807 0.59796803 0.42671872
47.86564055 7.02708194 3.63488456 0.06996746 0.15449615 0.69664101 0.69664101
44.17990816 6.12407750 3.22023967 0.06084527 0.14067466 0.60449770 0.60449770
26.74145679 1.85165691 1.25841389 0.01768511 0.07528046 0.16853642 0.16853642
88.94436666 22.37368348 18.42228883 0.31436153 0.06692613 0.62937504 0.30157002
74.70385694 24.27139434 17.34061968 0.28973998 0.05136442 0.58350865 0.64958739
95.62167590 23.78635132 19.19372218 0.29711430 0.05525971 0.65731748 0.35752088
107.79382495 15.71581289 18.69988562 0.22230816 0.05886608 1.67000352 0.15099432
44.24201120 6.13929274 3.22722626 0.06099898 0.14090754 0.60605028 0.60605028
84.18434093 23.32069072 18.86405267 0.31302226 0.06043707 0.60904891 0.50912290
59.94942727 9.98760968 4.99431057 0.09987483 0.19981035 0.99873568 0.99873568
20.75507582 0.38499358 0.58494603 0.00286881 0.05283153 0.01887690 0.01887690
71.96721015 29.10320735 14.26896335 0.24343782 0.05877883 1.48578269 0.38027763
85.04815471 24.99530873 17.31909268 0.28496513 0.06238916 0.88007704 0.40376021
79.19316512 25.41894741 13.83505091 0.26078427 0.06100413 1.64672795 0.41178198
95.97872637 23.92821406 18.79671909 0.29916783 0.06530574 0.68170395 0.39063227
49.76583953 7.49263069 3.84865695 0.07467045 0.16162190 0.74414599 0.74414599
75.97389786 28.02950115 13.75554688 0.26105738 0.05299844 1.67525214 0.34745128
87.00090240 21.77723201 17.94395946 0.30384366 0.05112494 0.63705685 0.25401171
103.66118083 24.27223877 19.24723897 0.31174423 0.06247730 0.66698768 0.40764430
55.78656559 8.96770857 4.52598863 0.08957175 0.18419962 0.89466414 0.89466414
35.72917174 4.05364708 2.26953182 0.03992970 0.10898439 0.39322929 0.39322929
68.72528595 30.28161140 15.92506877 0.16610532 0.08102121 1.64386937 0.99916093
95.12859656 23.21086124 18.92434613 0.30465608 0.06457666 0.61095709 0.41226755
82.78388660 23.22195123 18.41580325 0.31110299 0.05983835 0.62634294 0.44412193
81.37089741 27.57781457 17.91482357 0.29391193 0.06455639 0.70052030 0.56702897
85.52333913 24.84012741 17.91535988 0.28931537 0.05583887 0.91479300 0.32427467
48.49663827 7.18167638 3.70587181 0.07152918 0.15686239 0.71241596 0.71241596
74.06059783 28.82024152 14.14515877 0.24435602 0.05207100 1.46684701 0.27526028
87.87049049 25.03113774 17.76340951 0.29131296 0.05411167 0.96359834 0.33589077
80.48579889 25.23121726 13.78002768 0.25458670 0.05636340 1.62005029 0.25099829
44.35807244 6.16772775 3.24028315 0.06128623 0.14134277 0.60895181 0.60895181
102.81421552 23.64974864 18.99493751 0.29422878 0.05934792 0.58838408 0.35175810
21.60257906 0.59263187 0.68029014 0.00496638 0.05600967 0.04006448 0.04006448
78.28107862 25.14458602 18.62613900 0.28010662 0.05201176 0.76175188 0.54850393
79.55599788 25.75918937 14.19604884 0.26509806 0.06244660 1.65724440 0.34621723
64.19140597 32.18620611 14.59911021 0.16902476 0.06076930 1.88619975 1.06096209
99.48949839 23.05033832 19.74183814 0.29805455 0.06014066 0.52086318 0.33155748
75.57310884 25.25545269 14.01296871 0.26075912 0.06390723 1.78459250 0.37325060
83.20900070 26.61076576 17.82314282 0.30071763 0.06082523 0.67966213 0.56447396
31.17397001 2.93762265 1.75707163 0.02865558 0.09190239 0.27934925 0.27934925
86.94222130 24.13951794 18.29494784 0.31558735 0.05950837 0.63044969 0.42878793
26.63422073 1.82538408 1.24634983 0.01741970 0.07487833 0.16585552 0.16585552
102.32032770 22.18281628 20.06494763 0.31937346 0.06967936 0.67215379 0.41768477
89.33597837 22.82402252 18.00072245 0.27083324 0.05052405 0.81085172 0.38083268
78.37456974 23.10499167 17.90311407 0.29249991 0.06364558 0.66595854 0.67420341
84.22343525 23.81556714 14.37437999 0.26982326 0.07691518 1.74538321 0.15566759
99.86551797 15.91404401 17.86893644 0.21793762 0.06618536 1.77918193 0.21645819
89.44154637 21.23338274 18.25822540 0.30223853 0.05746360 0.52490445 0.30214959
51.85999163 8.00569795 4.08424906 0.07985348 0.16947497 0.79649979 0.79649979
52.92038785 8.26549502 4.20354363 0.08247796 0.17345145 0.82300970 0.82300970
84.01865184 22.94319025 18.44898872 0.31139629 0.05033851 0.59541884 0.44514390
29.02342027 2.41073797 1.51513478 0.02333297 0.08383783 0.22558551 0.22558551
98.05712711 22.76807706 20.29851383 0.32315618 0.05428370 0.72126184 0.44736021
77.22637422 24.04316896 17.85157290 0.29839555 0.05065022 0.45910900 0.31948008
80.65224569 24.30887530 18.07721657 0.28299275 0.06481826 0.58755947 0.40906913
61.85187543 30.53148462 14.33868286 0.13848327 0.05072988 1.91913644 0.84546315
25.65475302 1.58541449 1.13615971 0.01499551 0.07120532 0.14136883 0.14136883
60.51792361 30.55059208 14.17929126 0.15467820 0.05027503 1.87705954 0.84900368
63.82541034 29.58173841 16.26188109 0.16316581 0.05399431 1.68796077 0.96042388
97.57357414 22.18713852 19.73057979 0.31529225 0.05947530 0.67265411 0.45358333
57.99302144 9.50829025 4.77421491 0.09503273 0.19247383 0.94982554 0.94982554
83.88374579 25.54244363 13.93370884 0.26978938 0.05675399 1.54873894 0.41630946
56.83653774 9.22495175 4.64411050 0.09217043 0.18813702 0.92091344 0.92091344
109.15174918 17.34715542 18.18366533 0.23868032 0.06541452 1.70458591 0.24408877
49.71191757 7.47941981 3.84259073 0.07453700 0.16141969 0.74279794 0.74279794
82.36771827 25.86550314 14.24296353 0.27065785 0.05031243 1.67679765 0.32402332
98.30005785 22.18247281 20.11663807 0.33004432 0.06365386 0.68258334 0.47485022
48.63291302 7.21506369 3.72120271 0.07186646 0.15737342 0.71582283 0.71582283
87.02768455 21.78650387 18.22793213 0.30443622 0.05295367 0.68165725 0.27986055
34.26016982 3.69374161 2.10426910 0.03629392 0.10347564 0.35650425 0.35650425
93.50038222 24.05293952 19.13744095 0.30229238 0.05150741 0.77520588 0.32585794
70.10456278 29.07848829 14.63470058 0.23885153 0.05829598 1.42267657 0.25091737
91.96170040 23.70084051 18.19844871 0.31615758 0.05254439 0.62941815 0.29431874
66.37016983 29.73779626 15.73996210 0.16595204 0.05836469 1.61699891 1.11297491
53.71987860 8.46137026 4.29348634 0.08445670 0.17644954 0.84299696 0.84299696
21.74541657 0.62762706 0.69635936 0.00531991 0.05654531 0.04363541 0.04363541
52.23071003 8.09652396 4.12595488 0.08077101 0.17086516 0.80576775 0.80576775
56.44078133 9.12799143 4.59958790 0.09119093 0.18665293 0.91101953 0.91101953
70.69894536 28.67853459 14.11301968 0.25845459 0.06419725 1.75017278 0.32305337
64.39162214 29.97686014 15.53156440 0.15642701 0.06557568 1.62234857 1.02670077
80.52501913 26.27908830 14.20705718 0.26558470 0.05390802 1.73638863 0.34471897
79.17845116 24.57620180 17.51190668 0.28504766 0.06631604 0.66907813 0.58374748
90.22645704 22.81044474 18.24411392 0.32092902 0.05505507 0.71904200 0.26718078
83.48700521 23.79962694 17.55802979 0.28802043 0.07100485 0.61191950 0.63821242
101.38983915 22.77501182 19.67269265 0.30094535 0.05734775 0.65413759 0.34915939
86.78244050 24.15410363 18.60269808 0.30573059 0.05191038 0.61431607 0.35413971
87.14098673 20.24826073 17.77887618 0.31227900 0.06854275 0.66594352 0.31366603
78.96289340 23.67560085 17.36117102 0.27300742 0.06735729 0.73893932 0.62527636
94.73938300 21.59223689 18.81671952 0.30423223 0.05724075 0.56451672 0.31412409
90.52933684 20.97812245 18.18769091 0.30871703 0.07008418 0.47395274 0.14581130
44.64710576 6.23854091 3.27279940 0.06200159 0.14242665 0.61617764 0.61617764
76.29466376 28.13041181 14.08249273 0.23607427 0.05711691 1.40260754 0.35963613
