56.93761625 7.75828889 4.29023655 0.08270450 0.11336684 0.16587081 0.07260572
57.66386833 8.45189797 4.13472146 0.06061680 0.05395883 0.55115019 0.33131801
27.90292277 1.50860646 3.39778970 0.05273622 0.13603876 0.27897793 0.04170399
41.18846349 4.63770770 3.00648615 0.06696743 0.07643222 0.19218621 0.97298075
52.97703559 9.48184381 1.17185339 0.04610366 0.18893447 0.14221705 0.03509847
45.88590881 9.68341098 4.66597768 0.08064753 0.06893056 0.58503199 0.00254200
53.71462373 8.49820368 4.01927703 0.08216604 0.06706344 0.26424427 0.35593190
50.50767439 8.83238226 4.44946480 0.06648453 0.06338926 0.69272332 0.10960898
45.74546027 9.72884417 4.79098791 0.06645819 0.05245606 0.76527894 0.20998232
55.15886945 9.51478167 4.63419986 0.05458178 0.08227858 0.52441708 0.38834732
56.84633872 9.68771682 4.71201236 0.06368842 0.05716786 0.55411984 0.26970223
56.09956514 9.77505502 4.92129153 0.08353994 0.06523572 0.67022011 0.14789570
56.47819524 9.41829348 3.58453883 0.06963313 0.06349650 0.60579561 0.22280367
30.58373247 2.23316326 4.87106428 0.07755818 0.18562170 0.11527292 0.20265020
23.06625127 9.35533479 1.87813919 0.03284557 0.09442113 0.68459403 0.76872110
35.14787463 9.34469602 2.76446145 0.04934316 0.14800200 0.21507344 0.64442107
47.49112745 8.96396100 4.80637663 0.07300957 0.05107354 0.84480124 0.20524187
49.66093068 9.50139582 4.49014278 0.06605066 0.05127290 0.56823024 0.41232282
57.00660485 7.66664073 4.26500911 0.08165811 0.05849907 0.67731574 0.15175154
26.78754684 3.43204141 2.56780098 0.08056785 0.08318979 0.04654707 0.94829045
25.50751214 9.12203650 2.16069704 0.06691994 0.15634239 0.48469634 0.38462632
54.47640425 9.03634456 4.07821400 0.07682012 0.06216299 0.34496561 0.23135196
52.89248852 9.60450972 4.27728695 0.06912884 0.07421719 0.20820452 0.33203450
59.19357093 9.41032846 3.33145489 0.06984196 0.05260317 0.47821172 0.44727764
54.51136332 7.59479763 4.34884235 0.07270171 0.05194750 0.21956982 0.35761948
36.48546422 3.21770614 1.16463838 0.02330269 0.10668004 0.83299843 0.64043720
55.02706886 8.51014726 4.51012315 0.06713431 0.05857317 0.66494598 0.22216626
55.32008913 9.31165656 4.14688420 0.04863017 0.05069064 0.48946899 0.39865489
59.37798959 8.30762656 3.66511585 0.05572963 0.06141173 0.61346834 0.30854880
56.58580451 8.84112719 4.85192552 0.07026665 0.06332018 0.54586839 0.20549544
53.41886430 9.85270712 4.42522332 0.06681930 0.05524439 0.62613741 0.14669895
44.20663765 8.79145528 3.63606589 0.00854176 0.17797987 0.67381986 0.18032680
22.67704828 6.85452736 4.48387981 0.02580370 0.10869461 0.90616035 0.21789030
45.87790413 9.93337632 4.42473392 0.08593446 0.06660406 0.72203846 0.13189848
57.25659801 8.51001926 4.84368438 0.08780204 0.06901863 0.72767909 0.16838830
52.71650255 9.91799760 4.57498267 0.06854645 0.07031497 0.21719869 0.36878025
57.05525836 9.78969394 3.94610315 0.06058321 0.05103578 0.46071190 0.39248057
48.78580356 6.22257852 4.36440950 0.09489011 0.08222491 0.25672361 0.08393627
50.78767554 9.97138803 4.95278991 0.05812270 0.05682290 0.74941601 0.19761910
35.61502976 8.60757466 1.11562317 0.08436928 0.14983836 0.31666509 0.23464985
44.27657614 0.48215176 2.17203400 0.09476095 0.16867089 0.60245266 0.79367971
52.03988727 9.53863366 4.10456380 0.06418065 0.07522248 0.20352829 0.25714481
55.18406516 7.43005322 3.88851444 0.07619498 0.05899909 0.81661975 0.16222602
42.00609355 1.05725805 1.85605312 0.05046492 0.11901331 0.85907043 0.96572524
51.44157122 9.54885359 3.92111858 0.06583432 0.06423524 0.64757928 0.46244652
52.26451460 8.45910344 4.65490647 0.04320228 0.07284951 0.52939217 0.32949915
56.70986637 9.22859946 4.81774991 0.08013533 0.05606036 0.58905459 0.20366127
38.00567806 1.97258149 4.51681454 0.04864785 0.19517432 0.00682497 0.02392894
58.41116643 9.06157885 4.05823561 0.07190848 0.05753839 0.46413919 0.45972214
58.02577821 9.21309655 3.92968207 0.05255557 0.12409751 0.98004992 0.61784531
59.55285552 9.25894581 4.88348764 0.06270647 0.05162618 0.58824997 0.18268030
50.51552608 9.19567304 4.57594878 0.07688799 0.05303992 0.73844134 0.10701325
30.82875769 4.43209993 4.52965385 0.04532006 0.09435061 0.47833606 0.90789471
56.60754040 8.51695808 4.36165031 0.06034665 0.06935951 0.58983941 0.27362277
55.35154808 8.96355454 4.58386587 0.06750118 0.05552834 0.85032460 0.12177234
55.62236861 7.84453444 4.48079214 0.08162889 0.05383963 0.65889473 0.20311249
58.50345123 9.32088055 4.52616321 0.06805013 0.05590948 0.63992514 0.30213611
23.26480174 2.38437258 0.51528103 0.04881386 0.09723118 0.67023303 0.54252747
59.71951966 8.83177773 4.27171937 0.07925397 0.09174727 0.75478231 0.09495177
21.69449163 8.07070381 4.83894299 0.09278185 0.17572989 0.83418994 0.23947274
33.38575401 1.72946975 1.07830284 0.00962336 0.06280342 0.18847888 0.87675405
33.85127274 3.63846602 3.81164310 0.03790109 0.09523492 0.91444744 0.54083609
53.59823907 6.59743585 1.97754538 0.01194531 0.06828119 0.68011435 0.74698311
33.49390738 4.06600278 0.65849792 0.04083460 0.05083811 0.15065622 0.82978675
38.13942807 0.81091423 1.25629136 0.05510286 0.07161920 0.09791328 0.59474221
30.15210950 0.43828526 2.18245415 0.05567493 0.09285683 0.67481633 0.26521812
54.13885160 8.34300346 4.03882646 0.08331342 0.06761208 0.82004095 0.18423411
58.34643060 8.43184599 4.26018368 0.07349778 0.06031230 0.58878562 0.19540781
55.74725648 2.42558385 2.02074007 0.04752091 0.17885825 0.23675483 0.50504500
52.68204111 8.35785398 4.43519027 0.07636404 0.07589272 0.52670452 0.17812060
59.54072690 8.95347568 4.71076341 0.07684720 0.06965341 0.58043844 0.23738939
53.53836594 8.10061347 3.41819891 0.07921147 0.06177462 0.33781293 0.34975848
51.73546267 9.47696692 4.68218706 0.05577899 0.05090664 0.61757235 0.02500527
55.91840696 9.82481055 3.65949585 0.08692645 0.05646952 0.29851976 0.35280090
57.46029436 8.23002477 4.56920822 0.08959762 0.05959523 0.68728893 0.30758979
56.85772592 8.62134231 4.06196140 0.05931453 0.08874741 0.67242114 0.86385535
29.15292684 8.27862794 1.18631818 0.00216391 0.10755244 0.01285366 0.64614161
55.31735186 7.98324719 4.45010289 0.08084026 0.06091701 0.72369947 0.13034244
55.89526319 9.52055643 4.73340814 0.06972961 0.05870572 0.56084736 0.17173269
31.60898790 7.95503824 0.97866620 0.09539090 0.08989948 0.06176420 0.19261646
32.86786221 9.42340376 3.34293631 0.08621862 0.11664659 0.46465589 0.47576110
57.98016971 8.51702838 4.21191795 0.07232782 0.06939784 0.37139232 0.32536062
49.92047491 9.94399375 3.66116847 0.06950721 0.09162132 0.63575901 0.40615014
50.30039431 3.51680741 2.70995145 0.03998719 0.18563675 0.75796845 0.80199271
24.50213682 0.58416140 4.31789246 0.08436621 0.10575102 0.94864455 0.82457199
55.50488163 9.99421538 4.62580264 0.07291803 0.05673694 0.79669517 0.26678189
31.22314041 9.15431480 1.47645011 0.02451227 0.14947979 0.09041378 0.69329247
52.26757744 8.44000738 4.54933623 0.06093755 0.06425800 0.49825064 0.42983978
24.86715670 8.23286975 0.63776083 0.08969186 0.09443493 0.16063080 0.30259637
46.57566165 9.31264932 4.91523396 0.07768979 0.05754498 0.58237217 0.10513010
55.24520145 7.51444024 4.51671692 0.07362893 0.06939267 0.71575793 0.17217098
57.08239268 8.74834347 4.72413894 0.06383180 0.05751581 0.71952192 0.14055677
52.88604043 9.50042741 4.15364120 0.07450984 0.05911582 0.35526933 0.21336725
54.28780502 8.88399433 4.29457956 0.07530098 0.05454814 0.95991680 0.23987292
56.79704741 7.35674496 4.90116901 0.08432942 0.07244915 0.51825284 0.10186831
54.20700597 8.75384317 3.85385404 0.07619101 0.06902570 0.79781361 0.20034491
29.56951449 2.47157258 3.57864709 0.03864303 0.09550614 0.91171177 0.32170210
36.60010668 5.09802203 4.09845626 0.05540968 0.07592866 0.64789411 0.82393763
51.78040451 9.87564415 4.61495133 0.07419897 0.06216581 0.87369230 0.13943981
52.45394841 9.04815187 4.63302422 0.06096233 0.06111024 0.65528851 0.20264832
57.36341234 9.85401859 4.74676208 0.08497741 0.06107606 0.89935886 0.24002642
57.62425522 8.35262243 3.60187426 0.05484882 0.06536133 0.56869835 0.29360102
55.11933426 8.05113867 4.67412057 0.08986414 0.05497963 0.79000992 0.11016054
30.60001870 5.98683199 2.32598948 0.08238661 0.12875274 0.86563557 0.76514252
55.48884156 8.89278170 3.91636988 0.06629328 0.05775786 0.37543531 0.36236055
20.01720459 3.80734435 1.82000680 0.01063204 0.09450645 0.42256937 0.74506122
21.02238903 1.96799190 0.90984308 0.05185923 0.06612189 0.25307714 0.03742736
39.83861485 3.11137229 3.69979204 0.04248920 0.09065244 0.06644624 0.82763830
51.21490818 6.19915913 3.34482064 0.07733509 0.16457479 0.29207202 0.64962353
57.04302708 9.83794898 3.96944478 0.07132165 0.06201373 0.24611141 0.19451076
56.37950314 9.38047089 4.16579417 0.07789905 0.05304884 0.98234500 0.19938696
52.45720090 7.58233859 3.38420940 0.00741344 0.17979509 0.68818271 0.80347758
50.12670180 6.86244045 2.37136059 0.05231534 0.13382782 0.66765091 0.98431850
54.25037053 9.51182174 3.81137380 0.08729431 0.06264865 0.23168879 0.48410328
54.46365582 8.67166058 4.04010972 0.07265884 0.08078815 0.76586168 0.16125546
59.38476319 0.52840942 0.62940652 0.04568517 0.18866722 0.03628116 0.02663397
59.26933705 8.25997620 3.80388349 0.09902638 0.05249577 0.47165789 0.40156769
51.63188000 8.91172523 3.90794937 0.06330911 0.05855245 0.61154250 0.45477379
51.65511303 9.88206560 4.65894635 0.08331232 0.07229211 0.75863965 0.01056867
47.07544561 4.37528329 2.00135681 0.03606856 0.07395692 0.02055401 0.05828789
45.71924003 5.16569963 0.72887599 0.09068901 0.09624129 0.66262406 0.12586330
56.08434276 8.90706655 4.12173526 0.06178097 0.06396652 0.53059070 0.41830711
54.58340711 9.13221557 4.03243154 0.06411497 0.06094543 0.49916102 0.38631139
56.17320528 9.58447734 4.87736946 0.05406476 0.07677801 0.87850461 0.17586189
48.84660070 9.03270258 4.88071823 0.06055902 0.06255582 0.67517964 0.27115845
54.42731523 9.34801273 4.74212944 0.07405850 0.05950073 0.77453383 0.06512856
58.87301275 9.51081483 4.34280072 0.07176583 0.05708922 0.83184823 0.26120264
36.66998823 2.72816817 3.82927709 0.03493102 0.12004930 0.37465629 0.46383017
