55.07114189 8.79242976 4.44550346 0.08780108 0.18151678 0.87677855 0.87677855
58.68564702 32.55552105 13.82983384 0.04011904 0.06857391 1.40180254 0.98793946
94.45813263 26.18772755 12.47456986 0.14077162 0.05835370 1.35053274 1.41905198
81.06084727 27.36551585 13.22186488 0.12051847 0.06276792 1.12761773 1.30232975
67.72003447 27.60609686 13.13446483 0.09059657 0.06321639 1.10737098 1.25252565
29.35911609 2.49298344 1.55290056 0.02416381 0.08509669 0.23397790 0.23397790
120.87696232 13.13168056 15.54437074 0.15354471 0.06037154 0.83114584 0.17409272
87.49257611 27.59961487 13.13125999 0.12797310 0.05493498 1.31810475 1.24362067
108.71702854 17.34859083 12.84424924 0.18244984 0.05256030 1.18882818 0.11796498
59.74777066 9.93820381 4.97162420 0.09937573 0.19905414 0.99369427 0.99369427
75.12918977 29.95996957 12.04517878 0.09879218 0.06195174 1.11615821 1.08808706
57.75044784 9.44885972 4.74692538 0.09443236 0.19156418 0.94376120 0.94376120
23.07328538 0.95295492 0.84574461 0.00860638 0.06152482 0.07683213 0.07683213
129.93534162 18.56221084 15.68111095 0.16492198 0.05165885 0.74619977 0.26390079
32.35189995 3.22621549 1.88958874 0.03157095 0.09631962 0.30879750 0.30879750
81.61538838 27.74938563 12.94273982 0.13330635 0.05353479 1.15175812 1.20331871
70.85358557 28.99941196 12.52527751 0.08994031 0.05146555 0.97221706 1.15261252
101.25114383 20.14564979 12.92598315 0.17666712 0.05564159 0.84266979 0.73381321
51.42841948 7.89996277 4.03569719 0.07878534 0.16785657 0.78571049 0.78571049
65.94407086 28.63046927 13.21213433 0.08218792 0.06009793 1.21584467 1.19578725
69.17369896 30.53314118 12.89699149 0.11080846 0.05112053 0.98479992 1.14959921
118.20657959 15.21517749 17.27250072 0.17962143 0.05589592 0.48377592 0.53307334
72.58709277 28.34237650 11.94983046 0.10242653 0.05297252 1.16897336 1.21629287
113.00928716 17.81450441 12.70914660 0.17781856 0.05298830 1.18458107 0.18636612
80.82464008 27.59114337 13.70637581 0.13517244 0.05820074 1.28792805 1.26005431
52.83244049 8.24394792 4.19364956 0.08226029 0.17312165 0.82081101 0.82081101
86.45526598 27.15474753 13.56816377 0.12755401 0.06756729 1.33226996 1.33688926
49.21162752 7.35684874 3.78630810 0.07329878 0.15954360 0.73029069 0.73029069
40.32513276 5.17965753 2.78657744 0.05130470 0.12621925 0.50812832 0.50812832
75.36209003 28.52488469 12.44384058 0.10111986 0.05487917 1.10113841 1.06563902
90.97557439 25.14448955 12.08520959 0.13864205 0.06277182 1.35840110 1.41955432
123.39965390 15.84543235 16.61385995 0.15987608 0.05114562 0.58318957 0.27990896
29.98581282 2.64652414 1.62340394 0.02571489 0.08744680 0.24964532 0.24964532
74.18202728 29.89136474 12.58137549 0.10817081 0.05763286 1.14290802 1.04899527
67.04223689 30.12201810 13.04079532 0.08985988 0.06292573 1.28226419 1.27363225
63.44580266 32.08496134 13.55294242 0.07856081 0.05303506 1.55347058 1.16625723
77.99595899 20.26315208 12.30540700 0.21062605 0.05751567 1.10694192 0.49452573
114.14298426 15.95976842 17.31473313 0.16994724 0.05263007 0.51351328 0.55951774
86.40058099 28.20815221 13.60201566 0.13293010 0.05605346 1.22237612 1.17839846
61.20146217 31.89311441 13.67969407 0.03955219 0.05030308 1.46222997 0.91412433
83.62855534 21.66776057 12.30273926 0.20531135 0.05416527 1.15812082 0.71620755
74.96835162 28.67204439 12.54831021 0.10264874 0.05888679 1.12900196 1.03800331
117.90028201 13.89359134 15.35446873 0.15567971 0.07085294 0.89698431 0.22889031
69.95737621 30.34020978 13.11665166 0.08212124 0.05303523 1.31281952 1.20078349
57.80394660 9.46196692 4.75294399 0.09456477 0.19176480 0.94509866 0.94509866
116.51174841 12.98918148 15.69116894 0.15598826 0.05988540 1.00705222 0.16332424
129.34987848 14.43815500 15.93660096 0.18658662 0.05720634 0.56356445 0.25867644
41.75411173 5.52975737 2.94733757 0.05484143 0.13157792 0.54385279 0.54385279
130.75129905 15.23478226 15.85508931 0.18504408 0.05302156 0.50887559 0.23655065
113.02605247 17.80397098 16.47027089 0.16480502 0.05270958 0.55938044 0.24095827
135.16711073 15.52891306 15.99986085 0.18211223 0.05805467 0.52152165 0.30294232
95.97439976 25.48852553 11.96693445 0.14084359 0.05669256 1.40159252 1.40432043
63.68832267 31.95917238 13.79645866 0.04059739 0.05845175 1.38748826 1.00884486
114.90724961 18.09348491 16.36874521 0.15540435 0.05955532 0.44141171 0.19033220
70.43904461 28.89208801 13.50829334 0.08299919 0.05811597 1.09479881 1.19911540
134.43798872 16.01207194 15.56589774 0.17445034 0.06003907 0.51893612 0.24848330
81.05677416 26.43172380 13.15554200 0.12855301 0.06357975 1.24705442 1.24772819
68.74249607 28.35287117 13.52543191 0.08635064 0.05989292 1.17905683 1.35147287
61.48114288 32.01414245 14.06941127 0.05481320 0.05840057 1.45762034 1.23368730
108.13663484 18.53188459 12.95468286 0.18219378 0.05414064 1.21802327 0.18382900
59.51920396 9.88220497 4.94591045 0.09881003 0.19819701 0.98798010 0.98798010
122.77770904 13.56399907 16.01052186 0.15081789 0.05747349 0.97952464 0.20766663
39.53592003 4.98630041 2.69779100 0.04935140 0.12325970 0.48839800 0.48839800
42.23921891 5.64860863 3.00191213 0.05604207 0.13339707 0.55598047 0.55598047
116.09118774 18.89586567 16.03535818 0.14907275 0.07040009 0.48826312 0.31720348
82.48446286 27.14440160 14.41339756 0.14184319 0.05002110 1.26994042 1.21752973
51.62282151 7.94759127 4.05756742 0.07926648 0.16858558 0.79057054 0.79057054
118.03752106 15.40999106 17.10355674 0.17882002 0.06840431 0.53345424 0.48258952
35.48434997 3.99366574 2.24198937 0.03932377 0.10806631 0.38710875 0.38710875
84.57878294 29.18545549 12.94867147 0.11572330 0.05584920 1.41720452 1.15714282
76.47756802 28.27797646 12.96200739 0.10640815 0.05339624 1.20669117 1.03835988
69.04268748 30.28005194 13.17925461 0.09332575 0.05105799 1.44569206 1.10970915
85.14072705 21.76771186 12.41623098 0.19938947 0.05701608 1.26382864 0.70815066
47.34412491 6.89931060 3.57621405 0.06867671 0.15254047 0.68360312 0.68360312
27.02529128 1.92119636 1.29034527 0.01838760 0.07634484 0.17563228 0.17563228
82.21475620 21.73740160 12.69003700 0.20233251 0.05156712 1.11935145 0.50582805
56.03302805 9.02809187 4.55371566 0.09018174 0.18512386 0.90082570 0.90082570
119.83887484 12.72076693 15.82909212 0.15433642 0.06133395 0.96929706 0.18381894
59.10010442 9.77952558 4.89876175 0.09777276 0.19662539 0.97750261 0.97750261
119.82456528 15.47336056 15.71144304 0.18243258 0.06058809 0.86132003 0.38815184
33.82548733 3.58724440 2.05536732 0.03521808 0.10184558 0.34563718 0.34563718
29.76284049 2.59189592 1.59831956 0.02516303 0.08661065 0.24407101 0.24407101
54.29088094 8.60126583 4.35772411 0.08586993 0.17859080 0.85727202 0.85727202
44.04216618 6.09033072 3.20474370 0.06050436 0.14015812 0.60105415 0.60105415
69.85561418 30.55733209 13.21684539 0.08279990 0.05110769 1.45729648 1.11633505
83.46959717 28.22510370 13.15387828 0.12031574 0.05985823 1.44211104 1.13530127
72.57332606 30.14763469 13.50362662 0.09524043 0.06089734 1.40862634 1.22328721
70.02258292 30.61753381 12.85587186 0.08698895 0.05535277 1.30491076 1.17443933
114.63797206 17.95847644 16.21626573 0.15570042 0.05655610 0.52070028 0.40683589
52.89790994 8.25998793 4.20101487 0.08242233 0.17336716 0.82244775 0.82244775
28.71225800 2.33450321 1.48012903 0.02256284 0.08267097 0.21780645 0.21780645
118.42312888 18.33557847 15.50709675 0.17578440 0.05950684 0.81400051 0.40438088
74.06235689 21.50729175 12.91527277 0.21892621 0.05679009 1.02420931 0.55747966
82.46832863 28.13861928 12.95227946 0.11543975 0.05365039 1.37064238 1.10773187
53.70933412 8.45878686 4.29230009 0.08443060 0.17641000 0.84273335 0.84273335
37.04498770 4.37602199 2.41756112 0.04318634 0.11391870 0.42612469 0.42612469
89.54393402 21.20974759 11.81606655 0.19383565 0.06682990 1.19519190 0.48591210
67.82856385 31.81526078 13.44051996 0.05626801 0.07154839 1.42461434 1.15472101
119.69510257 15.37564954 17.80439207 0.18506399 0.06842556 0.46866061 0.48412655
71.04243501 29.92936838 11.82013234 0.10673729 0.06060426 1.14831274 1.16092216
86.13073045 28.63759215 13.59651184 0.10838312 0.05836156 1.37211773 1.19039432
85.24705726 22.66177501 12.07365085 0.19986467 0.05154547 1.18099100 0.56335960
66.82265528 28.32157792 13.38351122 0.08767168 0.05532984 1.29264080 1.21892646
45.47383266 6.44108900 3.36580617 0.06404774 0.14552687 0.63684582 0.63684582
84.33691265 26.61879949 13.03533283 0.14461163 0.05260892 1.27500559 1.25202481
114.40552588 17.16335814 16.30213422 0.15800014 0.05855041 0.42891894 0.38212032
23.76295488 1.12192394 0.92333242 0.01031331 0.06411108 0.09407387 0.09407387
44.48650068 6.19919267 3.25473133 0.06160409 0.14182438 0.61216252 0.61216252
28.54985466 2.29471439 1.46185865 0.02216089 0.08206195 0.21374637 0.21374637
67.58150246 29.40657348 12.70519375 0.09549444 0.05909792 1.05259810 1.14993818
61.08105721 31.65418428 13.97708502 0.06178831 0.06105848 1.48856352 1.20032478
24.39935897 1.27784295 0.99492788 0.01188841 0.06649760 0.10998397 0.10998397
85.35446498 27.43409093 13.38221442 0.12236599 0.08295050 1.31648652 1.29122108
111.14877079 17.63296838 12.30634650 0.18214040 0.05774099 1.21975619 0.14511039
112.55357498 16.34962993 17.22492668 0.17231891 0.05208820 0.42591743 0.69417037
100.39118701 20.05848691 13.73849647 0.21277310 0.05070520 0.71860677 0.81973106
38.29867500 4.68317538 2.55860094 0.04628922 0.11862003 0.45746688 0.45746688
132.64178745 15.45541127 15.92791048 0.17773235 0.05007637 0.45545759 0.21906602
30.74270441 2.83196258 1.70855425 0.02758819 0.09028514 0.26856761 0.26856761
66.39804782 31.12132056 13.63903282 0.06246443 0.05016546 1.34221457 1.18419953
130.65181228 19.07150962 16.37572771 0.15168276 0.06878161 0.70945003 0.04835443
64.85266613 32.82664940 13.15771073 0.02990321 0.05214623 1.41698662 0.95996372
61.71976649 32.73614127 13.74441192 0.05616247 0.06413534 1.43622663 1.11672291
60.22585445 31.39300337 13.50969414 0.04973434 0.05398994 1.46114430 1.22476156
54.06948831 8.54702464 4.33281744 0.08532198 0.17776058 0.85173721 0.85173721
100.09185504 19.14971936 12.82447952 0.18322353 0.05274013 1.01418647 0.76322997
48.74837420 7.24335168 3.73419210 0.07215223 0.15780640 0.71870935 0.71870935
25.37365618 1.51654576 1.10453632 0.01429980 0.07015121 0.13434140 0.13434140
