50.75170936 7.73416879 3.95956730 0.07711048 0.16531891 0.76879273 0.76879273
62.99124759 32.86551069 14.95290522 0.16335218 0.06005614 1.86099135 1.03753324
71.56916702 30.75809775 14.58888882 0.23033122 0.05270137 1.52059054 0.47431507
47.65287671 6.97495479 3.61094863 0.06944087 0.15369829 0.69132192 0.69132192
96.52422290 24.99661086 19.83555661 0.29815338 0.05261950 0.57852588 0.53203764
64.17021570 30.26748556 15.43444199 0.16398198 0.07360506 1.63405714 1.10124708
102.97583488 24.05160457 20.36273631 0.32570917 0.06002947 0.61590362 0.42458201
49.83687786 7.51003508 3.85664876 0.07484627 0.16188829 0.74592195 0.74592195
49.10168067 7.32991176 3.77393908 0.07302666 0.15913130 0.72754202 0.72754202
73.73629008 25.21657647 14.33291782 0.25351391 0.05036055 1.69063814 0.49917567
94.43745709 23.62334614 19.76362750 0.31967241 0.05869016 0.76765852 0.41893031
36.80652931 4.31759968 2.39073455 0.04259616 0.11302448 0.42016323 0.42016323
34.76227106 3.81675641 2.16075549 0.03753662 0.10535852 0.36905678 0.36905678
82.24028149 24.78868798 14.33322354 0.28339928 0.06096319 1.53425510 0.30024481
77.83752699 28.08329773 13.95050052 0.26338226 0.05116698 1.69989280 0.44561979
57.15525542 9.30303758 4.67996623 0.09295926 0.18933221 0.92888139 0.92888139
89.14854587 22.96781887 19.45138223 0.32209761 0.05056757 0.49179658 0.42821548
59.68124729 31.68631136 15.25753433 0.17066310 0.05390553 1.84204701 0.97640546
70.06574127 30.22015575 14.46249045 0.24268643 0.05338924 1.41031628 0.35368260
101.44437958 16.32641889 18.50263078 0.21784005 0.06743190 1.80574669 0.27190376
94.97546212 23.48830364 17.52456756 0.32330311 0.06139378 1.01783695 0.31838214
22.55947375 0.82707107 0.78794080 0.00733470 0.05959803 0.06398684 0.06398684
106.99367965 16.21759846 18.60759992 0.20998538 0.05083006 1.93164695 0.30948799
80.18187968 25.73841097 13.82986565 0.27384299 0.05524597 1.71743525 0.41779886
86.64077807 24.53596685 17.96126294 0.28816036 0.05580597 1.03159430 0.25838940
91.96937095 23.72774812 19.02329825 0.31902685 0.05411382 0.41272746 0.34038281
83.71127118 25.44444152 13.70095043 0.27698215 0.05384363 1.55382750 0.29506568
36.68614309 4.28810506 2.37719110 0.04229820 0.11257304 0.41715358 0.41715358
100.91666386 15.58626079 18.35334596 0.22323130 0.06835192 1.76865374 0.19447134
94.78579352 24.81293560 20.34179525 0.30839881 0.06066070 0.60687719 0.24061185
89.41409413 22.01516830 18.69695323 0.30521007 0.05602268 0.32918426 0.34397730
59.53344047 9.88569292 4.94751205 0.09884527 0.19825040 0.98833601 0.98833601
79.21298376 22.11930074 18.25986793 0.32665411 0.05818925 0.63143301 0.35648419
51.57163159 7.93504974 4.05180855 0.07913979 0.16839362 0.78929079 0.78929079
56.89521995 9.23932889 4.65071224 0.09231567 0.18835707 0.92238050 0.92238050
68.68612784 29.76010335 14.20859504 0.24347442 0.07015193 1.48803773 0.31308704
48.21075143 7.11163410 3.67370954 0.07082161 0.15579032 0.70526879 0.70526879
75.83512669 27.16050312 18.23987787 0.27220818 0.05475538 0.75974137 0.73387354
87.39682459 25.52047134 17.69748280 0.29323178 0.05702145 0.86713657 0.26953450
93.87385288 23.73007967 19.23972409 0.31723115 0.06294945 0.79641388 0.39253080
26.48741832 1.78941749 1.22983456 0.01705636 0.07432782 0.16218546 0.16218546
86.12765495 22.01714139 18.29328721 0.29359733 0.06348645 0.60141861 0.17617501
76.78353003 25.70965085 14.04364072 0.25104343 0.05657901 1.77411286 0.54122956
38.24216549 4.66933055 2.55224362 0.04614936 0.11840812 0.45605414 0.45605414
104.05960425 15.96092603 18.57720820 0.20468388 0.05526177 1.80120954 0.37227275
81.09097154 24.20634861 17.04536608 0.28546497 0.05682710 0.66279963 0.62708357
84.34882996 22.46940339 18.30426605 0.30496357 0.06336120 0.63455467 0.39706594
99.77902505 23.94575211 18.36434629 0.32223074 0.05865766 0.64734093 0.38916529
44.35626147 6.16728406 3.24007942 0.06128175 0.14133598 0.60890654 0.60890654
41.40919377 5.44525247 2.90853430 0.05398775 0.13028448 0.53522984 0.53522984
95.14722605 23.90415369 19.82323876 0.30517550 0.06554847 0.80649490 0.49942182
101.12212236 23.48422019 18.05297584 0.32433906 0.05754349 0.66271918 0.34269325
105.31202166 16.54291576 18.76185675 0.21275484 0.06555506 1.82071397 0.36372110
100.97785343 23.12524176 18.12089994 0.32245414 0.05078892 0.75582838 0.42477160
37.05014301 4.37728504 2.41814109 0.04319910 0.11393804 0.42625358 0.42625358
98.19226391 24.42322067 19.97664220 0.32084306 0.05208216 0.71303360 0.22641815
96.26005276 23.97114086 19.39350771 0.29787938 0.05217636 0.70408016 0.37425972
54.61934445 8.68173939 4.39467625 0.08668288 0.17982254 0.86548361 0.86548361
90.33113230 22.62667419 18.38839981 0.32554431 0.05216560 0.49619580 0.35993133
75.55045930 26.69283492 13.59380548 0.27489174 0.05463325 1.73161338 0.46142901
99.80280685 22.93013259 19.74087236 0.30892173 0.05839960 0.85660688 0.43840895
93.37059704 24.20417733 19.61817907 0.30359887 0.06446331 0.71954568 0.22331109
88.16318806 23.88662183 19.39594492 0.32943071 0.06070668 0.42108072 0.43734241
94.00451107 23.86477242 19.53269272 0.29472853 0.06853574 0.83230334 0.26903946
79.71609433 26.71892493 17.76600888 0.28144080 0.05144828 0.78212387 0.68060526
79.50145248 25.04275987 18.04894633 0.26447505 0.05400929 0.67568152 0.67898102
91.01347539 23.39749093 19.53019062 0.31338066 0.07049440 0.80620086 0.35690089
46.76990386 6.75862645 3.51161418 0.06725551 0.15038714 0.66924760 0.66924760
91.40813112 23.95508464 18.55435165 0.29969705 0.06641655 1.12226616 0.28072874
71.46952587 29.47111676 13.76182290 0.23544094 0.05316116 1.51605430 0.35603139
81.63224822 25.68835195 13.82606369 0.26791221 0.05430064 1.80525593 0.32181581
96.34422073 23.95787800 20.07223338 0.30617693 0.05951572 0.64400620 0.25622102
21.69055636 0.61418631 0.69018759 0.00518413 0.05633959 0.04226391 0.04226391
91.34692116 25.90334017 18.33032082 0.29793128 0.05564350 1.01046334 0.33341798
90.06041132 22.53698718 17.96077032 0.33143659 0.06435241 0.48601524 0.31286086
36.50154536 4.24287861 2.35642385 0.04184132 0.11188080 0.41253863 0.41253863
91.38731989 24.26209967 19.64348841 0.31068079 0.05783304 0.72133009 0.39503652
47.70881924 6.98866071 3.61724216 0.06957933 0.15390807 0.69272048 0.69272048
97.27438582 24.25172842 19.79997144 0.30684800 0.05557555 0.73735551 0.30109177
95.46030476 25.34483073 19.87727156 0.32344283 0.06858757 0.73303181 0.54241188
90.73921742 22.84713003 18.31750905 0.31712344 0.07159395 0.37804889 0.40950449
44.38501953 6.17432978 3.24331470 0.06135292 0.14144382 0.60962549 0.60962549
92.93007236 22.91666898 18.57306263 0.30574078 0.05868515 0.51322818 0.34728954
89.34746969 22.27364611 18.00799771 0.29786949 0.05790058 0.63137226 0.23181137
64.97252593 30.19509380 15.45885182 0.16221360 0.07436003 1.75491396 1.12584755
49.76763992 7.49307178 3.84885949 0.07467491 0.16162865 0.74419100 0.74419100
90.24275333 23.27967376 17.45134969 0.29301229 0.05449129 1.04568296 0.35387435
20.30257203 0.27413015 0.53403935 0.00174887 0.05113465 0.00756430 0.00756430
93.79126659 23.76227330 19.72603199 0.29515255 0.05011794 0.53221434 0.32515275
81.43498161 24.22542810 14.10766412 0.28357162 0.06464493 1.57385885 0.44176931
43.71803840 6.01091941 3.16827932 0.05970215 0.13894264 0.59295096 0.59295096
53.90699353 8.50721342 4.31453677 0.08491981 0.17715123 0.84767484 0.84767484
87.83065710 22.20003851 18.23195328 0.30091578 0.06113648 0.63468506 0.21591633
74.81019497 29.83408642 14.61891713 0.23435409 0.05191791 1.39755898 0.53087384
21.38800315 0.54006077 0.65615035 0.00443531 0.05520501 0.03470008 0.03470008
90.82012969 23.43837642 19.30575692 0.30971834 0.05403940 0.55886304 0.36266918
106.42357200 15.76282477 18.48885202 0.21420515 0.06079756 1.93320378 0.35562086
91.60236368 23.83306679 17.99157190 0.32693843 0.05303108 0.41650922 0.29468113
87.39217862 24.53080944 17.73650558 0.28922255 0.05067809 1.04904032 0.28142845
87.13411961 24.15255668 18.55607247 0.31118667 0.07150952 0.66546246 0.30906484
93.44891120 24.39902412 20.06769407 0.31214788 0.07241576 0.74991566 0.41808127
36.41765895 4.22232644 2.34698663 0.04163371 0.11156622 0.41044147 0.41044147
76.36581070 27.24520330 13.53725139 0.25792494 0.06670135 1.68351729 0.47047632
91.25364063 22.36709464 17.91135307 0.29799656 0.06794428 0.58501178 0.26968576
83.95229990 24.92607643 13.89807912 0.26792716 0.05592577 1.44812205 0.33858359
32.30896395 3.21569617 1.88475844 0.03146469 0.09615861 0.30772410 0.30772410
93.94744524 23.43845280 18.68728051 0.29570339 0.05633847 0.61625714 0.45181912
85.61766611 24.44733122 18.09339096 0.29449098 0.06377554 1.07953693 0.39094643
105.00575287 16.74757175 18.42907930 0.21464759 0.05218035 1.89000058 0.28895013
95.89104123 22.62459362 18.38410100 0.29984268 0.06217152 0.47262503 0.49960553
66.67108780 30.20857641 15.40598491 0.16733104 0.06389088 1.49076189 1.07806175
31.78423132 3.08713667 1.82572602 0.03016597 0.09419087 0.29460578 0.29460578
82.89380579 25.26526901 14.28040923 0.26397863 0.05865379 1.69762972 0.39600294
86.26852534 23.81085771 17.54678233 0.29248426 0.05513371 1.06482012 0.40035144
101.17836749 23.81763731 20.55618875 0.31431860 0.06351349 0.75391220 0.21200954
96.23941683 24.89832282 19.51131861 0.29844353 0.06404628 0.50475263 0.43346476
90.40526635 23.09699737 17.78182652 0.30568726 0.05844044 1.02275862 0.28635830
86.28887600 23.60635681 17.38260020 0.29911327 0.06310707 1.13906517 0.33873797
23.72438906 1.11247532 0.91899377 0.01021786 0.06396646 0.09310973 0.09310973
97.48717593 23.85532908 20.45201723 0.32731451 0.06188508 0.65044662 0.28448500
53.75298930 8.46948238 4.29721130 0.08453865 0.17657371 0.84382473 0.84382473
96.21720398 23.18761839 19.43535329 0.30133193 0.05385898 0.82572476 0.45103007
95.22756780 25.20567446 19.38136318 0.30005516 0.05270623 0.73443141 0.27971257
70.06464708 29.67024800 13.88090598 0.24550245 0.06783103 1.59434018 0.30851967
93.73819079 23.07505658 18.66372612 0.29935014 0.05495245 0.58100525 0.46272513
29.54700256 2.53901563 1.57403779 0.02462883 0.08580126 0.23867506 0.23867506
47.38852006 6.91018741 3.58120851 0.06878659 0.15270695 0.68471300 0.68471300
24.96980520 1.41760227 1.05910308 0.01330027 0.06863677 0.12424513 0.12424513
