89.20417557 21.33718867 17.84607545 0.30600139 0.05910051 0.52165519 0.24917195
86.01195203 21.44599805 18.50481151 0.30365272 0.06204244 0.73901807 0.28454220
55.30599406 8.84996855 4.47192433 0.08838234 0.18239748 0.88264985 0.88264985
96.05308972 24.15211329 19.51854478 0.30334446 0.05180731 0.49920713 0.42939929
79.27280664 26.60427635 18.27746745 0.27336394 0.05176155 0.74900603 0.73359818
90.84226655 22.52350925 18.05479638 0.26339733 0.05057923 0.73535372 0.44493397
87.05728294 23.19881144 17.29054273 0.27708113 0.05047570 0.89610862 0.39977134
96.43992652 24.42029157 19.69938028 0.31107250 0.05796811 0.88670387 0.46551758
107.35012504 17.90213844 17.92138919 0.21990635 0.05679004 1.74033130 0.05502237
82.07237633 24.96098340 13.42711251 0.25097035 0.06047967 1.54792662 0.31155829
90.21024945 23.22605946 17.36154514 0.31131240 0.07133062 1.00146772 0.48792443
78.88019675 27.94548172 13.42202764 0.25687355 0.05720166 1.70050912 0.36385383
94.11045402 24.21684516 19.28568324 0.30026927 0.05396912 0.78756217 0.23987595
85.08484607 24.38692287 17.90721671 0.28877195 0.05549946 1.01229283 0.32597333
88.72426916 22.97098749 18.13516075 0.31745605 0.06046981 0.53513645 0.28185084
45.22365408 6.37979525 3.33766108 0.06342854 0.14458870 0.63059135 0.63059135
72.81421904 28.83825445 14.24101875 0.23629623 0.06370895 1.46321728 0.32164313
77.02032052 30.25735846 14.23836515 0.24080440 0.06742751 1.55031162 0.36680550
77.39311638 24.23400285 17.37979114 0.28408040 0.07526112 0.56147007 0.70719653
37.86452231 4.57680797 2.50975876 0.04521469 0.11699196 0.44661306 0.44661306
65.21131962 30.12055937 15.63397472 0.16230616 0.06391915 1.59389839 1.12040708
89.85711184 24.75572010 17.87355701 0.29704678 0.05673802 1.05204971 0.34485232
37.13693248 4.39854846 2.42790490 0.04341391 0.11426350 0.42842331 0.42842331
53.55036438 8.41983927 4.27441599 0.08403715 0.17581387 0.83875911 0.83875911
29.44283174 2.51349378 1.56231857 0.02437101 0.08541062 0.23607079 0.23607079
73.84132025 27.76226706 13.59330719 0.26186018 0.05409992 1.65307264 0.43229241
97.71516994 22.46210269 18.55853969 0.29522078 0.07284849 0.54935193 0.40877757
90.48172639 23.34907076 17.68786184 0.32045270 0.06806393 1.01275807 0.34015777
96.04479854 21.99448727 18.70452963 0.30885340 0.05345642 0.63935926 0.23651030
26.07145058 1.68750539 1.18303819 0.01602684 0.07276794 0.15178626 0.15178626
48.23358500 7.11722833 3.67627831 0.07087812 0.15587594 0.70583963 0.70583963
91.31780148 23.11141797 17.54675689 0.28661183 0.05961045 0.87650673 0.31972357
64.54122570 32.28159177 14.59632343 0.16664582 0.06851991 1.89973151 0.98901526
94.16318217 21.74386022 18.75660366 0.30037073 0.06068216 0.50865821 0.32975285
75.43297237 25.19369017 18.67268270 0.27714973 0.05163426 0.75747218 0.61089981
93.13315868 23.55205517 18.82059998 0.31287562 0.06776883 0.41780928 0.42599851
59.51144756 9.88030465 4.94503785 0.09879083 0.19816793 0.98778619 0.98778619
95.78188732 21.59689312 19.78132677 0.33425490 0.06606252 0.66243365 0.42341097
74.98633684 29.51523253 14.20675374 0.24007978 0.05506175 1.43861353 0.39132641
84.70284822 20.92912963 17.67373203 0.31653785 0.05824012 0.54780984 0.21630793
79.29306915 25.50281056 13.87385436 0.25844696 0.05873900 1.74101643 0.32624503
25.54115016 1.55758179 1.12337939 0.01471435 0.07077931 0.13852875 0.13852875
26.62146379 1.82225863 1.24491468 0.01738812 0.07483049 0.16553659 0.16553659
59.41265973 30.40854103 13.85768706 0.15683977 0.05460535 1.78590789 0.81122613
80.26652118 23.42965290 17.57726765 0.29183120 0.05957351 0.39079444 0.34176342
104.16957415 18.79544921 17.69657479 0.22294929 0.07360963 1.82239449 0.01174480
92.49484693 23.66576509 17.64045501 0.32424741 0.05984561 0.95622143 0.39624571
56.26522528 9.08498019 4.57983784 0.09075643 0.18599459 0.90663063 0.90663063
94.50854472 23.02442318 18.70958208 0.29804039 0.05010364 0.57437425 0.41680815
88.79800399 23.60623039 19.44504399 0.32503051 0.05426360 0.40977310 0.41786491
79.86860245 22.89881105 18.10761281 0.31994637 0.05044400 0.56975392 0.38438473
45.05635096 6.33880599 3.31883948 0.06301447 0.14396132 0.62640877 0.62640877
100.36755323 22.59024223 20.21602530 0.33230837 0.07055463 0.60358222 0.54608244
36.74272842 4.30196846 2.38355695 0.04243825 0.11278523 0.41856821 0.41856821
97.40577336 24.11857447 18.56132345 0.30295458 0.05213713 0.56705878 0.56372719
110.70313646 14.77125697 18.74242112 0.21660347 0.06222353 1.72029557 0.09516494
51.64688536 7.95348691 4.06027460 0.07932604 0.16867582 0.79117213 0.79117213
81.88461002 25.21850218 13.72241739 0.25725168 0.05698062 1.60806101 0.24981085
92.47523935 23.06557521 18.83591026 0.30671758 0.06131972 0.44019267 0.31801899
88.23294254 22.46884467 17.42194157 0.29740246 0.05564900 0.95121954 0.29344052
73.72258961 24.02150659 17.62967394 0.29844139 0.07055991 0.36578099 0.32154836
88.18171383 24.36595792 18.44024453 0.30929983 0.05497506 0.71521706 0.36711288
42.12014133 5.61943463 2.98851590 0.05574735 0.13295053 0.55300353 0.55300353
107.46685145 16.16395251 19.09465236 0.22662244 0.05923211 1.72694634 0.10976742
72.96007075 29.08711911 13.48588332 0.23975381 0.05864978 1.48291593 0.30060682
97.84301407 24.38791252 19.73592527 0.29929114 0.05875110 0.55858501 0.42027449
98.31922167 24.49747923 18.76302351 0.30053604 0.06249981 0.70910644 0.37946261
98.49966859 24.41478207 19.61920015 0.30414332 0.06030894 0.54492983 0.35348809
26.75296995 1.85447764 1.25970912 0.01771360 0.07532364 0.16882425 0.16882425
59.63403278 9.91033803 4.95882869 0.09909423 0.19862762 0.99085082 0.99085082
51.09401389 7.81803340 3.99807656 0.07795768 0.16660255 0.77735035 0.77735035
100.21362624 22.51529667 20.30997386 0.32731022 0.06526291 0.72935744 0.53676292
50.94268871 7.78095873 3.98105248 0.07758315 0.16603508 0.77356722 0.77356722
95.66089513 22.28215961 18.55289191 0.29952408 0.06839220 0.56184453 0.38118158
89.41027632 22.19823873 18.11693121 0.29774333 0.05915341 0.62172877 0.25147750
66.59004643 31.86298345 13.93728830 0.17623368 0.06157933 1.82294969 1.07527615
95.44592898 24.64960309 19.04155398 0.31870985 0.07648222 0.41688580 0.37298209
79.72713481 25.78100670 14.28323675 0.26186252 0.05637153 1.65839167 0.32331753
81.81186230 26.79342210 13.50428819 0.28229667 0.06001389 1.67331817 0.25683942
91.04741592 21.47573185 17.88630351 0.27419808 0.05553041 0.86422783 0.41054046
93.43415683 22.19923851 18.15936611 0.32182455 0.05692598 0.46752189 0.28501748
79.05086288 25.03533749 17.81201339 0.28549189 0.06420043 0.75528796 0.77656927
37.70194347 4.53697615 2.49146864 0.04481231 0.11638229 0.44254859 0.44254859
81.01120150 25.81238446 14.41895638 0.26437718 0.06397705 1.75264055 0.32260001
64.38238100 32.41842055 14.10284337 0.16835315 0.07154103 1.92503771 1.00731957
77.80571010 25.13321683 14.30709977 0.25937264 0.06125877 1.66275722 0.43694661
28.36963033 2.25055943 1.44158341 0.02171484 0.08138611 0.20924076 0.20924076
75.46594536 25.40593549 14.09475364 0.26078169 0.05602519 1.69972412 0.51019627
93.16348345 22.59404671 17.45089111 0.32019373 0.05118240 1.08398979 0.42268181
78.19573344 29.24995838 14.33420231 0.25580049 0.05778577 1.56822802 0.27598157
44.85212549 6.28877074 3.29586412 0.06250901 0.14319547 0.62130314 0.62130314
73.47043681 27.22494017 13.47285589 0.26423710 0.06249043 1.70410318 0.34356781
56.77513635 9.20990840 4.63720284 0.09201846 0.18790676 0.91937841 0.91937841
73.57136783 27.46591593 13.48357785 0.25921744 0.06960503 1.64435447 0.28421651
80.17964075 23.68619210 17.64859700 0.29163306 0.06211026 0.41480035 0.26003361
62.25429169 32.36147764 13.83374875 0.17609184 0.06552748 1.82077841 1.09605175
86.66666722 22.40776104 18.20675783 0.31005995 0.05754717 0.56322506 0.22246327
27.09635696 1.93860746 1.29834016 0.01856348 0.07661134 0.17740892 0.17740892
74.71797575 27.32791053 13.30581226 0.25251055 0.05902789 1.87842073 0.34815737
80.87377366 26.02861055 13.94897747 0.26834289 0.05626970 1.75938947 0.35425655
77.90025965 27.91616569 13.77633000 0.26396900 0.05068228 1.66857783 0.42277573
56.29606554 9.09253606 4.58330737 0.09083276 0.18611025 0.90740164 0.90740164
96.88841627 23.77019608 18.97786573 0.30192630 0.06691370 0.76386960 0.37345481
90.30256015 24.65509404 18.37660980 0.31427217 0.06762087 0.65440789 0.44555414
80.21971365 24.89679185 17.48854796 0.29086988 0.06661962 0.60262357 0.49720734
85.13777388 24.06524810 18.32847275 0.30221076 0.06483871 0.61922550 0.37683325
90.53480180 23.03633462 18.17012028 0.32255693 0.06031711 0.42185138 0.32612155
62.29166206 32.16696144 15.03000072 0.16408800 0.05475933 1.87287428 1.02253927
52.56808535 8.17918091 4.16390960 0.08160601 0.17213032 0.81420213 0.81420213
64.36847742 29.63954620 15.41020802 0.15268188 0.07073921 1.51216378 1.06127548
75.47895294 23.45789311 17.78887712 0.29240776 0.06820889 0.32359237 0.32543233
78.44800747 24.38221516 14.00102654 0.25420955 0.05610784 1.60777102 0.20421700
94.38478883 23.78499779 18.99504221 0.31248138 0.05363084 0.43896877 0.37206476
37.30118219 4.43878964 2.44638300 0.04382043 0.11487943 0.43252955 0.43252955
96.09741286 24.73682166 19.10082149 0.29964292 0.05266421 0.68663799 0.33909280
87.70662083 24.92801577 17.97148853 0.29113627 0.06204410 0.90877150 0.28923608
85.19321762 22.49989400 18.48605966 0.30385742 0.05592999 0.63894706 0.42716430
95.44197470 24.63185302 20.02514958 0.31377014 0.06186490 0.75653039 0.39256083
34.82015650 3.83093834 2.16726761 0.03767989 0.10557559 0.37050391 0.37050391
92.27672080 20.89639076 18.70657938 0.29979336 0.05972153 0.58877950 0.35028528
44.38678048 6.17476122 3.24351280 0.06135728 0.14145043 0.60966951 0.60966951
62.85359664 31.61372763 13.89187184 0.17199404 0.05875744 1.87238636 1.04805429
51.30969164 7.87087445 4.02234031 0.07849149 0.16741134 0.78274229 0.78274229
73.12868277 27.90642151 14.11562518 0.25003016 0.05143849 1.52667928 0.29535024
47.48319344 6.93338239 3.59185926 0.06902090 0.15306198 0.68707984 0.68707984
95.02884855 23.59224001 18.52422716 0.30154506 0.06094130 0.61240869 0.44859636
79.89545846 24.52421067 17.03809184 0.28641755 0.05694176 0.58617107 0.67765808
79.63251502 25.95004459 18.22705979 0.28644724 0.05097853 0.59765495 0.57801911
