78.42701683 13.64560741 5.38289006 0.15362523 0.06035606 0.88746281 0.72762768
73.10421773 19.06889895 8.21794837 0.04699974 0.06065717 1.50082518 1.12826928
76.93162435 12.84380275 6.96169780 0.11907871 0.05674878 1.07331474 0.70335002
37.25756066 4.42810236 2.44147557 0.04371246 0.11471585 0.43143902 0.43143902
77.32921081 11.72687851 7.55937830 0.12922514 0.06762066 0.95747293 0.80353265
79.54927691 14.77294051 7.19161373 0.13067038 0.05326741 0.91527132 0.75026648
64.63884088 18.20875500 8.00506697 0.00910508 0.06043649 1.30335305 1.05745844
47.99004953 7.05756214 3.64888057 0.07027537 0.15496269 0.69975124 0.69975124
50.48170871 20.64994755 7.46570778 0.04735716 0.05923420 1.41019733 1.20596410
60.06276358 18.75014648 5.34797685 0.11037513 0.06621767 0.92327374 1.04503413
69.05568801 12.82475325 7.04978378 0.10457000 0.05587998 0.98430154 0.75064360
28.07024452 2.17720991 1.40790251 0.02097386 0.08026342 0.20175611 0.20175611
80.85067408 12.00612691 7.46055072 0.14224031 0.05031779 0.79269656 0.74993026
54.34412609 16.79703248 7.81080441 0.04498640 0.06333284 1.52908313 1.02459767
61.62328411 18.73280996 7.35573518 0.03936138 0.05433887 1.47337701 1.09908765
69.86094702 13.49657273 6.68123171 0.10629589 0.05159452 1.03207620 0.73486118
69.73809962 11.96536601 6.49688076 0.13415935 0.05530624 0.93973465 0.86698341
63.50398702 16.87729172 8.25190344 0.01996535 0.06537942 1.43009530 1.14695855
82.81196661 11.97179121 6.93407219 0.13887202 0.05960147 0.94695893 0.74912511
76.13223150 12.77886207 5.85760656 0.14869388 0.05934455 0.97489276 0.84661150
38.43613563 4.71685323 2.57406526 0.04662944 0.11913551 0.46090339 0.46090339
57.26530585 19.42509453 7.47305401 0.04041174 0.06202860 1.41206896 1.39212231
81.41501500 12.16247363 7.00374098 0.12956670 0.05238743 0.94075206 0.67205661
63.22049175 17.00656434 6.95264335 0.03993307 0.05188701 1.21471607 0.82251529
39.96962661 5.09255852 2.74658299 0.05042483 0.12488610 0.49924067 0.49924067
65.89598604 16.63877767 7.47739190 0.03592099 0.05560984 1.39110422 1.21852779
52.80272397 18.75816244 7.08603762 0.03943173 0.05160213 1.46170812 1.10632564
35.34340002 3.95913301 2.22613250 0.03897492 0.10753775 0.38358500 0.38358500
64.44658825 19.56596613 7.37279960 0.00326027 0.06931426 1.64452314 1.49375815
77.26691154 14.48600390 6.41870273 0.14433689 0.06274705 0.92346219 0.77170790
59.42024886 16.84110040 7.05207923 0.05182057 0.05248362 1.32257303 0.90832887
86.57742671 14.41329095 5.63176454 0.14163081 0.06316531 1.21406665 0.82415887
30.36087792 2.73841509 1.66559877 0.02664317 0.08885329 0.25902195 0.25902195
60.70746619 19.92340568 6.67815150 0.03312630 0.06329184 1.59741544 1.00347685
63.71389515 19.03296559 7.54285864 0.03760292 0.05075945 1.47005097 1.09918359
29.60404496 2.55299102 1.58045506 0.02477001 0.08601517 0.24010112 0.24010112
62.56348894 15.76220338 7.54105876 0.04484321 0.05397844 1.16412582 1.00608807
77.09427479 13.28676329 6.37086664 0.15186890 0.06644932 0.98245486 0.76269575
38.39539675 4.70687220 2.56948213 0.04652861 0.11898274 0.45988492 0.45988492
77.48563092 13.26525436 6.11283950 0.15146343 0.05790368 0.89063794 0.71131328
59.17084204 17.34449892 8.80913447 0.03190561 0.05052242 1.40284291 1.20510251
57.48323776 17.87421435 7.39302973 0.04269630 0.05905553 1.46796491 1.02705895
76.00251848 11.69542678 6.70801756 0.12120598 0.05337236 0.95739264 0.66092230
74.21476276 12.57112533 6.95495438 0.14683002 0.05558118 0.87529496 0.86963971
62.09500576 15.53987233 7.47505771 0.06113999 0.06291771 1.17819659 1.06456528
39.06107476 4.86996332 2.64437091 0.04817616 0.12147903 0.47652687 0.47652687
59.94288080 17.36806139 8.79275580 0.01810886 0.05297435 1.31775255 1.27056863
83.29484320 13.51390006 6.14592654 0.13235696 0.05518784 1.27969474 0.79376349
64.80940775 18.76318072 5.10800938 0.10609719 0.06008418 0.62345022 1.06912608
59.02487871 16.90167315 7.16651752 0.04318520 0.06090278 1.35558592 1.20394706
22.12242642 0.71999447 0.73877297 0.00625301 0.05795910 0.05306066 0.05306066
69.97721097 13.08253112 6.33273029 0.11279873 0.05275939 0.97732505 0.69939114
74.72677091 12.63311648 6.38601691 0.14663465 0.05715234 0.94299335 0.79297094
58.88118211 19.19839732 7.34917956 0.04650883 0.05297841 1.44212435 1.36182050
57.37581810 16.51233839 8.23038872 0.04207596 0.06829388 1.43634569 1.05115756
63.15659004 18.61881634 5.29416722 0.11159996 0.05410791 0.92394541 1.19376391
24.22133767 1.23422773 0.97490049 0.01144781 0.06583002 0.10553344 0.10553344
42.41127311 5.69076191 3.02126822 0.05646790 0.13404227 0.56028183 0.56028183
29.22428258 2.45994923 1.53773179 0.02383010 0.08459106 0.23060706 0.23060706
68.32885420 16.40109684 6.43190147 0.03586653 0.05564382 1.35859845 0.91698691
59.74748472 16.48506669 7.64315974 0.06008092 0.05615835 1.42281793 1.06680960
76.35230703 12.19293943 6.94062988 0.13231027 0.06698547 0.98496507 0.68697741
35.47846235 3.99222328 2.24132701 0.03930919 0.10804423 0.38696156 0.38696156
67.61288921 17.15008882 6.80215399 0.04699301 0.06071701 1.31473753 0.90567114
26.84564462 1.87718293 1.27013502 0.01794297 0.07567117 0.17114112 0.17114112
25.66188766 1.58716248 1.13696236 0.01501317 0.07123208 0.14154719 0.14154719
66.06864885 16.53423145 8.37038302 0.03514387 0.05721588 1.66010272 0.91386999
61.62393718 15.40875296 7.13495853 0.05024958 0.05366843 1.51816297 0.99751461
82.42540836 12.96654575 7.87449018 0.13740950 0.05116940 0.95046319 0.86054034
66.92374756 19.66832212 7.52344867 0.02892303 0.07461868 1.83893720 1.58191383
61.21328796 16.69873353 9.23120248 0.02794545 0.05107784 1.51072337 1.07697189
64.92901819 19.23875791 7.50847121 0.03434483 0.06524957 1.47291827 1.12323096
34.50886331 3.75467151 2.13224712 0.03690944 0.10440824 0.36272158 0.36272158
75.43964222 12.45730460 7.05178102 0.10244559 0.07200315 1.04215435 0.82323570
53.37710954 8.37739184 4.25492482 0.08360835 0.17516416 0.83442774 0.83442774
21.20835047 0.49604587 0.63593943 0.00399067 0.05453131 0.03020876 0.03020876
75.74979065 12.39529195 7.27387680 0.12524193 0.05732146 1.08236484 0.66824559
54.49691008 8.65174297 4.38090238 0.08637985 0.17936341 0.86242275 0.86242275
57.52303775 18.89150383 7.51127215 0.04207231 0.05563891 1.44832956 1.32291803
80.50281937 13.38056553 6.75781081 0.12945281 0.05803125 0.87491605 0.77260243
63.69552241 16.66478077 7.46919536 0.04896369 0.05887080 1.17126828 1.03275990
85.45839583 13.84892462 5.98031375 0.14141197 0.05320951 1.23810292 0.68566576
21.32763242 0.52526994 0.64935865 0.00428589 0.05497862 0.03319081 0.03319081
84.18185651 12.13807232 7.68271316 0.13711138 0.05891252 0.97797722 0.88547641
53.31569231 8.36234461 4.24801538 0.08345634 0.17493385 0.83289231 0.83289231
59.88740356 9.97241387 4.98733290 0.09972132 0.19957776 0.99718509 0.99718509
75.95064779 12.92483963 6.18244494 0.13306565 0.05128902 0.78357756 0.99081395
87.35570117 13.67150684 6.30297351 0.13930962 0.05151594 1.22510317 0.83458105
22.02475733 0.69606555 0.72778520 0.00601127 0.05759284 0.05061893 0.05061893
61.08672013 16.95859593 9.31189112 0.01693750 0.05062993 1.59544834 1.02888235
76.84993942 12.44498523 7.00248384 0.11585896 0.06585431 0.95116830 0.94748547
66.57869058 17.09439305 7.87757096 0.06028751 0.05388527 1.20268924 1.00663660
61.54003886 17.30243582 7.13016500 0.03323520 0.05441650 1.35455578 0.87152492
72.60543874 13.38621140 6.50299048 0.14861990 0.06505897 0.82261866 0.82334687
63.39069171 16.87021574 8.51870988 0.05309941 0.05475428 1.48993401 1.21069318
52.15560018 8.07812204 4.11750502 0.08058511 0.17058350 0.80389000 0.80389000
62.24144013 18.82915432 7.48042561 0.05065727 0.05322602 1.48452800 1.17150208
64.82691021 17.08915432 6.80482379 0.04038108 0.06085238 1.37268469 1.29450605
21.29576324 0.51746199 0.64577336 0.00420701 0.05485911 0.03239408 0.03239408
68.94199463 18.83839798 6.29471628 0.03409816 0.05428872 1.50474840 1.03545253
69.83208555 12.95439799 6.53288322 0.12102077 0.05019182 0.89239387 0.77890099
52.45192549 8.15072175 4.15084162 0.08131852 0.17169472 0.81129814 0.81129814
43.52099113 5.96264283 3.14611150 0.05921445 0.13820372 0.58802478 0.58802478
61.26348103 17.81246260 7.77130159 0.03731678 0.05130719 1.46495541 1.17742016
77.67298725 13.56458920 6.88604169 0.14258460 0.06627539 1.05285414 0.85954513
42.54366854 5.72319879 3.03616271 0.05679558 0.13453876 0.56359171 0.56359171
58.73891661 17.79475469 7.40721544 0.06378612 0.05990234 1.52345959 0.90881867
78.67321636 13.53380603 6.81164043 0.12141042 0.06679355 1.18095766 0.76372684
61.55904820 16.96226843 7.40803969 0.03239770 0.05573516 1.45980335 1.17905301
59.87955686 16.67655971 7.02146697 0.06770994 0.05278675 1.16707372 0.89469222
66.63161881 13.80452469 7.22621828 0.11891310 0.06711794 0.99002864 0.71209416
43.29356138 5.90692254 3.12052565 0.05865156 0.13735086 0.58233903 0.58233903
66.01420384 16.54399571 6.62101658 0.06738760 0.06171161 1.30021350 1.03098102
52.69095160 8.20928314 4.17773206 0.08191011 0.17259107 0.81727379 0.81727379
86.55690917 13.62935050 5.75534242 0.14065689 0.05695603 1.15866047 0.83985648
60.13459572 17.12075146 6.51782706 0.05396611 0.05596537 0.98876039 0.80335268
62.17520845 16.08970390 6.85917054 0.06033189 0.05907879 1.15399200 0.89922926
67.74366333 12.30521507 7.08377107 0.11181471 0.05927209 0.97742511 0.67622075
77.27963749 11.99461403 7.29647135 0.13657822 0.05781978 0.87356725 0.73588335
59.60864303 16.10602734 6.70495712 0.05227506 0.05283631 1.06277749 0.76430383
61.62917026 19.48657023 7.62293898 0.03431917 0.05596400 1.39277236 1.20639760
54.28568302 8.59999234 4.35713934 0.08585707 0.17857131 0.85714208 0.85714208
74.58295029 12.92042780 6.25437605 0.15271565 0.05860321 0.84923469 0.84274817
61.56805191 18.79505094 7.96241017 0.01851575 0.05659731 1.34530921 1.08191368
64.26662352 20.38351393 7.57848532 0.03140505 0.06586036 1.77538868 1.53996754
63.65873535 19.87153649 5.17972637 0.10714401 0.06097319 0.92930857 1.20725600
60.77428682 16.00245800 7.43420539 0.05167932 0.05277623 1.48229271 0.92863127
76.50462681 12.97064235 6.46873570 0.11824649 0.06460777 1.01554300 0.74567005
