56.60154238 9.02987116 3.85515303 0.08697197 0.05042079 0.28204271 0.37554594
53.14718433 9.95141087 4.28055497 0.09923161 0.05960272 0.12077365 0.61884310
57.80962477 8.96627788 4.06215798 0.09380232 0.05833094 0.17013307 0.50931842
55.55386061 9.02134395 4.55218570 0.04506075 0.05512485 0.34009758 0.15393172
50.39525034 9.37037346 4.46188309 0.09285953 0.05582415 0.17146853 0.67627886
57.69160429 9.27475594 3.76361393 0.08433186 0.06545544 0.32660539 0.48683664
25.19707217 8.32124032 0.83972478 0.01874633 0.16934647 0.46753881 0.63255535
54.68025998 9.38573341 3.51940516 0.09099841 0.06448230 0.07436971 0.43456766
51.70780494 4.02299534 1.28921107 0.06635860 0.10887728 0.52664508 0.20440514
55.16161231 9.86145758 3.67207062 0.07538986 0.06078328 0.52028083 0.74685216
34.73555618 1.13555553 1.60427043 0.01446254 0.05568301 0.03957983 0.70764661
57.18313826 6.96216833 4.39593177 0.07513366 0.06575123 0.25455850 0.34572008
59.23274845 9.37350757 3.42165066 0.09433799 0.06950183 0.36241779 0.51109571
24.31331690 0.29501194 4.93516868 0.08848581 0.18931143 0.22019795 0.55080144
55.62335633 9.16603764 3.81432061 0.07788039 0.06872821 0.31517591 0.41081714
51.23049142 8.71610728 3.59291256 0.09837721 0.06236087 0.35677186 0.45496731
28.27739325 3.72657691 0.62157600 0.02882589 0.06997761 0.20674074 0.44262631
52.63589624 6.40458999 4.45189785 0.08221409 0.05022695 0.24870512 0.34546474
56.19696564 8.81084495 3.59993819 0.07995438 0.07829672 0.12730469 0.53373018
32.26070188 8.96538414 4.41539082 0.04762715 0.06978134 0.60760425 0.62060309
42.15789272 9.14491382 0.73688770 0.06071888 0.06083037 0.08467056 0.63795167
53.35993950 9.82554095 3.55044472 0.02395218 0.06389136 0.28009870 0.24492951
49.41383110 8.85809334 3.67109937 0.03503983 0.06406152 0.24370757 0.26585280
34.35826533 4.82434752 4.58715168 0.00956996 0.14017932 0.87668545 0.09178318
51.40151059 9.16753348 3.73484724 0.08520629 0.06065308 0.11323586 0.45654909
53.74669380 9.39183958 4.41069497 0.09390241 0.06628078 0.41018241 0.44244444
52.14711464 9.26951447 4.41484997 0.08861692 0.06248110 0.09670103 0.56087350
58.94409386 8.19720442 4.29815956 0.09279530 0.05535934 0.32334559 0.93768945
36.90898104 7.85355425 3.44466253 0.04609815 0.18753071 0.48264002 0.08828902
58.05267990 8.54592102 3.75541709 0.03569295 0.06515828 0.05157319 0.50985334
56.23197413 8.43835696 4.29653394 0.02493075 0.05001880 0.11012857 0.59454309
57.81012317 9.52428867 4.45327800 0.09016990 0.06403137 0.22941925 0.73107511
51.63239149 9.74018431 4.21775492 0.08917608 0.05977622 0.23752760 0.69003220
34.22174821 2.58208168 2.62325961 0.04674798 0.05879839 0.42207542 0.00514327
56.87844509 7.50479453 3.91867109 0.09772228 0.05090333 0.04741351 0.53737855
52.49223275 6.46060068 3.60203091 0.03490348 0.09929848 0.09027485 0.54946589
27.79216527 3.87645492 3.29053055 0.06774328 0.10782259 0.14600482 0.82497028
55.81644893 7.07679626 4.39497374 0.09960643 0.06646374 0.04054278 0.44643545
53.37684378 8.68768300 3.33258712 0.04714801 0.05713707 0.44749864 0.97642868
58.49326913 9.54911040 3.56183259 0.07961179 0.06940909 0.24172033 0.40399116
43.66584547 9.85005789 3.02855792 0.08709204 0.09924611 0.24528764 0.53392021
40.21524314 3.66343963 1.00345395 0.00591718 0.09658080 0.96388777 0.10970602
54.85285410 8.53842213 3.82145261 0.05019554 0.07275899 0.05867888 0.42443468
25.79542722 5.95138829 0.93335988 0.02574652 0.19825443 0.51085515 0.29555812
58.95881748 7.61674977 4.18419186 0.09440970 0.05889921 0.24613225 0.78955145
57.53865521 9.17464655 3.50540382 0.08220291 0.06719361 0.36346498 0.52741735
54.21829965 6.33653333 4.90109269 0.07574097 0.05746056 0.17203286 0.38212967
56.43290590 8.69564120 3.56118793 0.08721819 0.05969923 0.10137016 0.68947798
59.02666635 8.83458782 4.50972210 0.03143656 0.06125452 0.25131166 0.14185023
22.03350737 5.26776505 1.49062686 0.03158305 0.19292472 0.29808820 0.74256807
45.52938663 9.58317538 4.21131233 0.08858239 0.05022725 0.24904925 0.72449362
42.26307845 2.56235269 0.62237892 0.06740060 0.06315762 0.00160449 0.32518931
58.04329911 1.95809387 2.67225680 0.02770777 0.10097740 0.05063787 0.14744942
53.31758906 9.33287482 3.66887758 0.08012948 0.05427188 0.37502100 0.85325126
47.94643166 4.97185444 4.85769329 0.07537115 0.06071626 0.61664477 0.96674947
58.64212134 8.17730311 4.35936987 0.07492575 0.06077784 0.23344817 0.58749375
37.44184297 6.68502762 0.80602702 0.05487206 0.16226405 0.75096430 0.91763036
49.80361566 8.28859408 4.38973869 0.08100241 0.05906921 0.33666192 0.63824183
56.00270024 4.96145346 4.31479738 0.01229055 0.06938996 0.83475178 0.65482826
56.99272705 9.04961822 3.98846061 0.06594833 0.05843981 0.25992827 0.84750913
29.12391577 1.93558324 1.02488093 0.02307084 0.10795096 0.74368030 0.97872793
55.58003436 9.63631015 3.61265180 0.08736384 0.05058894 0.06151519 0.61795904
54.50432659 9.82518436 4.32750310 0.09960513 0.05831047 0.40308314 0.48212728
50.63458987 8.25749182 3.85064882 0.07590859 0.10724567 0.97159150 0.28171056
54.03645470 9.40152664 3.49739784 0.09633231 0.06276453 0.52648804 0.72540455
26.02177667 0.57880233 2.64182910 0.01224451 0.14870511 0.99997947 0.20147693
56.56747935 9.35292786 3.98093645 0.08956169 0.06523753 0.23739363 0.76879307
56.42398529 1.87578676 4.14499993 0.00983140 0.17651593 0.52619737 0.96421006
49.44659368 3.34318742 1.64713987 0.08933122 0.12301680 0.42276437 0.70833367
48.51182616 0.88536284 3.65783723 0.06943183 0.11550152 0.80938228 0.05280432
57.99958283 7.85765401 3.70663875 0.09116760 0.05432406 0.04159424 0.48318142
56.36567196 9.84786277 3.55713451 0.02636317 0.05425252 0.50712112 0.19224358
57.62594530 8.78511835 3.96634300 0.09040072 0.06346665 0.35691592 0.63795717
54.43970322 8.36016467 3.96341447 0.09226556 0.05962994 0.24460622 0.51637615
48.53240407 3.91651031 4.63855436 0.06444236 0.18610803 0.77271074 0.25201331
47.89382495 9.82507487 3.35195555 0.03843749 0.05091290 0.19206969 0.24975597
21.66022437 9.62935876 1.81102777 0.09835096 0.07069976 0.58935429 0.82681694
52.54468729 8.91245375 4.55054405 0.08514853 0.05409845 0.20284703 0.53815134
33.50704267 3.71727081 0.55591441 0.02097744 0.08250911 0.41978208 0.01500514
24.80726456 6.15554571 3.16179710 0.01545243 0.19742622 0.00855436 0.65797122
59.07626618 8.08987906 4.67104867 0.09032673 0.05042596 0.41895468 0.91377983
44.03160520 4.64563599 1.21327260 0.09220061 0.09653831 0.54916395 0.97329358
44.25387270 9.74706047 4.26884396 0.08275892 0.05513690 0.27163915 0.79408789
32.78348731 5.80238714 0.74918483 0.06632003 0.18215090 0.05791199 0.17078745
57.91806050 9.73247081 3.90077107 0.09836225 0.05196496 0.12986359 0.45238827
59.10844258 8.93589402 3.90844279 0.06362738 0.06778259 0.28483875 0.70873378
59.85409809 3.99389289 1.93758097 0.05761723 0.11768130 0.48407235 0.27840104
54.11980463 8.58379409 1.72821401 0.02155050 0.13327346 0.24877715 0.58417919
21.78192241 8.24702869 2.62957213 0.08577587 0.10735937 0.71122141 0.11472653
50.78409287 8.78802585 4.81687265 0.08968149 0.05785573 0.07949458 0.65410597
57.35259442 9.02121935 3.00710954 0.01695680 0.05350722 0.18250498 0.18811907
25.07728629 6.44537889 3.33113125 0.00435839 0.17734397 0.78322181 0.79078483
57.81121782 9.18204285 4.09858184 0.03908818 0.05314229 0.06659047 0.19331203
32.47031530 4.73800847 4.46983963 0.00411889 0.14864473 0.51790229 0.31228826
52.66349661 9.98755298 3.84329475 0.05135241 0.06957767 0.42289167 0.87468047
58.34912135 9.09346836 3.64741004 0.06696602 0.08994869 0.18940514 0.70424150
57.92678292 7.48065584 3.98306092 0.08025138 0.06391632 0.24128481 0.45499053
56.25025815 7.10573034 3.91384380 0.07993117 0.06108876 0.22487209 0.50687665
45.73747772 0.42786738 1.53844440 0.01854558 0.14040252 0.35349962 0.86369348
48.93598774 1.70052895 4.63188167 0.03315787 0.19993530 0.16865667 0.01333097
39.97011985 2.96730164 2.55856368 0.08671990 0.10614033 0.67791672 0.69575231
57.51017286 5.74585928 3.47514034 0.08419373 0.15915469 0.64888244 0.55433829
49.78268128 3.67246848 2.68535530 0.03913728 0.05494839 0.07485501 0.26604508
59.10776976 7.83765687 4.00875724 0.09395034 0.05644279 0.09580276 0.67571611
51.60922779 8.70838219 3.60279374 0.09004800 0.05040778 0.51998161 0.72720854
56.27578778 6.98851462 4.60002515 0.09551172 0.05620809 0.23936177 0.28051285
52.84512605 9.25331365 4.35094713 0.04703302 0.05740422 0.17569319 0.88807257
55.77557965 0.71164630 4.87487292 0.03364780 0.13069576 0.37516869 0.08521081
21.36140382 6.48702730 3.59792581 0.03915637 0.05174019 0.83299945 0.21090327
37.51405711 4.97968299 1.07867821 0.09866419 0.05992993 0.40617442 0.86522751
30.37703918 9.54046388 2.85104221 0.09994940 0.05899385 0.83303230 0.93444422
56.87132142 8.96082736 3.30573234 0.07474032 0.06116927 0.20293655 0.75145327
29.30207275 6.15618167 1.56214338 0.00759549 0.15871142 0.50121444 0.71091308
51.14667364 9.63475181 4.17477119 0.05240904 0.05319758 0.13881337 0.91258124
56.18484199 9.41958714 3.86906991 0.09748822 0.06639737 0.28470223 0.63769096
38.44767200 3.37040075 2.62973827 0.09797685 0.09937880 0.36700288 0.01208805
49.91992659 9.24344298 4.49881765 0.04855343 0.05074261 0.19351871 0.89156994
44.87552931 0.62673080 4.28136551 0.05924140 0.19541277 0.95799088 0.25393360
46.85250369 1.15599027 3.20643073 0.08443035 0.07646923 0.83760253 0.02245273
51.91131250 9.72022209 3.56809556 0.09214804 0.06410887 0.57144141 0.77416159
56.79049248 8.78293349 4.35199005 0.09800315 0.06202348 0.07456242 0.50414885
40.93654202 1.15491033 2.16743489 0.03828067 0.05664333 0.34442936 0.32270636
32.01260167 6.26789014 3.63906765 0.03194363 0.16368643 0.53204398 0.76901582
56.24896245 9.60204080 3.74852689 0.08660699 0.05699278 0.40232377 0.53366074
34.27040728 9.81878558 4.50059425 0.08343044 0.06346841 0.81457174 0.23834885
58.26644556 9.03452245 3.57932928 0.08906635 0.05209116 0.02937704 0.49681425
53.47328209 8.99820075 4.13373316 0.07677789 0.07070367 0.17949290 0.48319464
51.61729300 9.67092868 3.90891549 0.09549954 0.05869441 0.09358919 0.60073962
