51.64917372 9.02762774 3.33899971 0.05966098 0.05897291 0.31891273 0.53587024
58.80931800 4.69741239 0.94818420 0.07651092 0.13851703 0.73042913 0.33752853
42.09492902 9.25296755 3.33636817 0.06940263 0.05779306 0.29647457 0.47560444
48.09882197 9.25538503 3.31858903 0.06483997 0.06801462 0.38569688 0.36763178
46.17155558 9.10202464 3.11688320 0.04932518 0.06257670 0.34712126 0.97692769
25.82213369 7.87198483 4.30407931 0.08169818 0.06298901 0.00342287 0.30145532
46.44033638 9.51452316 3.06026595 0.06720042 0.06081652 0.01836530 0.52070047
52.16473395 8.29804728 2.29174117 0.04838621 0.05361568 0.31880168 0.68586327
27.89069761 0.65847779 4.93608045 0.06748549 0.18066254 0.30299462 0.20052568
41.89865004 4.79975346 3.18158111 0.02631126 0.19069484 0.45491454 0.04266845
44.45080240 3.83117092 2.28767676 0.01477123 0.08310370 0.93132285 0.10206384
48.65975230 6.47587891 0.97090817 0.09752839 0.11462458 0.95602418 0.27182459
26.75384656 5.00308798 2.01375627 0.09633337 0.13532890 0.90021932 0.01760558
53.88540296 9.48667474 2.80500947 0.05203848 0.07130365 0.34238732 0.23994425
53.32448637 9.95049122 3.24929932 0.03992499 0.05296210 0.65065731 0.50033798
55.31892008 8.32672676 2.83035149 0.05787748 0.06302800 0.43319067 0.50670917
56.07351760 8.42038213 3.17163674 0.02816331 0.06408323 0.01330616 0.86817486
47.03259568 9.16063647 3.45102965 0.05801632 0.06349131 0.31232504 0.44540159
50.76463858 8.68284049 2.64940208 0.03444816 0.06639267 0.56119893 0.55805428
55.46048197 8.72898060 4.68629095 0.03665885 0.15447187 0.84679668 0.82594616
59.42019017 9.58828546 1.42781549 0.03420041 0.12820509 0.93952166 0.52377787
53.13599174 7.46420190 3.05412140 0.04174878 0.06416207 0.11632626 0.86752708
48.38441076 8.45513586 3.51212909 0.05273442 0.05055032 0.24985106 0.97320029
38.69102990 6.96298291 2.90223097 0.03188904 0.09395807 0.96729928 0.63965405
52.06632483 9.21058635 2.97220756 0.02681572 0.08266566 0.51980255 0.46519666
46.36903449 8.72179815 3.03383896 0.05553929 0.05663274 0.29589537 0.55913027
59.85770596 9.75877527 2.71416700 0.03863320 0.06511126 0.03391962 0.87897930
29.71327117 2.17979739 3.69635154 0.01433161 0.07583498 0.71180662 0.15506817
53.97797664 8.84721700 2.61287243 0.05211206 0.05873220 0.20380493 0.73581106
55.97034252 9.40124347 2.44278203 0.03965026 0.05387495 0.19612611 0.78928908
50.75840168 4.05481835 1.48797666 0.00280671 0.08306003 0.57184412 0.64902157
48.58869298 8.85365062 3.59149353 0.04285384 0.05406239 0.24570978 0.95906429
44.29033172 9.48895847 2.82637491 0.06331427 0.06231519 0.34006993 0.50592191
46.18179693 8.10466688 3.10501848 0.01118548 0.05354802 0.24121620 0.72068282
58.12242796 9.46712548 2.80528291 0.04542139 0.07564314 0.25282077 0.93492564
45.73245981 8.94231240 3.46988854 0.07314967 0.06011595 0.46214767 0.26134620
44.03849273 4.33715303 4.45554087 0.06204258 0.17139345 0.27862557 0.13105085
48.01417173 2.37768085 1.40589496 0.06886912 0.11070512 0.52616347 0.58438565
58.73071951 9.16990396 2.50957538 0.03021192 0.06341628 0.48332930 0.41266570
43.56378713 9.01988527 2.94601709 0.08706364 0.11306362 0.88608206 0.46691072
55.01302800 9.13699878 3.16514594 0.03655906 0.06670704 0.59343107 0.58140987
50.29486801 9.20936941 3.39348045 0.02428345 0.05012304 0.14007588 0.52108740
51.37566429 9.68565837 3.45005622 0.05315542 0.06596083 0.34461127 0.55552803
48.41319162 8.24667539 4.14280012 0.06140096 0.05302400 0.15948839 0.46763893
53.64431565 9.15408297 3.20034155 0.04917419 0.05737043 0.10992438 0.83000443
53.11743760 2.40483752 2.62401793 0.04607853 0.15983048 0.80381113 0.05224417
45.77460877 8.54376800 3.85626198 0.05961062 0.05832084 0.28019247 0.54481580
33.76651980 2.16568032 4.35494899 0.05798884 0.09069269 0.14650285 0.04954434
52.52004809 8.90206552 3.13301527 0.02731203 0.06425659 0.52498634 0.34539905
50.31828235 9.52250486 2.90799183 0.00512215 0.05148015 0.20125088 0.63375966
48.89494456 8.18121340 3.39848840 0.04228597 0.05460399 0.28193439 0.42186645
47.07078505 9.07109305 3.53897348 0.04865204 0.06213798 0.31735573 0.88070995
37.60244227 7.60163719 1.77804643 0.03079626 0.14506737 0.48563881 0.32955776
51.17630465 7.76339469 3.35873573 0.05259202 0.06822073 0.14835682 0.93946083
41.44321738 9.35522763 3.59714978 0.06385377 0.06698529 0.37326587 0.32462556
52.86759089 8.74495287 3.17192645 0.03957417 0.07458669 0.05902886 0.94307640
54.45805004 9.40797762 2.85922753 0.02900454 0.07091980 0.44064627 0.62636282
47.65576126 9.72736911 3.81534364 0.04354482 0.05424839 0.30086083 0.58572807
50.01929095 7.81071372 2.35591681 0.05890070 0.06162745 0.51246494 0.66974454
57.33611369 7.66670267 3.40011422 0.01945167 0.06068751 0.05870637 0.78616777
44.93102331 9.44930376 3.14332842 0.07084076 0.05319313 0.25418063 0.58601427
45.14364928 9.13766676 4.20718390 0.05168374 0.06251625 0.13457083 0.47226618
53.87725178 7.67182663 2.68679905 0.03279798 0.05409808 0.08301249 0.86331771
44.40503758 9.96331736 3.11169030 0.07204292 0.05857697 0.19325842 0.45332820
57.36279591 8.56532235 2.72466890 0.03555230 0.06651920 0.51744205 0.48348287
57.33408853 0.36192384 1.50821528 0.07555347 0.19625168 0.57338694 0.34548001
45.88660654 9.94304291 2.75642244 0.07524497 0.06190463 0.20453760 0.39969224
46.68760042 9.39291161 2.75172270 0.05659329 0.07089956 0.39754161 0.49043837
23.54978569 2.16758534 2.70619703 0.00110963 0.15808892 0.17692433 0.64617340
52.65419030 8.03875445 2.88980034 0.03777632 0.05786958 0.04447869 0.90197189
54.57833894 8.59844908 2.79517833 0.03616653 0.06053558 0.51699171 0.38444212
45.26790255 8.15947840 3.68288346 0.05655265 0.05550072 0.18868688 0.47265242
50.99111571 9.81098327 3.08645777 0.02758097 0.06757109 0.24038267 0.61413149
46.55355558 9.03756821 3.20621095 0.04710149 0.05721552 0.27648360 0.60590123
47.86840374 6.17555877 2.19876197 0.01838249 0.19862537 0.10667286 0.88919456
48.85095865 9.23637282 3.62401772 0.04909069 0.05018959 0.28421849 0.37871196
50.15548023 8.39534043 3.07566675 0.03055505 0.05576887 0.01858742 0.99494913
49.79244594 9.23165962 3.28995298 0.04518018 0.07393336 0.29880158 0.53069786
47.59331166 8.96488713 3.07463983 0.02145070 0.05338658 0.09301387 0.50067822
53.27068326 9.40734772 2.61968417 0.04281090 0.05538757 0.49177263 0.55742639
41.70279240 8.70383247 2.98074653 0.05291632 0.05867003 0.22270509 0.36857692
57.62965895 9.14900598 3.10944416 0.04308199 0.06604576 0.29657284 0.76853449
42.36709090 2.29721034 1.88028448 0.04322402 0.07177757 0.49658895 0.08921453
52.79695393 9.87525019 2.51109752 0.03440433 0.06627031 0.44377474 0.46729017
49.54566543 8.51027010 3.47054789 0.04745673 0.05706994 0.28101130 0.78151364
45.71398369 9.02095137 2.97013297 0.03878460 0.05506625 0.21200864 0.53225007
45.72050089 9.15053569 3.38503848 0.08799051 0.07066157 0.02517630 0.31685986
44.49808352 9.24580396 2.91484779 0.06131600 0.05530908 0.26037012 0.46798718
52.30267026 9.37610856 2.68916343 0.05855525 0.06052713 0.39118974 0.58351781
48.87764975 8.29215603 3.27696798 0.05011811 0.06333618 0.37677404 0.35105124
49.58972390 8.03647713 2.98990828 0.03071533 0.06923855 0.52350200 0.53741413
55.77832146 9.48455834 3.18036989 0.04685688 0.06123777 0.24248850 0.94211847
46.65549064 9.77183890 2.90796627 0.05685290 0.06697777 0.25001536 0.47786494
50.63767244 8.52170009 2.57692748 0.06467323 0.06015763 0.47660265 0.54597335
26.64395360 5.70307795 1.26630768 0.06969613 0.14351555 0.92254201 0.67197488
43.81370506 9.77828573 3.34126469 0.06285230 0.05387481 0.37571131 0.50568444
46.18254894 8.72818767 2.90763065 0.04291484 0.06846534 0.14046167 0.82060104
57.21386303 9.07399837 3.32288178 0.04957183 0.07197385 0.30205068 0.72667706
55.46487889 9.85376056 2.35534469 0.04047517 0.05092067 0.01803356 0.86456343
45.27709013 9.43961050 3.01586351 0.05300274 0.06136813 0.52770364 0.47476805
52.50825457 9.09713858 2.55052618 0.03300848 0.06199499 0.06298257 0.92995359
52.17694592 9.91469029 3.63319438 0.05575623 0.05858343 0.36870769 0.53146086
57.05283209 5.46842058 2.86749518 0.07267585 0.05715132 0.94444225 0.15462217
40.52669929 8.37894037 2.25346464 0.09482413 0.08561996 0.30750924 0.97267428
40.09933879 3.48607921 2.07854635 0.07765677 0.07421256 0.16811946 0.02949007
41.22959876 7.16636109 0.50698934 0.09565879 0.19128322 0.88412076 0.13759797
52.57246423 9.84307368 2.92717713 0.03258961 0.06718102 0.54531345 0.56784452
55.48595758 7.86807079 3.25825607 0.02999323 0.06168997 0.03032120 0.90157167
59.85266887 2.46192330 4.06704560 0.06259663 0.10472362 0.45013491 0.40454094
43.47852745 8.70613860 3.07842771 0.04288969 0.07285024 0.23437009 0.45620090
48.32785912 0.30468400 2.02830526 0.09113931 0.19385271 0.01977669 0.87683010
23.33281226 0.49887963 1.81268003 0.02906673 0.05919338 0.78125583 0.17562115
49.97521221 4.83849461 2.08862489 0.03914963 0.05358826 0.66490267 0.27374487
47.60703774 9.01244011 3.05541666 0.05193682 0.07157915 0.31744071 0.38863773
43.70450823 8.56511449 3.10427497 0.05311772 0.07062027 0.36279757 0.35521463
49.10492989 9.41494669 2.89995552 0.04643500 0.06103344 0.39795852 0.46998009
42.57813814 8.70580882 3.16617134 0.08924566 0.15838976 0.11276601 0.51640319
48.95820154 9.05002530 3.57129473 0.05696647 0.07909070 0.33348113 0.23664653
48.04564132 9.42903628 2.69752378 0.03413540 0.06050467 0.46388184 0.38321886
35.75925913 0.85178108 0.63341566 0.00215261 0.07389438 0.02908583 0.94962119
46.41751551 9.04133412 3.68201699 0.02924806 0.05239496 0.16008290 0.61522978
43.40419284 4.92025044 4.40698885 0.08762750 0.05296427 0.02840338 0.77743125
59.38240195 9.72756213 2.72702299 0.02470351 0.05788002 0.15094761 0.72030594
54.05795465 8.73062772 2.83097504 0.04885126 0.05785825 0.39518172 0.79263165
47.76955266 4.47097432 1.07589318 0.01592330 0.05974670 0.24606672 0.87706759
49.85463858 5.64261612 2.01193422 0.00354783 0.08909522 0.71559554 0.69671526
51.62169687 7.83343511 3.02928962 0.04925720 0.05489548 0.51056075 0.65269490
49.70487381 7.65894756 3.67330077 0.04437230 0.07211717 0.29303341 0.42965689
