62.88318723 13.36321036 6.87222656 0.01836022 0.05472876 1.28404842 1.07105826
36.39547452 4.21689126 2.34449088 0.04157880 0.11148303 0.40988686 0.40988686
62.65401976 11.07766862 6.00075455 0.02194178 0.06166201 1.16463054 0.94287260
69.52190543 11.64741046 5.40399710 0.00313277 0.05305257 0.80115259 1.09029785
29.46817489 2.51970285 1.56516968 0.02443373 0.08550566 0.23670437 0.23670437
60.99542262 14.68841553 6.62852028 0.02452018 0.06495653 1.33499323 1.06536299
33.31894558 3.46314167 1.99838138 0.03396439 0.09994605 0.33297364 0.33297364
72.63782114 9.79175014 4.97956941 0.11064346 0.06773760 0.79829014 1.02862913
27.37008831 2.00567164 1.32913494 0.01924097 0.07763783 0.18425221 0.18425221
64.85879977 12.50913818 5.50289172 0.01149696 0.05709759 1.03063600 0.86525713
63.87541470 12.43768653 6.00826473 0.00630099 0.05649360 1.22805932 1.06456177
67.69598881 11.80481486 6.03362966 0.01862877 0.06634344 1.26388646 0.83438584
26.08525748 1.69088808 1.18459147 0.01606101 0.07281972 0.15213144 0.15213144
36.98583468 4.36152950 2.41090640 0.04303994 0.11369688 0.42464587 0.42464587
63.83264478 12.66110028 4.53326154 0.04211261 0.05445447 0.92843078 0.98963155
56.91255162 13.02545020 5.52339317 0.09774475 0.07108366 0.81765204 1.02305610
60.77968765 11.15588735 4.87125616 0.04447563 0.07093290 1.09496374 0.97220870
58.32558747 12.98521046 6.42462003 0.02627925 0.05253933 1.00746294 0.82960199
70.18664295 12.06884001 5.00282970 0.00709002 0.05797205 0.80427502 1.06086443
29.29832977 2.47809079 1.54606210 0.02401337 0.08486874 0.23245824 0.23245824
68.28786644 12.04509535 5.15663248 0.02045069 0.05429854 0.76003630 0.86209740
32.09075837 3.16223580 1.86021032 0.03092463 0.09534034 0.30226896 0.30226896
54.72766390 13.74413336 5.55267044 0.09848706 0.05547048 0.99149691 0.99798352
62.99849701 10.95605256 6.07305638 0.02723159 0.05010993 1.19979233 0.81210665
25.89969212 1.64542457 1.16371536 0.01560174 0.07212385 0.14749230 0.14749230
62.02568732 13.27383443 6.21086324 0.01107309 0.07185336 1.16016312 0.99851098
68.48019219 12.00693070 5.36124582 0.01076771 0.06391556 0.72141480 0.91610183
46.51694896 6.69665250 3.48315676 0.06662945 0.14943856 0.66292372 0.66292372
60.99558581 11.89335732 5.50841368 0.01566544 0.05219495 1.28008707 0.94225998
56.39132819 11.06396587 5.47824495 0.11262888 0.07865704 1.08474229 0.83775368
55.90786187 11.39785044 5.83749758 0.10453672 0.06704204 0.96836900 0.90857149
55.80633275 13.28095289 5.62709749 0.09685912 0.06999009 0.91655720 1.00171165
34.81738092 3.83025833 2.16695535 0.03767302 0.10556518 0.37043452 0.37043452
63.55000488 11.73086568 5.99677699 0.02234333 0.06037915 0.90827501 0.90626508
64.70476385 12.86646052 5.38263970 0.00806201 0.06792521 0.77292557 0.95342774
29.68080746 2.57179783 1.58909084 0.02496000 0.08630303 0.24202019 0.24202019
44.66642306 6.24327365 3.27497259 0.06204940 0.14249909 0.61666058 0.61666058
61.87160694 12.97306311 5.37859996 0.01113846 0.06798658 1.24450388 1.06738938
28.69173670 2.32947549 1.47782038 0.02251205 0.08259401 0.21729342 0.21729342
63.43867540 11.70596876 6.28414159 0.02864846 0.05602660 1.19227160 1.09717449
67.17321447 11.67082181 5.22915979 0.02467887 0.05583500 0.79804269 1.09138951
37.05675586 4.37890519 2.41888503 0.04321547 0.11396283 0.42641890 0.42641890
22.80950735 0.88832930 0.81606958 0.00795353 0.06053565 0.07023768 0.07023768
64.13649426 12.53358432 5.06987831 0.01134663 0.05354208 0.85765689 0.86317249
70.38563491 9.85953523 4.89083842 0.12465989 0.06319133 0.74116854 0.87420010
58.19958893 9.55889929 4.79745375 0.09554398 0.19324846 0.95498972 0.95498972
41.55851217 5.48183548 2.92533262 0.05435732 0.13084442 0.53896280 0.53896280
38.96664601 4.84682827 2.63374768 0.04794245 0.12112492 0.47416615 0.47416615
37.58576340 4.50851203 2.47839838 0.04452476 0.11594661 0.43964409 0.43964409
65.44789510 12.24675349 5.54098356 0.01109799 0.06054239 0.82693928 1.13426222
71.26687554 11.28291392 4.85931935 0.04371687 0.05703620 0.75721149 1.08546459
62.07859814 10.99223027 5.31632600 0.02202747 0.06394429 0.96083600 1.18545408
63.98920659 13.12038179 6.07854049 0.01829330 0.07741987 1.23319529 0.96729324
47.19230098 6.86211374 3.55913386 0.06830094 0.15197113 0.67980752 0.67980752
65.32026445 12.04859917 5.84989290 0.12091336 0.06271111 0.80887761 0.86926095
67.69659145 10.40305456 4.56170724 0.13441259 0.05819789 0.81249157 0.90672322
66.81955246 9.94255618 4.78700654 0.13780852 0.05501978 0.95411487 0.93914906
61.85967119 13.89701194 6.26456845 0.09877858 0.05974694 0.91514015 0.92872532
43.73415560 6.01486812 3.17009251 0.05974204 0.13900308 0.59335389 0.59335389
62.63041157 12.21005099 5.20484044 0.02110902 0.06708425 0.72139916 0.93704553
72.41029736 10.47065022 5.03664604 0.12122666 0.05005282 0.92353233 1.04742557
40.88518968 5.31687147 2.84958384 0.05269084 0.12831946 0.52212974 0.52212974
69.13001321 11.84909241 5.16727952 0.02961190 0.06698114 0.97629921 1.18367172
62.60797134 11.12081622 6.01319797 0.10880563 0.06662531 0.97717903 0.82742701
39.12902626 4.88661143 2.65201545 0.04834434 0.12173385 0.47822566 0.47822566
26.54528564 1.80359498 1.23634463 0.01719958 0.07454482 0.16363214 0.16363214
59.43777502 12.44092695 5.69454887 0.00183345 0.06216904 0.95839961 0.91778900
66.61274165 9.98780943 5.57318812 0.10511290 0.06792588 1.07543614 0.80248922
65.63326893 12.56808053 5.28825803 0.02156945 0.07127848 0.91415660 1.05668039
63.73018333 12.94745444 4.98204815 0.11077968 0.05296423 1.07035796 0.86497823
51.87327979 8.00895355 4.08574398 0.07988637 0.16952480 0.79683199 0.79683199
64.68204341 10.51476860 4.64725666 0.10186097 0.06211070 1.36369552 0.81860641
58.09098567 11.27647421 6.30176775 0.02504258 0.05057584 1.20788666 0.96925330
58.81090939 11.04026581 6.16340999 0.10672726 0.05570992 0.99339795 0.82966056
61.87921530 13.07081008 5.91215421 0.01749257 0.05403944 1.35962159 1.07191979
50.34940661 7.63560462 3.91430824 0.07611478 0.16381027 0.75873517 0.75873517
62.64538861 11.97517496 6.14437888 0.01927391 0.05781153 1.35965743 1.04404883
60.89644113 13.30964125 6.40479929 0.01866575 0.05821994 1.32371902 1.05561541
62.48291800 13.13843071 6.35734775 0.01807516 0.05788219 1.16991844 0.82574488
72.11681709 9.63036155 5.50223759 0.11724125 0.07032565 0.90136123 0.99206565
59.82894025 9.95809036 4.98075578 0.09957663 0.19935853 0.99572351 0.99572351
62.37779910 14.68560868 6.64030695 0.02177033 0.06037901 1.28560330 1.03151606
55.48811284 11.97695730 5.41682095 0.10336411 0.06196629 1.05185911 1.09956106
65.12009516 9.88387686 5.45595233 0.12627077 0.05218745 0.84947004 0.84989205
69.95867080 11.62405852 4.53613662 0.03745635 0.05275641 0.69596135 0.98769935
35.70330649 4.04731009 2.26662198 0.03986568 0.10888740 0.39258266 0.39258266
65.85662047 11.76470530 5.05829947 0.11322454 0.06325672 0.55600030 1.01316619
58.19573297 9.55795458 4.79701996 0.09553444 0.19323400 0.95489332 0.95489332
37.06490143 4.38090085 2.41980141 0.04323563 0.11399338 0.42662254 0.42662254
65.69593246 9.07506032 6.09364616 0.11172652 0.05084441 0.71696264 0.75122755
63.61715854 11.26841754 4.73523824 0.03695255 0.05939927 0.74945909 1.05356691
66.44772174 12.77530657 4.88481236 0.03056084 0.07670959 1.11535927 1.05108897
60.69142736 11.93806637 5.97498669 0.10203408 0.06746279 0.98763711 1.03718213
71.07449339 9.98623024 5.82596588 0.11991054 0.06202646 0.73108950 0.94623941
63.42276511 11.00091925 5.38987552 0.02966442 0.05593658 1.00599024 1.06632786
61.53850925 14.79334893 5.57698455 0.01496055 0.07976377 1.23653619 1.05409122
64.19290461 11.97926376 6.36989273 0.02404337 0.06433328 1.33735362 1.11658645
66.49933407 12.71442843 5.15833985 0.02567002 0.06913257 1.13362933 0.89205006
60.38386733 11.62416860 6.22379592 0.00794061 0.05473590 1.07672998 0.92877342
67.51108881 8.48683676 6.13537102 0.13286478 0.05593781 1.12288994 1.02447889
45.39333990 6.42136828 3.35675074 0.06384852 0.14522502 0.63483350 0.63483350
62.40875437 9.10478171 5.66478280 0.13587278 0.05273654 1.10574871 1.07752363
65.32852027 11.93381037 4.59828059 0.04035855 0.06897303 0.73987518 1.04549568
61.69517412 11.78616481 6.10326464 0.11007000 0.06038032 0.98028899 1.17887416
65.13820691 13.22103554 5.07500296 0.11486378 0.05367671 1.07822695 0.86506289
66.89385399 12.00807362 5.31042190 0.11189562 0.06465503 0.63593248 0.98494147
24.76315666 1.36697338 1.03585512 0.01278881 0.06786184 0.11907892 0.11907892
25.71410565 1.59995588 1.14283689 0.01514241 0.07142790 0.14285264 0.14285264
64.01856012 10.00531448 4.98579791 0.09717655 0.06583516 1.30742558 0.75455325
58.99314155 12.42730506 5.70017775 0.11300365 0.05691910 0.98567803 0.93290577
64.94630400 9.43919600 5.68480703 0.13024926 0.05254176 1.09165026 1.04956064
62.31557406 13.90768768 5.62061875 0.10501144 0.05121597 0.97498930 0.96687049
60.12353572 11.71414089 6.47921647 0.01761343 0.05647793 1.23843397 1.11633980
68.82724521 12.88530814 5.09848525 0.02881764 0.07147928 1.14298214 0.91903746
66.22197993 10.57893831 5.70781062 0.08565373 0.05257818 1.14090617 0.84934921
65.26901101 11.07230692 5.79917449 0.01851927 0.06560814 1.19453873 1.00126201
73.39904024 10.18926683 5.29715098 0.11817792 0.06185305 0.81454281 0.99330781
38.30524626 4.68478533 2.55934020 0.04630548 0.11864467 0.45763116 0.45763116
69.85728662 9.66516031 5.84682479 0.11911031 0.07000403 0.78229509 0.92893176
67.29315614 11.89251851 4.99640111 0.01312371 0.06513662 0.81305013 1.02385881
63.16251458 14.37167580 5.22323584 0.09360277 0.06516626 0.93282998 1.07436076
64.69350645 12.02617570 6.03958292 0.01282067 0.06011683 1.22389591 1.12514049
64.06442240 13.88823739 5.96309343 0.01478018 0.05154225 1.33559609 1.13715346
62.11174348 12.34635148 5.75521833 0.00870711 0.06777202 1.16924425 1.09874947
64.52707824 14.80127222 5.62914379 0.00921153 0.06507388 1.15981464 0.85975417
51.03524797 11.26372043 5.87677277 0.09818371 0.07212891 1.05636194 0.84847379
36.56837637 4.25925221 2.36394234 0.04200673 0.11213141 0.41420941 0.41420941
55.26214955 12.62064998 5.00842514 0.03778324 0.05325414 1.39682356 1.01696921
