24.88452141 6.36447633 1.79933483 0.06780589 0.06714166 0.18567995 0.93717860
55.59184040 9.33162412 3.84009991 0.05559992 0.05746592 0.36519094 0.22722473
39.53270551 1.93217336 3.40449434 0.04632118 0.17265360 0.18577782 0.25142988
53.31543825 7.63123772 4.37106654 0.09928568 0.06533252 0.67184241 0.39623038
54.03945520 9.44613060 4.75795918 0.08526053 0.05740622 0.35647391 0.15644040
53.44208908 5.85089111 1.95059148 0.09430265 0.08093271 0.37956045 0.82440972
53.91051106 8.56028989 4.03550820 0.08339354 0.05763632 0.11271861 0.58599344
51.52796824 7.94610596 4.53291231 0.08179532 0.05310604 0.31397277 0.32019417
57.11867123 9.35824510 4.99786826 0.06780277 0.06267352 0.16494280 0.43358249
39.33549286 7.62518968 3.73256548 0.00369568 0.10660467 0.90699745 0.22018793
37.82107711 9.58873704 0.52744255 0.03318268 0.08913290 0.98748339 0.21689363
53.53248684 9.45480267 4.46260091 0.08129757 0.06410619 0.33690402 0.20819123
42.25388497 7.34521283 0.70388978 0.07290402 0.14514686 0.46116353 0.86149519
55.27404110 9.22608179 4.11258211 0.07394610 0.06810754 0.31901743 0.23234031
54.66404659 6.84204199 4.72250846 0.08171352 0.05194236 0.62464107 0.35462484
26.23254012 8.60482893 1.78550324 0.07238552 0.14804170 0.62945900 0.02777884
50.93694639 9.38955926 3.77755699 0.05629538 0.05533298 0.22852458 0.14127005
50.80289197 9.10812468 4.75020215 0.07632632 0.06630324 0.52751305 0.11996997
55.07374618 9.20691575 4.44555825 0.06864955 0.05814053 0.48093871 0.43947917
42.89867258 4.58503432 0.94802763 0.00405548 0.19104154 0.97801956 0.48257342
58.64244516 9.70562187 3.85516178 0.08493336 0.06384614 0.25644022 0.19068778
57.22316545 9.72377612 4.63604764 0.07976057 0.05049766 0.41887569 0.17777722
52.84810454 8.74860616 4.57574968 0.08480137 0.07055185 0.50807985 0.30575593
55.72734036 9.33340144 4.68261299 0.06956442 0.05234408 0.24244592 0.49755039
46.52520160 5.78768342 4.53990732 0.02492843 0.13900769 0.21888705 0.82780127
59.08041908 5.77973837 1.83486011 0.08178411 0.10375585 0.18370620 0.57332796
26.15272001 0.64687623 2.13895812 0.03803003 0.08377822 0.01287760 0.50806206
43.52878938 3.21888641 3.37487768 0.04142226 0.11712305 0.05982384 0.28751226
50.37494240 8.28632320 2.12338809 0.01785944 0.10489699 0.52047828 0.22744610
23.72712645 5.28304594 3.17934466 0.04654471 0.17362779 0.20525325 0.17537172
53.58606943 8.87387078 4.70616083 0.09065876 0.06378012 0.56260447 0.32479352
54.62799894 9.07694860 4.53155699 0.08471779 0.06471947 0.51812782 0.63450892
54.70621182 9.11410861 4.95460630 0.09461223 0.05735303 0.31941509 0.18079337
54.33139601 8.13725659 4.51523435 0.06531689 0.06286596 0.38988333 0.39323204
55.24226063 8.14409311 4.37872094 0.08249100 0.05988677 0.72258348 0.40901523
55.69331462 8.48326276 4.33106699 0.08132818 0.05577810 0.55547379 0.05909941
57.92693549 4.51919984 1.60822986 0.09240721 0.06077360 0.52781297 0.50030835
50.93379263 9.09315847 4.07555438 0.08885489 0.06189706 0.41897792 0.18944028
46.66877132 1.68922421 2.08218350 0.04558004 0.06911160 0.06141351 0.49082100
47.91848386 8.93932869 4.58213301 0.06855375 0.05271398 0.34688327 0.29458361
32.25218792 1.63456099 3.35509732 0.02449431 0.13466713 0.98368733 0.39414657
50.13316620 8.53667995 3.92743531 0.08274318 0.06373897 0.01849254 0.39957208
52.56150884 9.85746527 4.55698523 0.08777234 0.05169722 0.34102133 0.29984268
46.35150297 5.24968668 3.44588929 0.00822505 0.14889767 0.49209501 0.07668565
59.82465094 7.01651257 2.84834237 0.06778530 0.14493396 0.56631255 0.85916640
48.20006088 8.37785036 4.42969537 0.06338055 0.06233897 0.56357208 0.21623650
28.79666880 1.05874976 4.70736234 0.02065731 0.10473030 0.91170199 0.75822759
58.97477733 5.90903009 3.81957850 0.00745842 0.13667270 0.19717952 0.85319386
50.89187924 6.91307146 4.32648060 0.08474659 0.07106570 0.76548483 0.36013204
58.71676580 8.57133797 4.55462117 0.09810956 0.05112519 0.01663587 0.08501594
59.83464649 7.66126401 4.19016196 0.09708045 0.05193265 0.12908968 0.15388363
42.48889623 4.23608188 1.61527359 0.06702974 0.19008704 0.46026405 0.41109307
24.98521073 6.40970143 3.78192611 0.05095458 0.16764627 0.23398237 0.82970136
58.50590545 7.92875631 4.25330690 0.07161434 0.05999974 0.25207207 0.14485090
52.71179899 9.26726159 4.82202766 0.08755277 0.05767201 0.22383633 0.21279610
24.13337395 3.56028376 4.32454677 0.09379003 0.19137090 0.30554828 0.99119519
52.33441702 9.66031410 4.79592599 0.09301546 0.07185594 0.52400238 0.47436426
55.08273760 9.63479447 4.28145349 0.07999905 0.05230538 0.43848775 0.02805812
56.22104764 9.22933350 4.84133364 0.07788604 0.07368518 0.22367859 0.17860053
58.54256421 9.53673012 3.04266529 0.07416332 0.07257728 0.02808486 0.23401164
57.97728251 9.43265703 4.61976293 0.07469250 0.05229932 0.36682219 0.17935346
53.45284744 4.98392824 1.71146161 0.01779184 0.12125349 0.89934183 0.24989489
54.52398890 7.80951935 4.08367589 0.08877759 0.05253745 0.19051705 0.37375709
36.63230064 2.61043010 3.12852655 0.07329197 0.07049367 0.99173371 0.92254619
49.67914405 8.61190948 2.80017123 0.09858843 0.17402021 0.22415925 0.65876988
53.09941005 8.61509382 4.18566523 0.07320328 0.05979447 0.37057310 0.38835389
36.10432480 3.10962439 4.19158713 0.06773041 0.14514821 0.53730891 0.29996814
56.40653556 8.13777043 4.68771493 0.07151304 0.06709255 0.57865644 0.64988956
49.85011982 9.69711379 4.23759752 0.06307127 0.05775578 0.32313656 0.28950142
42.19340579 6.00987342 4.03564599 0.01786934 0.16554252 0.66393735 0.10939095
54.19015772 9.00955473 4.68356728 0.06543964 0.05981404 0.32980357 0.11468303
26.82222085 8.26199782 1.23314975 0.03126488 0.15777913 0.10030178 0.96893696
55.09817713 7.90032478 4.79013472 0.07828926 0.05925189 0.60137834 0.35819073
50.35912655 3.46467105 2.53737811 0.08127656 0.14733946 0.25135874 0.00346789
48.04706767 9.17986782 4.07453997 0.09758949 0.06248637 0.33659006 0.25243105
31.58412693 1.71536942 2.99655608 0.04197719 0.09312286 0.89449774 0.08577916
57.52428539 8.84240738 4.97564127 0.08358243 0.06570073 0.29070508 0.20668767
59.63826859 8.86062883 3.35898300 0.06632915 0.05264955 0.07941605 0.16968982
50.47005392 8.55593693 4.51137274 0.07817310 0.06755737 0.49658352 0.10296155
54.60046243 4.07487226 3.19470550 0.00103256 0.15989171 0.67998946 0.34345718
32.07729505 6.87195142 0.68408381 0.00813600 0.17654795 0.09121406 0.97048587
56.47747050 4.00422910 2.06048918 0.05851932 0.13597377 0.70850163 0.12821366
55.30771646 9.95874972 4.40085177 0.05931952 0.05881640 0.50764800 0.43183394
58.52674431 9.44317684 4.38702717 0.07830276 0.06096909 0.37225555 0.11935738
59.13040765 8.65714700 4.32473518 0.05876972 0.06034916 0.60490797 0.54332226
48.51984433 8.58320757 4.21054039 0.08071361 0.05979365 0.47529756 0.10594797
53.91104394 8.93896397 3.47431090 0.06519198 0.05653351 0.52380491 0.29891248
29.56741222 9.85029976 3.80437301 0.08241504 0.12798008 0.15692237 0.81397525
59.05221477 9.90660390 3.65002486 0.07123528 0.05003906 0.05441730 0.23761488
48.33940226 8.14277754 4.35149629 0.07793657 0.06392620 0.46947412 0.15617514
30.20040984 1.08682788 3.02699947 0.01532324 0.19465878 0.92030326 0.66072109
53.17156901 0.79911121 3.99789604 0.04713924 0.18073565 0.57286703 0.90828301
59.48896626 9.55045931 3.20608742 0.07928124 0.06364339 0.04183571 0.21513336
56.34470562 7.85027781 4.47932524 0.07792014 0.06714805 0.66160231 0.39260405
28.59926056 1.73135773 2.83193769 0.07184085 0.08062854 0.28157089 0.63283716
50.78645392 0.35927241 2.17479745 0.04194047 0.09796380 0.92763242 0.64710432
57.26203358 8.21367435 4.94592545 0.06160250 0.06279929 0.22803272 0.23431556
52.67499018 1.67498754 4.45784808 0.03348272 0.09161095 0.16942476 0.52498432
32.33407822 6.52101381 2.83322510 0.02647430 0.15437226 0.62869125 0.41500670
56.75729997 9.57833447 4.93037212 0.08362705 0.06045523 0.07216736 0.42416744
58.35067338 9.52054175 4.11610278 0.07023525 0.06820833 0.26278420 0.34113596
51.16810897 9.56904715 3.94739766 0.05800442 0.05557392 0.29355562 0.11053360
53.14149875 9.46258374 4.47265030 0.08399249 0.05390943 0.53913549 0.34191743
42.41910818 6.14585222 3.71874675 0.04430269 0.16697240 0.11670953 0.58843885
53.82593078 9.68209691 4.30318739 0.06908646 0.06797290 0.49084191 0.37932980
57.23635637 2.94300183 4.44594818 0.03886079 0.12980517 0.77050243 0.24286229
54.23303307 8.69869094 4.49720101 0.07396593 0.06826393 0.41323206 0.12628088
52.51113363 9.03841018 4.27351043 0.06008565 0.06064092 0.60829960 0.33616533
47.23965111 1.46088138 4.15513893 0.07667863 0.07972098 0.39036049 0.34299502
28.90450953 0.33495165 1.00188290 0.05307080 0.17913991 0.93071507 0.36839654
41.75278509 5.19873813 3.16680443 0.09989282 0.11357655 0.71008655 0.86605779
51.78170318 9.57182244 4.32935097 0.08129372 0.05347504 0.27983804 0.27176645
51.90740352 8.63852902 4.67489820 0.09186200 0.07022482 0.57189411 0.38319135
55.66717917 8.69083529 4.34291367 0.07735261 0.07764597 0.25162463 0.35081765
53.18128415 8.68046334 4.26917475 0.07291538 0.05278528 0.23315204 0.47555219
29.38828005 0.25683154 4.43947559 0.06649955 0.07795453 0.39967258 0.96980985
57.95214183 8.35076556 4.18376863 0.07920737 0.06776941 0.28887851 0.33489085
58.21880970 7.78721609 3.97295420 0.08524864 0.06297430 0.21828535 0.28599620
57.32716473 6.81866324 4.62193216 0.07020658 0.05098481 0.30608092 0.03406177
50.36967811 8.42816071 4.36539878 0.06766301 0.05951778 0.48712297 0.09385274
56.01372598 2.48937378 4.92849495 0.01722526 0.06191143 0.80174659 0.47805751
59.64481920 9.75605598 4.42054431 0.07506209 0.05344129 0.12890190 0.52619196
57.66899663 9.80146546 2.92997173 0.08111630 0.06467075 0.12768124 0.22203440
57.87613665 9.37326040 3.98764450 0.08327294 0.05485856 0.29234036 0.05809172
55.60849172 9.09615954 4.47009131 0.09137622 0.05295296 0.47441380 0.36489162
51.19477904 8.70332343 4.54538851 0.06496856 0.05184330 0.36807204 0.02244086
56.01383491 9.20637820 4.61287740 0.08820030 0.05492818 0.44538532 0.23760927
56.75343140 8.70577954 4.44009494 0.07870442 0.06692775 0.56517013 0.59016227
