55.95696308 8.55664344 3.90106086 0.08272650 0.05163769 0.93749762 0.72371677
35.27344448 4.43059956 3.51720951 0.05854300 0.19763897 0.26774421 0.50404697
26.51683349 9.83937498 4.59332187 0.09035836 0.16763633 0.71015281 0.05019612
57.05545239 7.08580049 4.12680248 0.08939610 0.05027339 0.52171216 0.06058390
59.66043462 9.54205798 3.96512855 0.08605844 0.05943407 0.49558253 0.52257811
31.28045833 8.84855879 3.53187834 0.04521360 0.19775953 0.19315833 0.30278881
23.42673941 9.86076664 4.14680320 0.00414965 0.13507679 0.36124400 0.28575070
49.08336984 9.07853176 4.92419683 0.05409226 0.05802833 0.65503310 0.36608121
47.54391216 9.09530158 4.69364968 0.09338133 0.06803367 0.57025078 0.04468627
54.26499437 8.03756535 3.89831891 0.08678271 0.07435710 0.34609264 0.12693316
44.16947856 2.94431177 3.27900307 0.00604824 0.09007322 0.84962883 0.50987642
53.26314875 8.70472848 4.13017098 0.09200602 0.06100879 0.41945918 0.04123951
53.72954360 8.22891198 4.77995110 0.07350266 0.05687821 0.93188902 0.08944655
49.24909078 9.58111786 1.10104776 0.08506070 0.16678229 0.24153101 0.21627311
54.83138959 9.77099532 4.07423427 0.08803957 0.06319375 0.18493316 0.12772104
54.68649138 9.11465484 3.85684186 0.08044609 0.08791310 0.91808799 0.14276993
40.08557768 7.86981669 4.88556098 0.04573683 0.14015002 0.93276749 0.06188885
58.59316080 8.20589641 4.04898650 0.07408649 0.05130685 0.81536412 0.70547503
56.05500451 9.58046520 4.42916147 0.07030607 0.06247688 0.34761633 0.07103338
51.28706858 9.24973819 4.30631823 0.06383907 0.06753866 0.85305807 0.33810527
58.52904333 9.45943965 3.62066665 0.07918859 0.08555824 0.96011122 0.17573998
59.76293393 9.24827896 4.16465944 0.09870521 0.05073426 0.44044155 0.59516971
53.12052464 5.62697079 2.58491021 0.00345698 0.17294242 0.22826353 0.75631642
44.43425246 0.66591027 0.79403916 0.09487915 0.06420993 0.05806549 0.66697937
51.76555846 9.08399699 4.29974968 0.08118939 0.05106731 0.37216152 0.08928203
51.79816372 9.91075184 4.55073599 0.07776117 0.05394307 0.83927029 0.36385373
48.55688825 8.89674732 4.88675139 0.05061803 0.05802442 0.60014895 0.50408007
34.46849486 6.83130094 2.79381951 0.07757233 0.17031033 0.67374067 0.63445628
58.27902130 5.02489979 4.76445300 0.03663717 0.13949311 0.31340639 0.87127720
56.86816776 8.46174903 3.98162890 0.09821920 0.05205491 0.70608313 0.00212164
53.17021280 5.50138381 4.01306718 0.05518289 0.15395300 0.61025826 0.52828651
20.85372090 2.42375812 1.20302863 0.03023813 0.12575519 0.35322019 0.34180930
53.69186146 8.23248065 3.86173543 0.06448732 0.08250240 0.73863314 0.24416677
41.41563065 1.71967833 3.32168656 0.03247358 0.08101582 0.82175163 0.87379000
45.30547986 1.45177705 1.86549851 0.00304348 0.06673555 0.15070366 0.04597738
58.12062990 7.50445947 2.78248587 0.05364245 0.15541126 0.42197360 0.06929567
57.07795057 3.33376683 1.17583388 0.02314597 0.09787975 0.50007913 0.84473938
56.54253922 7.98469574 4.34198437 0.07366210 0.06600036 0.67635749 0.60392678
35.66618836 1.28456780 3.36696215 0.01307119 0.06352619 0.97655921 0.99456367
49.04930210 2.41180397 4.41493284 0.01194412 0.19443334 0.51178496 0.09226280
53.34316643 0.86058230 3.84879646 0.01198409 0.09427691 0.45641185 0.35779968
22.16216153 3.31443068 2.27153740 0.04473738 0.10338786 0.31480694 0.96317250
59.01358683 4.03828510 1.01699154 0.04383110 0.17184710 0.99328652 0.87864147
55.32329223 9.28123503 4.61388596 0.08373268 0.05753927 0.33356589 0.10997073
54.71357872 9.40837536 4.73999877 0.05760187 0.05563392 0.52732032 0.51390868
54.42406650 9.35195061 4.54499141 0.09246113 0.08079972 0.40275147 0.16533528
24.14440011 7.33225166 3.90373191 0.06355941 0.13159719 0.66729823 0.12508433
34.26086353 1.12582285 4.53083975 0.03783338 0.10787835 0.15987102 0.35383902
56.06218441 8.59388544 4.81197110 0.09316136 0.06883935 0.93498318 0.19505812
51.51775138 9.90107618 3.92489357 0.08529262 0.05900611 0.60043764 0.33455197
39.13199769 2.46511729 1.00844756 0.04451918 0.09862439 0.31769761 0.41548682
58.00602227 8.79044392 4.51431281 0.08116533 0.06175796 0.37857037 0.22336795
55.38216223 9.86054877 4.04151064 0.09043462 0.05131836 0.41557401 0.01975911
26.37294685 7.93558351 3.40215670 0.08058130 0.19925079 0.23797244 0.47644883
56.63132314 9.98608050 4.58771221 0.08586229 0.06191591 0.27957378 0.17059105
53.30140187 8.79606948 4.59736699 0.08616958 0.05358830 0.32787696 0.13372910
58.32418245 9.28216422 4.18492283 0.07670258 0.06183711 0.76406336 0.29757745
56.21591950 7.95300380 3.28549638 0.09375231 0.16062982 0.98120741 0.02172748
31.49201438 1.18753264 2.30188656 0.02677442 0.07529325 0.62289539 0.78726271
41.47491773 6.12748643 1.23226757 0.01517619 0.16268804 0.41358684 0.21795186
59.13607414 9.83542374 3.99656052 0.08468782 0.05646507 0.84796782 0.00307722
50.17151638 4.95826546 4.06576074 0.08275520 0.12465222 0.03645884 0.46172609
54.03166657 1.85365876 2.20284815 0.01735897 0.05990202 0.02229363 0.58352892
21.18524231 2.85369218 4.24888510 0.02768210 0.06569655 0.63003329 0.02877865
37.90119226 1.88864440 4.32215792 0.05401267 0.16112932 0.92885094 0.92837462
47.11668144 9.06684009 3.61448142 0.09461104 0.05574418 0.49961980 0.06803938
42.29562254 8.09861664 3.65609850 0.01243994 0.09475313 0.64416935 0.29814204
56.43626021 8.28199950 4.50190004 0.09277054 0.05250604 0.70281732 0.50285098
54.05856443 8.88415503 4.12514117 0.09092797 0.07473053 0.33692878 0.15835970
54.93623046 8.33005625 3.97321590 0.09583489 0.05881848 0.74309197 0.11723684
56.74128418 9.70458171 3.81048775 0.08577745 0.08028780 0.80832475 0.14599258
27.77588316 5.47348276 2.23444897 0.08254229 0.14179483 0.86980701 0.88002830
52.62374400 9.22007330 4.04837817 0.08320299 0.06060587 0.23852941 0.35073923
51.65274031 9.66349046 4.16799754 0.09249429 0.05482232 0.90370400 0.20584698
49.26177180 9.27654344 4.37619450 0.08318563 0.05781064 0.83651756 0.26804881
28.50994659 6.89123600 3.83430665 0.04622355 0.09692106 0.26077787 0.88961036
59.53148939 8.24524211 3.95059762 0.09885129 0.05416362 0.65026307 0.04759990
40.79525566 8.15384012 2.83029708 0.01678809 0.16411412 0.40408440 0.51047103
29.57788042 8.95712732 1.03022822 0.08929472 0.12961790 0.28976801 0.40640678
22.24949471 9.70117086 2.98465224 0.00883916 0.19813110 0.87219872 0.69480207
59.16854932 8.57689355 4.26395259 0.09730231 0.06991814 0.76496016 0.11905322
54.85937011 9.18309491 3.96108300 0.09115747 0.08029248 0.93449328 0.14550455
52.86730097 9.70070121 3.67570403 0.06742226 0.05841484 0.70738382 0.39411965
58.24888554 9.84847794 4.93730409 0.06018333 0.05817461 0.67974862 0.58146281
30.84804838 3.65101923 4.19599352 0.05177296 0.13106022 0.92912797 0.38839898
56.01118978 8.80288782 4.80597213 0.05499313 0.05496919 0.75124386 0.57031386
24.54889236 3.41946366 1.40588132 0.09775264 0.09618747 0.65210181 0.84692875
55.73973061 8.13427309 4.52749557 0.07383942 0.05335034 0.64846094 0.50832074
49.61065808 9.15996908 4.74960153 0.05781914 0.06725988 0.51073440 0.57760956
45.26281052 4.28687846 1.69778270 0.01799951 0.11113382 0.04052137 0.31991138
51.67300745 8.36253069 4.55171731 0.09213068 0.06182958 0.28749543 0.22064252
53.53151669 9.37426683 4.35723125 0.08466787 0.07143703 0.78228513 0.09414575
49.28516988 9.44404068 3.93647629 0.08185502 0.06736797 0.65601739 0.37176287
32.51366043 1.00990514 2.92626901 0.03601398 0.08804383 0.46031510 0.97820518
41.63024967 5.88300083 3.93843752 0.07833571 0.12108748 0.19353353 0.10639419
50.07602331 7.68264278 0.64972881 0.04269228 0.06808516 0.46823978 0.07908891
34.70648021 2.74548562 3.81240426 0.04402077 0.06170457 0.95289040 0.31034456
59.76804592 9.32552254 4.35050682 0.07488596 0.05150116 0.87049949 0.34111673
56.79858973 8.88788535 3.77797242 0.07485577 0.06529507 0.88774412 0.07894268
47.29183291 9.72587427 4.88961402 0.05009114 0.06334698 0.46243134 0.51793892
53.76875130 8.78899310 4.06081119 0.07339124 0.06093648 0.86838297 0.23674018
53.97878523 4.53143585 1.31129970 0.08763059 0.18523984 0.61852664 0.48870315
59.81016700 6.99662084 2.74254239 0.09399412 0.18478073 0.54807079 0.93408954
55.62396764 8.71574354 4.02074683 0.08273846 0.05462670 0.39629390 0.03045425
52.89960256 8.98878606 4.25623044 0.06739262 0.06245080 0.71457972 0.23815276
52.62074520 9.59292026 4.78397197 0.07379563 0.06084188 0.62669107 0.50749199
57.51138113 8.11974730 4.79555620 0.05745517 0.07555198 0.77251057 0.26617862
57.04091365 9.53439315 4.45021790 0.05778074 0.07383060 0.77441996 0.44057959
48.19774893 9.29793640 4.79749743 0.07756098 0.11334390 0.98573657 0.33068714
55.75837167 9.73207941 3.97274190 0.08492176 0.06527273 0.22734191 0.20897148
50.32405853 8.43146525 4.58268862 0.08295622 0.05374072 0.88200599 0.17424035
43.73902209 9.75003065 2.15637509 0.02821445 0.16189118 0.78624852 0.64055758
51.88491629 8.32947348 4.09699697 0.07939188 0.05415520 0.59425035 0.17484111
27.50678085 8.00666311 1.86390411 0.02390703 0.17520686 0.28601371 0.44609765
30.40350293 6.14008930 4.87374847 0.04357187 0.10323328 0.17369550 0.47198384
58.24674781 8.73367970 3.24340058 0.08642341 0.05821144 0.23693163 0.24145426
51.32051828 9.44837405 4.07724873 0.07896477 0.06084254 0.67541288 0.34823208
55.03556251 9.26302494 4.10954177 0.09259537 0.06966090 0.74030362 0.49948720
52.26933431 0.54593258 1.46933649 0.09692241 0.18467298 0.00161279 0.33169442
27.24064785 6.74643523 3.22269826 0.06484406 0.17579073 0.16444176 0.89259637
48.36114392 5.80658457 2.69771737 0.06827527 0.15381660 0.98224853 0.65744612
50.84672784 0.93964910 4.90486450 0.06139744 0.15268862 0.62564086 0.48253455
48.84954152 0.79121390 2.57186914 0.09257834 0.12051790 0.58841753 0.30412653
55.34961070 9.10542315 4.09156159 0.08187266 0.07107771 0.92188342 0.08632778
48.78702711 9.29866741 4.02043294 0.06888877 0.06625900 0.73102495 0.37387610
55.09551576 9.47915632 4.10414907 0.05493334 0.05509036 0.33513062 0.54450581
45.51619846 7.26131139 1.45975437 0.00296411 0.08059803 0.79586683 0.41519429
53.69173994 8.99190229 4.41501124 0.06351112 0.06864289 0.35127728 0.62993029
