25.65854179 6.15478245 2.71423071 0.08189953 0.19948128 0.95526978 0.40091278
59.44171974 9.66778641 3.51131353 0.03882171 0.13692174 0.19512139 0.16391506
54.79140726 7.60525446 4.62293505 0.09931334 0.05041665 0.39136641 0.16179545
51.82651041 8.55935234 4.74103784 0.08434949 0.06748648 0.19981102 0.06025637
45.46096818 8.83336011 4.59132238 0.05558702 0.05288434 0.67624773 0.24017209
59.80070953 7.68413360 4.57064858 0.09640310 0.05299784 0.41794167 0.34958464
55.42555975 6.13224662 4.25276816 0.07088793 0.18473290 0.97176619 0.89227378
50.28252892 9.91980918 4.55367184 0.04794834 0.06135308 0.21564178 0.31329643
54.74745342 9.50977111 4.44095499 0.05967099 0.06165728 0.55793429 0.57036699
54.72923952 7.96878521 4.10389701 0.08599368 0.05552344 0.13114294 0.43630990
29.92217442 7.40374554 4.84255256 0.01694528 0.05121563 0.77706121 0.62505709
49.43247601 8.84269627 4.28980702 0.06178553 0.05429836 0.65107140 0.13497736
58.75083558 9.39291119 3.97342197 0.07029197 0.05815187 0.26063763 0.57756872
54.26519954 8.69726200 4.37451857 0.07860153 0.05483436 0.38590048 0.43709438
58.15225340 4.48188929 1.64111069 0.02086533 0.12384533 0.90882727 0.52672859
51.43972544 9.63948830 3.77200486 0.07362531 0.06218364 0.15834513 0.45651843
42.58517286 9.24832076 4.34271126 0.02517118 0.06651979 0.31631408 0.19317209
57.11095223 7.84100236 4.57845017 0.08716008 0.06482407 0.21053462 0.37826869
51.87848810 8.63252321 4.56572742 0.07475663 0.06182338 0.39189165 0.49105348
55.31147647 8.32783591 4.81942121 0.05102857 0.07114955 0.11490787 0.53149455
57.35810123 0.41122017 1.30908238 0.03544385 0.08781250 0.35271446 0.01773198
53.78927851 9.74904940 4.77702837 0.08421233 0.05063268 0.45320578 0.31953897
51.10366696 9.86272846 4.42022009 0.08201523 0.07470382 0.18322646 0.48287177
54.73658562 9.68709988 3.78756260 0.07325989 0.05892660 0.27830080 0.59236661
42.27983957 9.73948265 3.49586492 0.07160943 0.14299899 0.54925092 0.37622524
54.32002531 9.26645208 4.73987512 0.09278495 0.05324208 0.50772325 0.61168641
57.62434328 9.69061503 4.56780395 0.08395418 0.06405845 0.41735458 0.25502531
55.83794274 8.77590468 4.46672901 0.09554038 0.05549959 0.41306574 0.07110599
54.86567135 0.26317077 2.57572925 0.05545602 0.06406695 0.52098263 0.73936889
38.28830799 8.08139096 3.97502008 0.04954643 0.08170383 0.08447059 0.12392114
56.65402983 7.66749974 4.96168593 0.07297688 0.06126769 0.40811171 0.16110928
56.38493994 1.96256367 1.70932105 0.05127891 0.17124273 0.50140004 0.13737385
55.97340633 8.23493231 2.77615979 0.05940688 0.16756896 0.06337542 0.74029411
49.81083622 8.83441521 4.60370802 0.08244616 0.06144483 0.43591857 0.32065626
33.78730575 4.66618901 0.52040708 0.05617414 0.06580453 0.16332913 0.01018609
33.35084801 6.53140445 2.46908217 0.00804682 0.05934991 0.58541108 0.71029473
55.57645460 9.58984839 4.23132415 0.06609255 0.06977816 0.61537396 0.63909676
30.43539100 5.35916531 0.67874653 0.00338853 0.08259150 0.51327082 0.13866160
52.67553667 1.94963878 3.71125103 0.02131542 0.09981772 0.35745887 0.16270714
49.88718369 8.26312456 3.79873731 0.09781994 0.05878380 0.08629615 0.52761979
58.21008008 9.67036889 4.33864382 0.08812304 0.06116514 0.57154445 0.32082308
24.35694772 7.08338160 4.68284092 0.02284047 0.05395534 0.51086714 0.02194027
55.47702435 9.74797521 4.46359095 0.07078948 0.05253128 0.18751300 0.49423556
53.39620422 3.08857068 0.83731139 0.00159681 0.18150409 0.68075617 0.10825357
37.80381547 9.55874727 3.04071818 0.06352580 0.05823658 0.04207891 0.61520902
29.58049596 0.70032791 2.12593402 0.01100475 0.19496340 0.36425493 0.31416569
27.62251272 9.66609352 2.08605374 0.05654795 0.12749184 0.99319622 0.87580485
57.98542783 8.75934382 4.40207902 0.09857336 0.06300391 0.50308137 0.33753339
44.85451104 2.71607081 4.47944440 0.07196351 0.16889351 0.77973041 0.06350225
35.94070135 5.29274893 3.42148594 0.08431227 0.14685584 0.46798486 0.25236604
35.47332792 2.33805895 4.62431577 0.06228284 0.17814790 0.93451548 0.19386956
55.86706414 7.41064627 4.32918774 0.05793253 0.05819902 0.08842371 0.61795658
53.76415425 9.84840993 4.14372467 0.07469024 0.06309409 0.05500697 0.71928964
54.43438930 8.57439391 4.05792222 0.09241347 0.06758877 0.17558275 0.64296487
21.99645663 5.48282606 4.20999315 0.04830631 0.16141565 0.64573793 0.54741401
37.19745436 2.59299519 0.73589024 0.06095565 0.10353963 0.18075373 0.70781647
56.70443928 8.31323852 4.27585186 0.09270836 0.05162312 0.23287720 0.37068734
54.37327347 8.50732431 3.24527452 0.05205242 0.14397165 0.32979045 0.60380621
20.89789523 6.00997232 3.17285138 0.08942870 0.11325220 0.76562737 0.91218703
33.95705224 6.18303134 2.25103237 0.00118705 0.09822830 0.66197355 0.44128700
48.90578314 3.16134941 4.19029743 0.09032532 0.12391717 0.95924759 0.49208014
57.07456198 9.30886670 4.33180770 0.06127380 0.05648636 0.24975678 0.39062392
59.71371810 9.69585667 4.54962453 0.08940202 0.05329949 0.33094423 0.53367027
56.40242843 9.88786196 4.67992599 0.09527935 0.05742432 0.40312849 0.25812037
51.66955913 8.77362103 4.39175700 0.08411946 0.08279318 0.49601870 0.22687913
55.02844734 9.58151238 4.43591562 0.07856156 0.06272771 0.32141399 0.63613036
58.09834586 8.09620877 4.55607566 0.07877400 0.05882508 0.21632749 0.48302276
59.54720364 7.88683926 4.40460123 0.08280850 0.07359579 0.32626916 0.21756318
57.30368342 8.06158220 4.65252152 0.07986154 0.05718944 0.15277168 0.32908146
57.33843705 8.98468079 4.79651857 0.08656784 0.06338487 0.40534675 0.61250915
55.01817414 8.17553377 4.10502399 0.05118227 0.05218589 0.57175517 0.52114012
23.61005053 6.35465852 1.18692883 0.03545400 0.15028000 0.45043614 0.68245950
26.28057776 7.44082151 2.62314611 0.06738558 0.14553638 0.71839500 0.50341478
56.83409425 9.49335542 3.93917763 0.06661266 0.07820460 0.21613795 0.39511226
52.44167010 8.96769141 4.01793376 0.08160692 0.05738285 0.52759801 0.18207746
42.74705231 9.08553344 3.70875008 0.08025170 0.14189204 0.40486699 0.52370821
58.57853238 9.50385909 4.13985726 0.07341724 0.06937978 0.05164596 0.51752774
56.73180698 9.93413546 4.38002306 0.07430878 0.06763056 0.04509310 0.42577622
29.57275735 3.50428068 0.58644194 0.09984586 0.08544523 0.09036198 0.56919481
29.81694280 6.13876891 0.70832195 0.05144229 0.10373919 0.10442405 0.07910180
59.31044744 9.88281281 4.01665100 0.04873778 0.07324558 0.53680665 0.61796571
55.62615391 8.93362885 4.13046892 0.08107607 0.05289614 0.39593590 0.48209246
51.20628580 1.20138426 4.31730279 0.06152224 0.12106046 0.76284480 0.23930987
55.84164703 9.48210741 4.03651136 0.09028447 0.05897662 0.39235560 0.37037933
53.63030937 8.92750329 4.73605511 0.08739688 0.06385068 0.43132007 0.31450835
33.66472445 2.77839295 2.87593700 0.09538608 0.07920495 0.61758538 0.80387352
33.53681814 6.13640277 3.16372105 0.04522523 0.06081905 0.96485809 0.70997682
23.21795774 1.76847984 4.17921767 0.09923945 0.10151915 0.94148250 0.76155875
29.14980318 3.04840437 2.80273091 0.00738830 0.16756647 0.44519851 0.97661067
52.93401338 9.42276003 3.94823697 0.06893858 0.05507881 0.31197399 0.37299429
22.52612799 0.36237878 4.44566109 0.02777746 0.12490464 0.64748170 0.56829349
40.85742782 0.30786740 3.18171771 0.06081841 0.11394463 0.14674201 0.27158099
29.69308280 4.15927834 1.44379052 0.09348342 0.07623281 0.59499560 0.72276727
30.89089931 6.91377639 3.59223070 0.02298968 0.08181044 0.16097405 0.93223515
51.66069060 9.07453401 4.33673442 0.04820176 0.05119633 0.16072853 0.20784834
54.36576110 9.85505581 4.14266425 0.09015896 0.05339651 0.43305481 0.17954853
54.75684576 7.28073826 4.14129491 0.08041667 0.07636046 0.16778644 0.63059259
56.47646792 8.72276000 4.00883227 0.07132797 0.06124969 0.30407148 0.57183795
39.01511495 5.36847250 3.68849188 0.06310692 0.18037272 0.97514388 0.19156326
55.32962682 8.16116649 4.81217330 0.08739773 0.06513264 0.17673176 0.08390367
55.64496387 9.80470143 4.99693413 0.08712742 0.05711625 0.44171323 0.60074862
50.39145547 8.50614880 2.27406948 0.06104042 0.10757379 0.85447288 0.54854298
51.80086080 8.16708184 1.75877445 0.07085058 0.18223694 0.77722128 0.55939538
58.55438909 9.39356517 4.30165727 0.05137650 0.05732251 0.66189204 0.43763405
53.74751608 1.81955204 4.23622434 0.02451952 0.14989529 0.44376925 0.01784541
58.95955716 9.17762914 3.96304866 0.07418675 0.05881343 0.39544870 0.48403545
49.69140185 7.15938231 4.44341442 0.02589212 0.06280592 0.65309806 0.75790419
57.83356091 9.62069473 4.19008294 0.07153139 0.05499271 0.36392033 0.27987528
30.83143013 8.34028015 0.56616525 0.08384696 0.11938421 0.13683818 0.92042329
49.38209633 8.97862240 3.83019113 0.05780784 0.05875552 0.18907369 0.53702778
59.30031106 8.19350251 3.86922327 0.07133302 0.05790216 0.64548934 0.65631645
54.70916412 8.23949518 4.55029639 0.05931544 0.05913209 0.12329571 0.48502211
55.47612372 8.83336390 4.80555903 0.08771997 0.06713079 0.39497857 0.23591206
57.05963185 9.94127186 4.11923360 0.08539535 0.05608721 0.31987690 0.19713057
53.93805032 9.09137022 0.63358719 0.09758989 0.15967361 0.86104326 0.30899933
53.58005399 4.83106096 4.93119024 0.03247826 0.06086948 0.00432150 0.01302757
58.77261797 9.59383182 4.24716576 0.07645830 0.05153192 0.28729828 0.31827440
45.97732617 8.24696782 0.77996033 0.09857607 0.15223076 0.21490317 0.58760098
27.60527669 4.18110452 1.05945491 0.05525407 0.05880860 0.63063606 0.49025836
58.24608859 8.01690690 4.13353513 0.06907920 0.05284468 0.27144006 0.21948876
59.60277535 8.33401718 4.49333570 0.08448018 0.05432600 0.09779642 0.57405121
36.69369483 4.75073957 2.20083735 0.05675937 0.10013143 0.97945254 0.44241968
55.33842816 9.77211845 4.22176894 0.08147217 0.05875391 0.32444898 0.20171698
53.54445748 9.27612701 3.89316596 0.07557057 0.06334299 0.31077296 0.28141696
54.34024954 0.34090561 1.20951005 0.05696946 0.12924207 0.50814474 0.55089134
58.36191941 9.96607173 4.20365622 0.06772877 0.06109394 0.26828539 0.44149224
58.89133668 9.62728009 4.63815247 0.07554772 0.07534947 0.03628396 0.49988481
58.78341442 7.45337819 1.28783558 0.07129458 0.14142129 0.62977484 0.02511768
