84.09872917 22.15268212 17.41272856 0.20066106 0.05108375 0.65362414 0.79986403
72.59692745 33.07985554 12.30220644 0.15235099 0.05948463 1.71114822 1.26617026
20.51399282 0.32592824 0.55782419 0.00227213 0.05192747 0.01284982 0.01284982
68.66899754 32.08335611 13.25584859 0.14981368 0.06295489 1.82198482 1.37384227
50.66574339 7.71310713 3.94989613 0.07689771 0.16499654 0.76664358 0.76664358
88.32956329 21.29905778 16.36528713 0.27487702 0.06339881 0.86049114 0.55343745
35.35169378 3.96116498 2.22706555 0.03899544 0.10756885 0.38379234 0.38379234
123.30035700 17.11639788 17.87989189 0.19495213 0.05069654 1.00238046 0.05684375
101.96294845 22.42577372 17.04886088 0.26171664 0.05794425 0.75773700 0.64849148
66.24307320 30.15503484 13.60300393 0.15585120 0.05480870 1.76923256 1.42199811
75.35372271 27.12602123 13.43161120 0.24011500 0.05679193 1.26288114 0.35841265
105.67697194 22.23065233 16.59303387 0.26472064 0.05565108 0.76625530 0.48093933
25.53466849 1.55599378 1.12265021 0.01469830 0.07075501 0.13836671 0.13836671
45.20082488 6.37420210 3.33509280 0.06337204 0.14450309 0.63002062 0.63002062
60.17020594 33.45993254 13.24467379 0.14585149 0.05823924 1.70701618 1.41892646
66.02854619 31.09954131 13.26721461 0.15424580 0.05375220 1.63145218 1.41146286
58.72621289 9.68792216 4.85669895 0.09684738 0.19522330 0.96815532 0.96815532
98.26609249 22.13421165 17.21700278 0.26122116 0.06283080 0.80227641 0.71392837
100.20998061 22.70569006 17.27020215 0.23391244 0.05687859 0.84175373 0.57726184
47.82175467 7.01632989 3.62994740 0.06985884 0.15433158 0.69554387 0.69554387
57.34248590 9.34890904 4.70102966 0.09342265 0.19003432 0.93356215 0.93356215
43.36305471 5.92394840 3.12834366 0.05882356 0.13761146 0.58407637 0.58407637
69.77183011 33.06769995 12.92713836 0.16073966 0.05020446 1.54251724 1.32496134
102.79049186 21.96557518 16.47861148 0.26438862 0.05749466 0.74115433 0.52512903
57.49148494 9.38541381 4.71779206 0.09379143 0.19059307 0.93728712 0.93728712
44.03170001 6.08776650 3.20356625 0.06047846 0.14011888 0.60079250 0.60079250
57.06704011 9.28142483 4.67004201 0.09274092 0.18900140 0.92667600 0.92667600
89.94910436 22.27689838 16.40100189 0.27576708 0.06031112 0.82031757 0.50489351
55.14217919 8.80983390 4.45349516 0.08797689 0.18178317 0.87855448 0.87855448
52.93685838 8.26953030 4.20539657 0.08251872 0.17351322 0.82342146 0.82342146
101.92991082 22.13107584 17.16700377 0.23692964 0.06393316 0.82432356 0.57140937
67.38929347 34.43990986 13.10390347 0.16522210 0.06950834 1.55074545 1.34423260
52.27251882 8.10676711 4.13065837 0.08087448 0.17102195 0.80681297 0.80681297
47.06285426 6.83039929 3.54457110 0.06798056 0.15148570 0.67657136 0.67657136
116.56353517 16.38385315 17.28736871 0.21588554 0.05210229 1.53865873 0.12729872
48.28946839 7.13091976 3.68256519 0.07101643 0.15608551 0.70723671 0.70723671
78.42890685 26.03335648 13.50940607 0.23704241 0.05573512 1.28200528 0.35566822
44.55037258 6.21484128 3.26191692 0.06176217 0.14206390 0.61375931 0.61375931
113.03694324 16.09091014 17.17273096 0.21938390 0.05113076 1.53316772 0.08603438
87.17814370 21.87638223 17.33465907 0.20644725 0.05245293 0.75688357 0.70640529
32.81552795 3.33980435 1.94174689 0.03271843 0.09805823 0.32038820 0.32038820
69.16880282 33.28482990 13.40702993 0.15383320 0.06192661 1.62396718 1.46884235
111.15894277 20.81379308 17.57874342 0.27277401 0.05613932 0.81313030 0.64883106
59.61401634 33.41781690 13.53190479 0.14096795 0.05062744 1.88635794 1.34633421
115.67462475 17.23070302 17.73359173 0.20480566 0.06212887 1.53251180 0.11150001
27.01072582 1.91762783 1.28870666 0.01835155 0.07629022 0.17526815 0.17526815
121.11495459 17.65519693 16.37995674 0.20732005 0.05869497 1.10899982 0.04360203
63.46357257 33.43130869 13.20067485 0.13038805 0.05713190 1.86517561 1.27140716
60.62880340 33.06347799 13.15092488 0.14044056 0.05029124 1.77949973 1.41040423
85.69267088 22.69719520 15.82395401 0.24442548 0.06883545 0.82568639 0.79254627
113.46985866 16.49901216 17.56356608 0.19959844 0.05592371 1.36589883 0.17328889
79.61872964 25.57114831 12.93410465 0.25213452 0.05333190 1.24509587 0.51625419
106.22501183 16.58090467 17.98901307 0.19286500 0.05577614 1.59164760 0.21600302
85.97735352 21.82437809 17.45941938 0.21293937 0.05325097 0.61149755 0.63848031
62.18280641 32.77283906 13.54204437 0.15797786 0.06173815 1.75934631 1.34633726
87.73172678 22.23760745 16.55350537 0.28328412 0.06161829 0.79238298 0.43526534
67.98114458 33.59774134 12.32831478 0.15404175 0.05819488 1.59675576 1.38505154
113.29825624 17.13696305 17.40731661 0.20974725 0.06600288 1.51723922 0.14642868
107.85963015 21.06233200 17.36719848 0.26121940 0.05517537 0.78066948 0.62368406
31.49422979 3.01608630 1.79310085 0.02944822 0.09310336 0.28735574 0.28735574
93.60251394 21.35796291 16.72862380 0.26102702 0.06785126 1.01680764 0.72798043
50.45842548 7.66231424 3.92657287 0.07638460 0.16421910 0.76146064 0.76146064
55.96427673 9.01124780 4.54598113 0.09001158 0.18486604 0.89910692 0.89910692
51.76350463 7.98205863 4.07339427 0.07961467 0.16911314 0.79408762 0.79408762
70.51406098 33.41914020 13.61767568 0.15651468 0.05130742 1.61526887 1.48311422
86.39001159 22.97929430 17.05252131 0.20684088 0.05185748 0.69736094 0.66854317
34.93269934 3.85851134 2.17992868 0.03795843 0.10599762 0.37331748 0.37331748
101.21176753 21.70401692 17.16284145 0.26601543 0.05388839 0.66892229 0.75026036
84.59147894 21.86918077 17.34136417 0.20867940 0.05742512 0.77458816 0.81351489
114.75557482 15.47311254 17.61702816 0.19480275 0.05380662 1.49104018 0.21954578
62.15467843 33.41940641 12.51434654 0.14400571 0.05719571 1.71396831 1.35189086
74.31385219 25.68430837 13.49621480 0.23816075 0.05031688 1.19770275 0.31948047
80.46375646 26.21126855 12.92455577 0.24680567 0.06274684 1.27275840 0.56760296
38.45994581 4.72268672 2.57674390 0.04668837 0.11922480 0.46149865 0.46149865
89.12911867 21.75845172 16.89238703 0.28479808 0.06242015 0.79787951 0.52105338
99.93669437 21.88803784 17.39655601 0.25183837 0.05414252 0.88459496 0.53620040
117.00453363 15.80814738 17.34638181 0.20142175 0.05053598 1.50629407 0.25848552
92.79805484 22.00920206 16.73146819 0.25976718 0.06707724 1.02691229 0.79478159
22.16189586 0.72966449 0.74321328 0.00635069 0.05810711 0.05404740 0.05404740
85.10686113 21.98412897 15.54977735 0.24671189 0.06168700 0.80913545 0.76568716
86.23617911 22.65937174 15.99021123 0.24326157 0.06624473 0.79071011 0.78245098
105.83354413 22.33721871 16.52515110 0.27071822 0.06070877 0.88945510 0.46212780
42.85381537 5.79918477 3.07105423 0.05756319 0.13570181 0.57134538 0.57134538
27.29882772 1.98821279 1.32111812 0.01906460 0.07737060 0.18247069 0.18247069
56.58034553 9.16218465 4.61528887 0.09153636 0.18717630 0.91450864 0.91450864
77.57629964 27.24587198 13.25374551 0.23680648 0.05362569 1.32462615 0.50469027
94.68372297 22.72862815 16.39948745 0.26867671 0.06151377 0.83424234 0.57841991
120.98678166 18.41053056 17.03879346 0.21780732 0.06892248 1.08260061 0.02971174
107.24769336 16.98525500 16.93583905 0.20881447 0.06013133 1.43223425 0.34673204
71.74111992 32.40802730 13.33033538 0.16171277 0.05192949 1.67290670 1.43808109
129.68673351 12.03948616 16.83120067 0.20244257 0.06886171 0.84015541 0.00614302
94.43654350 22.58556651 17.33965749 0.23695310 0.06328903 0.68380359 0.73712404
43.86747592 6.04753160 3.18509104 0.06007200 0.13950303 0.59668690 0.59668690
58.28756608 9.58045369 4.80735118 0.09576173 0.19357837 0.95718915 0.95718915
114.17830703 16.07779968 18.24618830 0.20642749 0.05585999 1.44560356 0.21218549
63.31629006 32.77663649 12.88871344 0.13607628 0.05021427 1.84751825 1.35116955
97.66516165 21.33332565 17.06511983 0.26286944 0.05211135 0.87327780 0.59715388
21.37268530 0.53630790 0.65442710 0.00439740 0.05514757 0.03431713 0.03431713
61.68745864 32.47730041 13.31986726 0.15107132 0.06263444 1.67065685 1.43187862
122.37877801 17.26729427 17.74665798 0.18182280 0.05150109 1.40052815 0.25460385
75.77616228 25.97213305 13.19971393 0.25156349 0.06385244 1.25646583 0.30170220
62.35601621 35.20453314 13.69566082 0.13375793 0.05764269 1.63603297 1.37087210
55.16847684 8.81627683 4.45645364 0.08804198 0.18188179 0.87921192 0.87921192
59.01001042 33.07099932 13.02537385 0.14053801 0.06568865 1.87906656 1.45326879
62.41860376 32.45808402 12.99334504 0.14790392 0.06071839 1.68185516 1.39871428
45.03816836 6.33435125 3.31679394 0.06296947 0.14389313 0.62595421 0.62595421
92.79414899 21.70827319 16.49568586 0.27806922 0.05366750 0.86346859 0.49230118
36.65400206 4.28023050 2.37357523 0.04221866 0.11245251 0.41635005 0.41635005
104.71329871 17.52279945 17.80556992 0.20842823 0.05861854 1.56812720 0.23955753
66.60088166 32.75064056 12.61913896 0.14471600 0.05032548 1.86458464 1.38359257
102.17307624 21.70885189 16.75703382 0.24530933 0.05355851 0.83218634 0.78900355
35.06819351 3.89170741 2.19517177 0.03829378 0.10650573 0.37670484 0.37670484
62.42152546 33.68005328 13.03181852 0.14002910 0.05241434 1.83496934 1.28285051
55.83103185 8.97860280 4.53099108 0.08968180 0.18436637 0.89577580 0.89577580
39.31367130 4.93184947 2.67278802 0.04880134 0.12242627 0.48284178 0.48284178
43.15532071 5.87305357 3.10497358 0.05830942 0.13683245 0.57888302 0.57888302
64.08967456 32.98072121 13.07127691 0.14456701 0.05007200 1.86868953 1.44775828
41.81683522 5.54512463 2.95439396 0.05499667 0.13181313 0.54542088 0.54542088
103.33997053 17.66961095 17.65145326 0.20732634 0.05423653 1.52310706 0.22181539
99.81588506 22.11568221 17.31665140 0.24005364 0.05755808 0.86504906 0.56990910
37.76451182 4.55230540 2.49850758 0.04496717 0.11661692 0.44411280 0.44411280
47.96016054 7.05023933 3.64551806 0.07020140 0.15485060 0.69900401 0.69900401
105.38518546 20.18702655 17.39526692 0.26048046 0.05950145 0.73252317 0.63087638
96.53120154 22.17442678 16.47117575 0.26961623 0.05807834 0.78986900 0.55837686
46.81630427 6.76999455 3.51683423 0.06737035 0.15056114 0.67040761 0.67040761
23.97005960 1.17266460 0.94663171 0.01082590 0.06488772 0.09925149 0.09925149
45.50914747 6.44974113 3.36977909 0.06413514 0.14565930 0.63772869 0.63772869
95.37013958 21.44279715 17.25889686 0.23516176 0.06394199 0.82472807 0.51622905
