26.79249436 0.60098453 3.08135380 0.03907898 0.08235350 0.58415862 0.21485270
35.69618804 4.12612609 2.96124835 0.07240068 0.08084968 0.76845831 0.21066861
51.43828997 2.64210728 2.54157608 0.01793875 0.15919221 0.69446105 0.60985407
50.47743584 9.57098092 4.93794067 0.07849403 0.06996493 0.39837193 0.23663141
57.56948853 7.10970794 4.34634812 0.04392066 0.14163653 0.74872924 0.23638325
55.00460805 8.22540959 3.97077505 0.09274870 0.06162299 0.14643673 0.09999420
51.68263997 8.35265729 4.20033714 0.07433387 0.05347362 0.47979036 0.07778947
50.80759500 9.37656927 3.35931329 0.07253516 0.13062142 0.57893722 0.23464306
56.86448822 9.06272366 4.99094661 0.09158547 0.06260377 0.30820364 0.59271376
55.64096471 9.32665529 4.62550977 0.07525355 0.05556877 0.06300356 0.43316871
57.77089714 9.33424913 4.30210210 0.08999708 0.06559029 0.27896195 0.14224485
31.11672272 1.65077157 2.10889680 0.09975667 0.14933814 0.67787301 0.52895717
54.01131787 9.10208919 4.57060536 0.07523486 0.05467521 0.38044009 0.36267407
57.57324788 7.34911661 4.30998452 0.07970417 0.05692826 0.55450068 0.32223607
52.64577095 8.19893820 4.21475467 0.07284977 0.05049613 0.53955083 0.25404542
53.40104136 8.25174443 4.40644533 0.08436176 0.05282972 0.33647905 0.14839713
54.42776154 8.68173669 3.94566496 0.08250802 0.05516210 0.13161024 0.32211688
52.54407489 6.54673672 1.16438360 0.02845331 0.14434543 0.36593875 0.29199229
54.53044268 9.20981812 4.05957665 0.07879879 0.05839373 0.40973610 0.23209805
59.25990216 2.13796150 3.65381616 0.08965429 0.16879496 0.01750724 0.75575408
57.08359988 9.54503114 4.36475371 0.06597395 0.05026416 0.17978635 0.46994995
47.02553907 6.70643042 2.00098606 0.00564292 0.07024924 0.56435013 0.07332566
53.60311818 9.81159201 3.80873793 0.07432778 0.05735768 0.44333056 0.27611019
22.56548172 7.44301874 4.20418289 0.03850337 0.19044262 0.45961113 0.51533084
57.01244995 7.73455128 4.59919038 0.07596586 0.06473433 0.53219088 0.18398395
57.88996988 8.03158502 4.34434430 0.07725273 0.05157393 0.33512893 0.23333418
56.62792569 9.55652073 4.53436186 0.09159837 0.05899646 0.22213736 0.37695503
41.17397206 6.90331299 4.80410597 0.01700537 0.19507468 0.38094260 0.50704204
54.32251413 8.60356694 4.18752287 0.06708517 0.05966491 0.57039986 0.35096345
49.66043255 9.44831226 3.59146666 0.08194669 0.06679688 0.21868369 0.24440100
55.27094060 9.52542875 4.61501528 0.07380928 0.05512197 0.31034854 0.20815551
56.00595478 7.81038957 4.15494652 0.08827139 0.07789454 0.14867594 0.02438499
43.68571576 3.15008157 1.38798543 0.01869307 0.16358148 0.74508668 0.89984520
50.35994447 9.95073690 4.38321003 0.07515862 0.07486046 0.32050532 0.56739200
26.72593487 1.15233198 3.53781131 0.00425368 0.18805414 0.33344180 0.16682846
51.91272403 7.36691027 4.35157316 0.05821480 0.05717004 0.28064259 0.18105676
53.09598176 9.17820552 3.95132384 0.06860887 0.05122289 0.34599955 0.16931999
52.42677662 7.38382264 2.08460848 0.02422178 0.17889675 0.56353904 0.47633619
54.79902164 9.08384914 4.07486830 0.07196477 0.05377604 0.54235279 0.27273213
55.39592541 8.69271159 4.66100249 0.07171148 0.05452801 0.18313181 0.53004332
57.73720252 8.92613048 4.98290759 0.08947168 0.05412557 0.52470796 0.39471327
54.92230821 8.65338867 4.01634187 0.07372804 0.06157287 0.46581957 0.21212429
43.58992618 5.38111827 1.70799682 0.04194452 0.13122783 0.92719653 0.00390394
21.92228253 7.73419743 4.88814243 0.07011411 0.08091807 0.05858197 0.49356837
58.35609597 3.41107009 4.41110548 0.07167480 0.15520117 0.36790433 0.64101296
56.15826603 9.06776122 3.74864647 0.05696444 0.07392988 0.17608108 0.34836406
53.53782190 9.00111096 4.02036727 0.07988039 0.06736800 0.32513015 0.28749807
42.77937755 5.88770962 1.24028156 0.03276997 0.07857910 0.54383884 0.33426236
55.02806897 9.68315419 3.46511767 0.09694043 0.06879799 0.44330245 0.33841492
57.03227940 8.95612952 4.56836601 0.08395390 0.06719524 0.30704546 0.11521106
23.61995330 3.89460631 4.53721943 0.06628716 0.13596406 0.40173430 0.64168873
49.82448112 7.03871016 4.64695556 0.00729231 0.11725733 0.52258944 0.81755614
56.88132498 9.56437669 4.99419811 0.09881210 0.06670690 0.44379945 0.24217960
53.65073435 7.66046584 4.90634041 0.06777724 0.05775058 0.31549006 0.16990309
57.87238604 7.59971883 4.83587286 0.07196834 0.05689136 0.30272484 0.16794657
53.24359282 9.81127799 4.39800075 0.08315945 0.05168539 0.52715744 0.20683949
59.63152256 8.74936349 3.91865330 0.09516091 0.05101719 0.21972158 0.29005650
47.87681059 2.29736641 3.74233843 0.07844963 0.11795461 0.02488782 0.28986539
50.24117875 6.74944652 2.58343557 0.08402400 0.07726307 0.30168528 0.01295725
38.49291317 1.44599712 4.51659068 0.08295479 0.10381993 0.07720652 0.35160157
58.75000814 8.75401986 4.50564978 0.06293082 0.07726749 0.18983064 0.42541608
34.73880717 6.46741264 4.11231154 0.07438412 0.08102136 0.86746127 0.76832177
54.69286420 8.58871377 4.39755898 0.06860706 0.05975556 0.36649685 0.24783183
57.41345109 8.39880703 3.67027545 0.07823527 0.06518635 0.25712769 0.30448719
52.39082780 2.34731418 4.28915169 0.02306977 0.18871209 0.10877586 0.62454312
55.36923602 8.68876364 3.75161937 0.07439355 0.07323125 0.21377401 0.37619463
57.69468248 9.82452384 3.98598258 0.07476049 0.05309294 0.48362542 0.56263152
57.10675824 9.23464313 3.57630570 0.05008399 0.05505994 0.29076502 0.15192697
59.63360992 8.90181311 3.87344291 0.06447360 0.05384393 0.68520991 0.40249902
58.08750843 7.63846917 4.39648745 0.08297008 0.05456930 0.60540519 0.37734009
34.70830424 0.80308836 4.15115884 0.01591719 0.12662727 0.57780492 0.30631323
52.98927469 7.85526123 4.65400456 0.07601041 0.05257481 0.22057166 0.29423708
57.27979085 9.86943481 4.25042659 0.07952441 0.06896844 0.42957033 0.34858717
52.04129919 4.36877788 1.88619291 0.09465965 0.17864463 0.65585431 0.19267755
37.12532826 1.20336272 2.85154539 0.03815165 0.13027022 0.97000062 0.67385152
30.45186145 2.68695697 4.05001527 0.08508180 0.06550885 0.26910671 0.50176964
50.78633129 9.39652201 4.14969555 0.06440172 0.08523341 0.23748904 0.26923272
58.37212235 7.83124507 4.07406654 0.07105104 0.06207042 0.78429297 0.41315924
52.13983385 9.51459777 3.89860469 0.07000039 0.06918317 0.28831412 0.33404582
51.54518803 7.61933501 4.25872927 0.08961981 0.05124773 0.22302681 0.00947238
57.17638102 9.44858905 4.28613841 0.07510855 0.05680466 0.14000274 0.50874280
42.30183085 7.71033987 2.22281671 0.05088418 0.13557137 0.51859280 0.41990739
53.51028833 8.63135085 4.30784201 0.07540029 0.05344964 0.39172468 0.38263497
58.36087135 9.85714329 4.56174790 0.06350795 0.06381828 0.21266467 0.40547981
58.01619115 9.59478075 4.13529477 0.08915355 0.06017192 0.18516016 0.24260383
52.70601745 9.82389600 3.59842604 0.06121663 0.06589185 0.24679264 0.22696679
48.23057133 9.60296240 4.65073287 0.09275823 0.05961019 0.49644580 0.31945650
59.30516534 9.52774619 1.66981411 0.08772687 0.11392718 0.44259677 0.32198258
53.05549138 9.61790314 4.63954610 0.08361770 0.06393359 0.39899979 0.35541574
55.51207711 9.29175987 4.22512519 0.07944232 0.06592193 0.55286606 0.09679423
54.19854673 8.65339889 4.40126029 0.06455576 0.06473220 0.20718089 0.26372921
47.69688487 9.00293230 4.56823460 0.07049989 0.05246527 0.39826377 0.20422829
33.23823969 2.15835927 3.70605239 0.06010939 0.16767524 0.09096827 0.03829443
54.17013489 8.65533403 4.31677708 0.05815936 0.05864139 0.65557284 0.37978754
29.40811725 7.45540434 3.21216169 0.05029896 0.15309305 0.46284835 0.47534431
48.17026129 1.58661670 3.87916105 0.03629998 0.05779772 0.58113789 0.35887402
57.93950940 9.11718584 4.06256367 0.06833226 0.05374743 0.23322491 0.32312252
54.02586108 9.52420510 3.67418374 0.09031134 0.06237332 0.45448540 0.30885837
57.46887107 0.46291824 1.34463303 0.03056663 0.17001804 0.24809273 0.81331367
21.59215463 1.16421654 4.02394915 0.03709620 0.17324888 0.29313951 0.49961489
31.90893309 9.65532956 2.97412647 0.00160900 0.05726486 0.28787322 0.64349690
58.97153478 9.60877727 4.45783086 0.08585235 0.06170328 0.55919743 0.43712357
58.60510381 8.52796763 3.92494157 0.09114199 0.05104530 0.14957265 0.33678890
56.26938047 8.69959818 4.24494548 0.07461465 0.05493380 0.07373737 0.61532393
53.36331924 9.04530606 4.75126141 0.07388219 0.05053192 0.50148884 0.14469042
55.06352951 9.18253743 3.94780610 0.08343159 0.06171143 0.36198604 0.21775915
42.46844347 4.85822449 3.77383779 0.07390062 0.12819506 0.55148223 0.61914760
50.66419418 8.17498785 3.73217259 0.06587044 0.05687108 0.34197316 0.07751054
38.33336427 5.57093981 3.77431360 0.01233061 0.16701250 0.71098670 0.65274413
51.45887440 9.01361815 3.84540969 0.06717367 0.05162813 0.50141473 0.22623417
37.08928235 9.57372075 4.38089601 0.02845447 0.11847279 0.59298268 0.81856690
42.30321165 4.88415585 0.58481446 0.08677839 0.15536098 0.45183687 0.09433420
58.74458548 7.58823419 3.86389697 0.08993538 0.05499145 0.07947799 0.28720374
47.59285888 8.95890525 4.40462089 0.07383695 0.18583469 0.56030829 0.90219601
54.91281042 8.14525668 4.60392131 0.09048466 0.05308316 0.21674431 0.00071559
48.56575488 3.35676546 1.30755383 0.04186054 0.17165204 0.54508190 0.15268999
26.42875161 8.60081371 1.90383057 0.04219594 0.05051384 0.80614250 0.01713693
41.19825908 4.21429359 2.37863682 0.00988057 0.14374882 0.98402546 0.15412237
53.94642748 9.41101315 4.56983255 0.07192170 0.06191008 0.24049358 0.30224524
54.31058306 9.16291307 4.40811008 0.06619326 0.05462917 0.57814676 0.41119345
36.06560358 9.58288241 4.23530195 0.01783759 0.15647988 0.95589566 0.68144037
29.23047230 2.38315322 2.59194771 0.01976608 0.19635390 0.17749861 0.58363541
53.06955093 9.55142650 4.69931032 0.07346346 0.05972440 0.39987853 0.11041515
36.09339776 8.84763496 1.83001598 0.06395799 0.18346613 0.94408066 0.33093061
57.48809165 9.80341565 4.68733119 0.07044750 0.05195543 0.34970952 0.34045397
32.70703383 6.52492988 1.60119763 0.00618300 0.15735795 0.20790865 0.27880249
59.77547961 9.39611437 3.96256574 0.06885925 0.05738720 0.69876104 0.41984580
42.86150380 5.25974922 0.76459645 0.02967813 0.05493453 0.05332017 0.45383110
