50.04208332 7.56031041 3.87973437 0.07535416 0.16265781 0.75105208 0.75105208
80.84856172 14.07334590 6.78768837 0.14851132 0.06432515 1.04171877 0.92025093
56.59338009 18.02201612 7.10076459 0.07078209 0.05305484 1.40709499 0.85616854
81.25569803 14.17808907 7.07236507 0.13000504 0.05494875 1.01351926 0.72830441
87.92713853 12.88736923 6.69274566 0.15216434 0.07254957 0.89890987 0.80134221
65.17971782 18.90512189 7.69499163 0.05347477 0.06208410 1.47762005 1.16395374
77.29445587 14.21705191 7.59867476 0.11306444 0.07338661 0.91969405 0.85063253
34.94542144 3.86162825 2.18135991 0.03798992 0.10604533 0.37363554 0.37363554
36.32844211 4.20046832 2.33694974 0.04141289 0.11123166 0.40821105 0.40821105
68.28639885 19.51381812 8.28457898 0.03657479 0.07005015 1.55458027 1.11434545
32.03865330 3.14947006 1.85434850 0.03079567 0.09514495 0.30096633 0.30096633
43.63581852 5.99077554 3.15902958 0.05949865 0.13863432 0.59089546 0.59089546
25.81852416 1.62553842 1.15458397 0.01540085 0.07181947 0.14546310 0.14546310
37.91835618 4.58999726 2.51581507 0.04534793 0.11719384 0.44795890 0.44795890
33.36509569 3.47444845 2.00357327 0.03407861 0.10011911 0.33412739 0.33412739
79.72277382 14.21762881 7.23782561 0.10755790 0.07107428 0.92377526 0.78293521
80.74681208 14.52778401 6.29698831 0.13982511 0.05707540 0.85234704 0.68697227
64.82040169 18.98671337 7.93296492 0.04629742 0.06532835 1.49465268 1.18574214
80.35051280 14.71607789 5.92935530 0.14752028 0.06228800 0.77466978 0.66794210
84.06135886 12.40141271 6.78155746 0.13632330 0.06179805 0.79209775 0.82101638
78.49834170 13.37520973 7.70159666 0.10726826 0.06857591 1.02315867 0.82491241
78.06225965 14.57007015 7.29251685 0.11420648 0.05103141 1.03094802 0.74294457
42.86449331 5.80180086 3.07225550 0.05758962 0.13574185 0.57161233 0.57161233
81.65841980 13.84501020 6.80492400 0.09793704 0.05536172 0.46505490 1.21894522
58.42327210 9.61370166 4.82261811 0.09609760 0.19408727 0.96058180 0.96058180
87.81455992 12.51482939 7.51888028 0.12505644 0.05428057 0.94923983 0.75500482
85.29470706 13.32071463 7.60243906 0.11191582 0.05313404 1.05957761 0.74828161
60.72747912 18.07175058 8.20184500 0.03731801 0.05762968 1.08865622 1.23660098
87.48185638 10.80591462 6.90136911 0.13446597 0.05281320 0.91798270 0.68302341
28.83692494 2.36504661 1.49415406 0.02287139 0.08313847 0.22092312 0.22092312
45.14196704 6.35978192 3.32847129 0.06322637 0.14428238 0.62854918 0.62854918
63.30628108 19.21968527 7.33549777 0.05522237 0.07188981 1.33917080 0.74179509
39.52225300 4.98295198 2.69625346 0.04931758 0.12320845 0.48805632 0.48805632
72.77421836 16.93080180 8.43323197 0.01528826 0.06420582 1.12960540 1.11857268
62.42639878 17.73203813 8.03713667 0.04539667 0.06258593 1.48253492 1.18172966
68.20976925 19.74832611 7.14674763 0.03893693 0.05774812 1.45135083 1.11595282
66.92089109 19.62494801 7.25722794 0.04139666 0.05019161 1.43130900 1.01402595
22.32211579 0.76891837 0.76123803 0.00674724 0.05870793 0.05805289 0.05805289
51.45901096 7.90745768 4.03913873 0.07886105 0.16797129 0.78647527 0.78647527
81.28269518 13.59333376 7.62711537 0.10968204 0.05659081 0.86376520 0.77711649
47.57782302 6.95656664 3.60250509 0.06925511 0.15341684 0.68944558 0.68944558
85.28500108 13.01268030 6.83383916 0.12984751 0.05994373 1.08207301 0.79650340
40.14125497 5.13460747 2.76589118 0.05084961 0.12552971 0.50353137 0.50353137
62.85833939 18.76079606 8.36065483 0.04942600 0.05887662 1.42606906 1.06179360
80.50139196 12.22714769 7.34452759 0.13165956 0.05391797 0.93345738 0.68758274
90.13246363 14.45320998 6.30594542 0.13640617 0.06105299 1.23029408 0.70442911
83.57913983 13.37325158 7.16461088 0.11356329 0.07134892 0.46808735 1.28526382
85.60492951 13.18318238 6.86436648 0.12538433 0.05237960 1.12640019 0.77577391
43.93526376 6.06413962 3.19271717 0.06023978 0.13975724 0.59838159 0.59838159
57.46537598 9.37901711 4.71485480 0.09372681 0.19049516 0.93663440 0.93663440
46.88950595 6.78792896 3.52506942 0.06755153 0.15083565 0.67223765 0.67223765
62.55615666 19.16778682 7.44737030 0.05496942 0.05367560 1.43512185 1.18196172
71.32506049 16.48083418 8.51874512 0.01212299 0.06320108 1.11502915 1.27379104
66.71413012 18.81755122 7.91777868 0.05402561 0.05927608 1.36745479 1.15310975
22.50669378 0.81413998 0.78200305 0.00720407 0.05940010 0.06266734 0.06266734
53.46584135 17.26131268 6.99001869 0.07027382 0.05006127 1.58129721 0.83914126
55.02933183 8.78218630 4.44079983 0.08769760 0.18135999 0.87573330 0.87573330
80.79028498 14.13412715 7.41402688 0.11865715 0.07280793 0.98499979 0.86971745
46.07117527 6.58743794 3.43300722 0.06552616 0.14776691 0.65177938 0.65177938
60.71035232 20.00666111 8.03156618 0.04044227 0.05036295 1.37406737 1.38340657
63.94844100 19.31539792 7.24644154 0.03472453 0.05767957 1.50202182 1.13843866
80.15832763 12.98077401 7.82233018 0.12587080 0.05276895 1.02186810 0.72510339
70.02883984 18.63052928 7.31776989 0.04155477 0.05820463 1.17471587 1.11713885
67.72317667 19.06488777 8.26726339 0.02131673 0.06085681 1.28533925 1.11617409
22.96433266 0.92626150 0.83348742 0.00833672 0.06111625 0.07410832 0.07410832
81.89395765 13.25533184 6.67068005 0.13766408 0.05679768 0.99092823 0.74613919
86.07846161 13.95824324 6.00377361 0.14644400 0.05223015 1.18779529 0.83587766
86.19523381 12.02975113 7.14096927 0.13431532 0.06336706 1.19369651 0.76185951
75.62504099 13.98905656 6.47956583 0.14021813 0.05027666 0.90117186 0.77817628
60.14388234 18.43668257 8.33501687 0.04553406 0.06247704 1.16737649 1.18448106
71.17444900 16.45528532 8.54985984 0.01034255 0.05310394 1.11401092 1.25158810
86.03682998 13.71304732 6.12986059 0.14114945 0.05472241 1.14780219 0.75800755
42.62782965 5.74381826 3.04563084 0.05700388 0.13485436 0.56569574 0.56569574
63.88322738 18.86917005 7.83505459 0.06798856 0.06942144 1.34205241 0.71755290
65.73069441 16.80521554 8.04660531 0.04545995 0.05122846 1.28518270 0.74093014
35.33729223 3.95763660 2.22544538 0.03895980 0.10751485 0.38343231 0.38343231
32.07744760 3.15897466 1.85871285 0.03089168 0.09529043 0.30193619 0.30193619
76.56020989 14.02939139 6.16191467 0.13300350 0.05769964 0.86887237 0.73555703
23.61715784 1.08620367 0.90693026 0.00995247 0.06356434 0.09042895 0.09042895
56.47330176 18.63971609 7.42737704 0.05663386 0.05548291 1.47600878 0.86039057
84.88369223 12.25477784 7.16824322 0.14300146 0.05370451 1.06300823 0.74116129
34.21286605 3.68215218 2.09894743 0.03617684 0.10329825 0.35532165 0.35532165
75.59660857 14.65336140 5.70628799 0.13624824 0.06050187 0.83931131 0.64830238
32.02751517 3.14674122 1.85309546 0.03076810 0.09510318 0.30068788 0.30068788
23.66928486 1.09897479 0.91279455 0.01008148 0.06375982 0.09173212 0.09173212
68.29029595 20.11890913 7.46092617 0.04266592 0.05521706 1.57402038 1.14532330
70.77573000 18.96861027 8.53818945 0.01347418 0.06138750 1.25034996 1.16638173
84.32484160 11.87224200 6.90529297 0.14258798 0.05076971 0.78645846 0.73897621
85.45872212 12.66970066 7.77142467 0.11115710 0.06201207 1.05057564 0.72302812
72.99851714 17.72607978 7.63281846 0.04762337 0.06054866 1.70410536 1.05747815
81.02858366 13.45316105 7.25605183 0.13635780 0.06101516 1.07983842 0.67601450
61.16793790 17.50921005 7.95067423 0.03694086 0.05029391 1.18647857 1.29842642
51.80443682 7.99208702 4.07799914 0.07971598 0.16926664 0.79511092 0.79511092
73.69345689 19.53664590 8.28524433 0.04597431 0.07478039 1.61257854 1.08096224
84.45115748 13.32570526 7.12757973 0.10618087 0.05814117 0.54248323 1.25361006
24.27916286 1.24839490 0.98140582 0.01159093 0.06604686 0.10697907 0.10697907
29.42023544 2.50795768 1.55977649 0.02431508 0.08532588 0.23550589 0.23550589
83.62506219 15.31951362 6.65462314 0.13166954 0.05606069 0.84980854 0.65708813
67.24413878 16.61808731 7.48453722 0.06002163 0.05564868 1.03431541 0.86587065
84.36402265 12.00494334 6.85447959 0.14543707 0.05694217 0.97593427 0.84883915
71.99351164 19.51972244 7.89041653 0.04248267 0.06454300 1.49696819 1.07488687
60.15848876 18.06319611 7.08599965 0.07368994 0.06235065 1.49913449 0.72037970
84.44817604 15.22769687 6.72585407 0.13116441 0.05202900 0.93887167 0.76484442
42.92606276 5.81688538 3.07918206 0.05774201 0.13597274 0.57315157 0.57315157
53.32135178 8.36373119 4.24865208 0.08347035 0.17495507 0.83303379 0.83303379
75.82232850 13.61959608 7.96882374 0.11689689 0.05717373 1.06985584 0.65418725
63.00685722 16.16663406 7.39103733 0.03530738 0.05208362 1.21108431 0.65490801
49.75939511 7.49105180 3.84793195 0.07465450 0.16159773 0.74398488 0.74398488
55.99436801 17.44599256 7.50364298 0.08107483 0.07046461 1.51345388 0.85627159
84.48658083 12.92043415 6.87843474 0.10290332 0.05591127 0.52386291 1.29502882
65.65218616 17.27365402 6.91365322 0.05733015 0.06175909 1.33767453 0.89984623
62.00818802 19.29437569 7.89820025 0.04433700 0.05849873 1.43035580 1.36375667
61.71007101 17.56045379 9.08302800 0.03242331 0.05864196 1.31801598 1.36835877
52.23619710 8.09786829 4.12657217 0.08078459 0.17088574 0.80590493 0.80590493
83.39799550 13.42030109 6.18533540 0.12482358 0.06114890 0.79445307 0.70698493
83.30792126 12.88915197 6.85885068 0.10464022 0.07513556 0.48792028 1.26575210
80.34154680 12.01775941 7.38603375 0.13325101 0.07134173 0.93191277 0.66467989
39.82192660 5.05637202 2.72996674 0.05005927 0.12433222 0.49554817 0.49554817
62.19406144 17.17232444 6.94199730 0.07385601 0.06199169 1.21832416 0.98907092
73.38585370 18.16643206 6.96138906 0.04373996 0.07116825 1.41045776 0.88126677
33.68587485 3.55303934 2.03966092 0.03487254 0.10132203 0.34214687 0.34214687
65.03939330 18.17194091 7.75148533 0.04962784 0.07248467 1.43286692 1.04434293
81.55702768 16.21819535 7.56322255 0.13145967 0.05212305 0.78478787 0.62426161
58.43743140 9.61717069 4.82421103 0.09613264 0.19414037 0.96093579 0.96093579
90.78040166 12.94473456 7.14650529 0.13648479 0.05852471 1.07407379 0.70164152
33.47359951 3.50103188 2.01577995 0.03434716 0.10052600 0.33683999 0.33683999
62.48179009 18.90012815 8.54884319 0.04691373 0.06505458 1.46333440 1.13701245
28.35114192 2.24602977 1.43950347 0.02166908 0.08131678 0.20877855 0.20877855
