66.59694512 13.19691240 6.18220156 0.13451811 0.06029982 0.99282661 1.07473224
61.18609324 16.04492656 6.93473464 0.03416078 0.05908280 1.35433394 1.10866215
37.09350529 4.38790880 2.42301935 0.04330643 0.11410064 0.42733763 0.42733763
61.85271810 17.15238700 8.51922567 0.01186826 0.06563494 1.58758234 1.10440407
30.48978760 2.76999796 1.68010110 0.02696222 0.08933670 0.26224469 0.26224469
60.57210407 18.88465075 7.21605275 0.03536283 0.05031491 1.36895057 1.17239211
59.59519840 18.62740786 6.51631944 0.01303739 0.05180165 1.56338940 1.22501991
65.26279543 18.19803610 7.72264553 0.01635296 0.07263173 1.56938571 1.27673178
65.40741563 15.52804096 6.59264923 0.03394021 0.05635996 0.99831181 1.08839809
49.36412260 7.39421004 3.80346379 0.07367620 0.16011546 0.73410307 0.73410307
76.11082683 11.62502531 6.62782635 0.11899284 0.05970528 0.87425801 0.90345525
41.93241975 5.57344284 2.96739722 0.05528274 0.13224657 0.54831049 0.54831049
34.79285373 3.82424916 2.16419604 0.03761231 0.10547320 0.36982134 0.36982134
67.60863434 15.57330062 5.97295893 0.04567085 0.06032028 1.30708796 1.06273681
50.49505307 7.67128800 3.93069347 0.07647526 0.16435645 0.76237633 0.76237633
67.62411708 16.84224687 7.69727646 0.05218716 0.06591049 1.30165837 1.02949627
25.87251732 1.63876674 1.16065820 0.01553448 0.07202194 0.14681293 0.14681293
66.50099783 17.21033432 6.92824491 0.03985335 0.05321045 1.21561315 0.86549848
20.32868425 0.28052764 0.53697698 0.00181349 0.05123257 0.00821711 0.00821711
66.10094334 16.40799735 8.18575387 0.01243498 0.06971310 1.29278128 1.13023362
80.55383758 10.44251908 6.29093378 0.12649988 0.05148442 0.72519335 0.92531072
30.34010061 2.73332465 1.66326132 0.02659175 0.08877538 0.25850252 0.25850252
77.15085805 12.72812907 7.28576549 0.11195288 0.05604977 0.87144009 0.68731520
64.36347938 15.76028891 7.75223777 0.03275600 0.05706816 1.39806864 1.10099662
43.22602816 5.89037690 3.11292817 0.05848442 0.13709761 0.58065070 0.58065070
75.52473572 10.30452895 6.57620983 0.13361274 0.06833191 0.75137326 0.94234466
80.73960690 13.72914028 6.50645418 0.13719775 0.06016593 0.89351982 0.88116461
58.68247551 18.68121969 7.03195972 0.02887732 0.06019350 1.47262862 1.24224222
66.10959615 16.40607403 7.81558698 0.02054635 0.05157089 1.18862121 1.22296132
64.89592334 18.46261892 7.33222263 0.02997795 0.05347604 1.55248431 1.07023527
60.36223720 16.17339055 6.90373525 0.03137985 0.05390788 1.32205836 1.04881095
55.47348997 19.02709500 7.21803703 0.03700882 0.06275128 1.48341816 1.26908641
66.63942180 16.94115209 7.71266061 0.01680024 0.05918941 1.35389304 0.97479539
40.71839741 5.27600737 2.83081971 0.05227803 0.12769399 0.51795994 0.51795994
62.35719079 15.76644987 7.13587344 0.04189780 0.05509669 1.33417230 1.05670032
80.13469089 13.93364606 6.56594072 0.13961472 0.05227785 0.91662711 0.81125077
79.32945491 13.04568400 6.76193811 0.14018693 0.05923515 0.89981878 0.90294559
57.00235180 15.20557171 6.42413933 0.06480141 0.05076332 1.07118886 0.80416326
52.39023900 8.13560856 4.14390189 0.08116584 0.17146340 0.80975598 0.80975598
62.22386255 18.10317803 7.60279942 0.01621469 0.05929715 1.55256975 1.24212927
50.99003032 7.79255743 3.98637841 0.07770033 0.16621261 0.77475076 0.77475076
78.09115724 10.84901846 6.10757723 0.13952568 0.05116721 0.85816081 0.94271764
64.45795598 18.38800917 6.91751221 0.03297103 0.06736771 1.53308732 1.10390789
62.49264233 16.79087844 6.95341366 0.03193233 0.07230185 1.11422346 1.23924831
73.05018232 12.95903027 6.84132512 0.11320284 0.05411555 0.95366240 0.80336827
78.17610975 13.39906293 6.90001154 0.14219539 0.06307958 0.80209168 0.91952748
70.82883079 11.96006235 6.92102181 0.11922319 0.06380544 0.92799759 0.89037382
70.86627680 14.76342218 5.73873334 0.06173186 0.07629709 1.40694720 1.02849703
58.75118755 16.42053267 8.58832231 0.01353818 0.06368676 1.43251557 1.14078566
71.02371198 12.32470391 6.85367862 0.12015504 0.06629841 0.88370129 0.90933573
71.69161741 13.75801972 6.55452160 0.13103570 0.05776864 0.97056601 0.84459792
68.08330060 13.68370289 5.48268118 0.05631441 0.06967867 1.37276471 1.02211231
67.39141667 17.74180952 6.95085239 0.03921888 0.06397998 1.24505360 1.25412912
71.49785583 15.34672452 5.73643558 0.04324646 0.05488790 1.51227404 1.08092308
69.84533330 12.23717021 7.07415131 0.11744005 0.05927313 0.93053748 0.96854730
76.52877318 12.20658251 6.39829964 0.12248385 0.05750746 0.85778808 0.94482446
65.07748269 17.19329344 6.79014872 0.04530985 0.05227957 1.27808483 0.89203407
29.37384985 2.49659321 1.55455811 0.02420028 0.08515194 0.23434625 0.23434625
51.69836018 17.33012355 7.14334247 0.03843296 0.06330999 1.48175647 1.43423502
55.18579029 16.14888444 6.12774141 0.05877357 0.05179802 1.08285694 0.85533703
51.87022502 8.00820513 4.08540031 0.07987881 0.16951334 0.79675563 0.79675563
27.84420339 2.12182983 1.38247288 0.02041440 0.07941576 0.19610508 0.19610508
57.42450339 17.29482670 7.27439955 0.04171223 0.06118746 1.47411083 1.36905218
65.85177466 16.47668188 4.73850287 0.10196139 0.05076643 0.89582595 0.96737627
62.11526949 17.33991289 8.68294068 0.02629801 0.06061288 1.49060147 1.17712729
70.31429767 12.10357304 6.67198299 0.12837755 0.05719500 0.74070194 0.88882332
70.40440131 15.33046054 5.60906721 0.04766329 0.06939301 1.31836128 1.05976202
47.79298878 7.00928225 3.62671124 0.06978765 0.15422371 0.69482472 0.69482472
65.40023926 16.37203471 8.42243324 0.01656932 0.05218715 1.49188291 1.01687935
78.26579319 13.84315632 6.66123259 0.13528396 0.05966780 0.86610390 0.95160386
27.38007545 2.00811849 1.33025849 0.01926569 0.07767528 0.18450189 0.18450189
65.20356331 14.83728446 7.82794685 0.04517486 0.05763915 1.22839752 1.08557975
65.60286720 15.57407824 5.62708784 0.04160103 0.05163842 1.35161124 1.15463454
40.92284226 5.32609635 2.85381975 0.05278403 0.12846066 0.52307106 0.52307106
64.16778794 16.84143917 6.62578598 0.03965007 0.05300950 1.17596193 0.99677779
31.94898509 3.12750135 1.84426082 0.03057374 0.09480869 0.29872463 0.29872463
73.36018474 12.60597074 6.33226030 0.12698238 0.05584033 0.91836954 0.92236451
54.14795412 8.56624876 4.34164484 0.08551619 0.17805483 0.85369885 0.85369885
39.66004471 5.01671095 2.71175503 0.04965861 0.12372517 0.49150112 0.49150112
57.80165858 18.20379878 7.28344722 0.03328183 0.07235963 1.48453337 1.31979837
47.54483720 6.94848511 3.59879418 0.06917347 0.15329314 0.68862093 0.68862093
30.66213516 2.81222311 1.69949021 0.02738878 0.08998301 0.26655338 0.26655338
79.23668058 11.53547746 6.46631049 0.12017347 0.06148491 1.08691782 0.84922978
63.59428851 16.98608544 8.36089835 0.01731711 0.06018175 1.62462224 1.37148388
73.23132788 11.46163916 6.43591545 0.12403555 0.06069393 0.87580253 0.97341282
63.57064961 15.63297056 7.85356858 0.04427463 0.05151157 1.17029885 1.04431763
73.64029090 12.97494618 6.88217083 0.12212377 0.05260985 0.76719854 0.94185119
34.41641272 3.73202112 2.12184643 0.03668062 0.10406155 0.36041032 0.36041032
53.28457922 8.35472191 4.24451516 0.08337933 0.17481717 0.83211448 0.83211448
70.32721545 15.41213342 5.68260610 0.03850542 0.05864503 1.36075849 1.00569931
63.76270127 17.01596686 8.20464050 0.01865285 0.05508739 1.41151187 1.13257934
69.82046263 17.08700732 6.16824987 0.03958442 0.05556473 1.02566257 0.91934462
27.58982287 2.05950660 1.35385507 0.01978481 0.07846184 0.18974557 0.18974557
58.02424798 9.51594076 4.77772790 0.09511001 0.19259093 0.95060620 0.95060620
80.51123960 12.56860375 6.07267202 0.13371232 0.05630447 1.08620951 0.78150974
20.15995735 0.23918955 0.51799520 0.00139589 0.05059984 0.00399893 0.00399893
80.40874314 12.33654655 7.01491436 0.10392992 0.05721471 0.48440842 1.17997523
81.68095884 13.01552677 6.84260280 0.10706157 0.05888779 0.44401215 1.16953760
71.47662615 12.11898608 6.36214792 0.13344095 0.05691920 0.74350378 0.98530613
67.41002679 14.05404781 6.88613693 0.05066779 0.05106698 1.33058485 1.18129603
60.04150857 18.99836445 6.67191952 0.03282421 0.05226168 1.50967608 1.10010357
55.00739805 15.85099306 6.52984521 0.06241203 0.05083468 1.10697112 0.92677801
59.90502213 17.07610123 8.47057125 0.01218532 0.06647689 1.33229057 1.17477102
66.78033816 16.16868333 7.47117701 0.02071729 0.06688653 1.37317236 0.97133612
61.80083733 18.53001527 7.41026047 0.00554950 0.05452313 1.57286005 1.44377767
60.97090151 16.17921786 7.36512093 0.04350072 0.05537900 1.35776760 0.98773594
59.25232612 19.60102288 7.08473457 0.01670481 0.06933291 1.58405857 1.29029394
59.39943106 17.05929786 8.68260150 0.02038667 0.05531055 1.27574426 1.20838809
36.61544275 4.27078347 2.36923731 0.04212322 0.11230791 0.41538607 0.41538607
73.86948249 12.95550414 6.40732420 0.13120253 0.05278582 0.81026433 0.91421719
70.10514615 16.78002405 7.06277883 0.05258553 0.06012914 1.37948338 1.08043696
24.04894885 1.19199247 0.95550675 0.01102115 0.06518356 0.10122372 0.10122372
48.77451530 7.24975625 3.73713297 0.07221693 0.15790443 0.71936288 0.71936288
77.66651190 12.94888089 6.95128118 0.13783248 0.05742877 0.87140209 0.86328853
75.59514642 12.70763216 6.32715505 0.11892654 0.05039126 0.87545298 0.84571136
80.34364442 12.84799627 6.24766277 0.12516101 0.07300355 0.97863274 0.76827666
69.04197649 12.19552342 7.05573529 0.12154588 0.05924701 0.88490414 0.90483952
63.34455145 18.49503431 5.04413495 0.10895960 0.06526452 0.78712915 1.04840584
32.42739286 3.24471125 1.89808170 0.03175780 0.09660272 0.31068482 0.31068482
67.97328968 15.33449934 5.61603785 0.06004037 0.06747301 1.38832807 1.04021065
65.37444935 18.53637524 5.13991053 0.10311405 0.05610348 0.71566760 1.11703194
74.33017037 12.23600273 6.44742419 0.12886644 0.07298759 0.72425599 0.93513115
72.63273061 12.15846108 7.14202686 0.11998649 0.05798808 0.93824882 0.89415929
62.42271252 17.53484538 7.88820810 0.04346510 0.05716986 1.49041572 1.01978129
26.33407089 1.75184737 1.21258297 0.01667683 0.07375277 0.15835177 0.15835177
32.41317331 3.24122746 1.89648200 0.03172260 0.09654940 0.31032933 0.31032933
63.06791485 17.91020630 7.90193181 0.02956291 0.06347011 1.29563596 1.10166773
72.79008796 13.22247402 6.43161012 0.13177578 0.05330800 0.97648909 0.84181574
