55.80084509 8.97120705 4.52759507 0.08960709 0.18425317 0.89502113 0.89502113
75.65302831 29.67366318 12.81257211 0.11766149 0.05501943 1.45034643 1.28331979
64.39568658 30.96267713 13.93808392 0.03790723 0.05598476 1.39084365 1.17489070
135.74273561 12.76063208 17.69287140 0.17277604 0.05379199 0.19071996 0.06454559
101.24350420 18.08282292 15.38709565 0.20527291 0.05851073 0.67206311 0.13455741
51.30640215 7.87006853 4.02197024 0.07848335 0.16739901 0.78266005 0.78266005
110.03283531 17.18296374 16.94445356 0.17643949 0.05021110 0.81080178 0.24849963
22.33125831 0.77115829 0.76226656 0.00676986 0.05874222 0.05828146 0.05828146
140.95382665 12.67316303 17.05374000 0.17584097 0.05220708 0.26909569 0.08958664
109.55623002 11.89770643 16.41480405 0.18759511 0.05045607 0.93682602 0.04799858
46.88424603 6.78664028 3.52447768 0.06753851 0.15081592 0.67210615 0.67210615
95.82136923 19.76266989 14.27327679 0.20510373 0.06025040 0.66521386 1.11602598
96.02118665 19.83381376 14.41586221 0.21452349 0.05858695 0.83057491 1.14772719
91.82852201 19.43424178 14.03226219 0.21071868 0.07258566 0.77254875 1.10288504
77.32803403 24.93855042 11.70382334 0.19588906 0.06143774 1.48665629 0.75993635
107.73746342 18.98789275 16.09575955 0.17667894 0.05303451 0.48097091 0.16977904
100.56277662 19.49712064 15.43190007 0.19546441 0.05603458 0.70967216 0.17672999
69.82177919 33.31258648 13.78499445 0.11245772 0.05256333 1.38137418 1.42538904
110.45935657 16.45095704 16.63313403 0.15907698 0.06314660 0.78089078 0.27435898
79.78943897 19.90146269 13.58134569 0.18380488 0.05631545 1.33625172 0.35133412
112.14453864 16.85708703 16.72519074 0.15946657 0.06777730 0.67603117 0.29993135
104.54664393 19.03548862 15.01231336 0.18480130 0.05289542 0.49639757 0.27993374
45.42549704 6.42924678 3.36036842 0.06392811 0.14534561 0.63563743 0.63563743
79.19349219 30.61244006 13.23085139 0.11317334 0.05617863 1.69700261 1.06767207
58.14186286 31.57394105 13.58328330 0.05114255 0.05802801 1.30464740 1.21136680
30.12745325 2.68122605 1.63933849 0.02606545 0.08797795 0.25318633 0.25318633
38.01666268 4.61408236 2.52687455 0.04559124 0.11756249 0.45041657 0.45041657
98.51950414 20.95533208 16.48125976 0.23059401 0.05919190 0.70007162 1.08026260
59.16008346 32.23828565 13.74263109 0.05012017 0.06120397 1.37929375 1.35189486
138.28883563 13.14447587 17.07700564 0.18087770 0.05068515 0.19957822 0.18008483
88.60735048 22.14742499 12.22682253 0.18487273 0.07125882 1.40448014 0.39350407
64.66366336 32.59921705 13.37493814 0.11742871 0.05716449 1.11504883 1.40709243
84.36435183 23.44190263 13.02436153 0.21289197 0.05048891 1.43999268 0.40774100
65.25700653 30.35518132 13.90094697 0.03272464 0.06155484 1.35956388 1.33262604
78.46041097 24.24392858 11.67787357 0.19520745 0.05335708 1.50101935 0.65349880
94.33291866 21.47764463 16.00497850 0.23765854 0.05572223 0.62248222 1.07378067
51.62683786 7.94857527 4.05801926 0.07927642 0.16860064 0.79067095 0.79067095
110.57153708 18.06085838 16.70372483 0.15526464 0.05775797 0.76023947 0.18017772
84.42029084 19.51718626 13.47078800 0.19657338 0.06451665 1.43315876 0.38228200
48.42156409 7.16328320 3.69742596 0.07134337 0.15658087 0.71053910 0.71053910
81.17719013 21.90024830 13.39847207 0.21681555 0.06138798 1.28203100 0.38062308
111.93263786 11.69285016 15.64701179 0.19116341 0.06480295 0.91364205 0.06412795
103.50612931 20.24478161 15.53730261 0.19363327 0.06178148 0.66834870 0.15601717
60.33592753 29.63912119 13.76540823 0.04393985 0.06333306 1.37172482 1.12262482
99.15104257 20.00096631 14.58973848 0.22324815 0.05704138 0.84667172 0.86093764
25.35806107 1.51272496 1.10278187 0.01426120 0.07009273 0.13395153 0.13395153
30.27507972 2.71739453 1.65594647 0.02643082 0.08853155 0.25687699 0.25687699
90.66855006 22.42574348 12.76262645 0.18634821 0.05613700 1.15682946 0.29325215
105.18235015 19.68211363 16.36872248 0.19506974 0.05360210 0.56769423 0.23405468
117.59764340 12.12961497 15.84547995 0.18967278 0.05707641 0.88934261 0.12472649
51.91896962 8.02014756 4.09088408 0.07999945 0.16969614 0.79797424 0.79797424
21.92764084 0.67227201 0.71685959 0.00577091 0.05722865 0.04819102 0.04819102
59.01246845 9.75805477 4.88890270 0.09755586 0.19629676 0.97531171 0.97531171
59.88890581 9.97278192 4.98750190 0.09972504 0.19958340 0.99722265 0.99722265
86.93582980 22.66169912 12.55927944 0.20765345 0.06365696 1.35512875 0.41104752
75.71741304 28.65440098 13.44697373 0.11272200 0.06106163 1.56995312 1.09634693
136.38160071 12.25451544 16.92259681 0.17945246 0.06179450 0.19288906 0.12240474
71.83179453 32.43354623 13.34256872 0.11850988 0.07444496 1.32212311 1.49698327
50.99557625 7.79391618 3.98700233 0.07771405 0.16623341 0.77488941 0.77488941
35.94981958 4.10770580 2.29435470 0.04047580 0.10981182 0.39874549 0.39874549
107.42371008 19.30826120 16.15343832 0.19128349 0.05533614 0.64052228 0.24418259
60.61364591 29.55478737 13.01959350 0.11714422 0.05391397 1.16178761 1.18151470
77.45424960 30.01769510 13.64544511 0.10614077 0.05083869 1.53205457 1.22171805
101.90111753 20.07260324 15.80574320 0.19724143 0.07174341 0.63443254 0.22249061
63.50073452 32.76599420 13.60518208 0.12479495 0.05355552 1.18437466 1.42297977
42.36641292 5.67977117 3.01622145 0.05635687 0.13387405 0.55916032 0.55916032
75.24560454 27.28141773 12.62191355 0.10970342 0.05959391 1.67041303 1.18903815
33.05050546 3.39737384 1.96818186 0.03330000 0.09893940 0.32626264 0.32626264
113.52225303 11.63196269 15.65215817 0.19079603 0.07384068 0.85575427 0.19030123
87.79966638 28.71301440 12.78730103 0.11340991 0.05489557 1.47602236 1.30265838
81.74003949 27.78716365 13.83332422 0.10621674 0.05707302 1.52992051 1.19871358
33.51529151 3.51124642 2.02047030 0.03445035 0.10068234 0.33788229 0.33788229
110.86174821 11.54938352 16.32299453 0.19251344 0.07336920 0.90100394 0.15504439
78.45973443 24.31078550 11.74549199 0.18459198 0.05419589 1.45393811 0.74605066
122.71500753 13.07915319 16.13449976 0.15409477 0.05793431 1.30220595 0.18158569
84.09806379 21.45534404 13.27985619 0.18419720 0.06112342 1.18013200 0.40483798
121.18315555 11.78938190 16.76066907 0.15050713 0.06087853 1.11352339 0.11713772
79.61000667 23.98719993 12.12263197 0.19140158 0.06047683 1.45463580 0.60098773
105.87766453 18.90638357 15.63052710 0.19482098 0.05080145 0.68879754 0.22650965
41.11261306 5.37259020 2.87516897 0.05325372 0.12917230 0.52781533 0.52781533
66.84446119 29.99654720 13.15703012 0.12355975 0.05420278 1.28346623 1.24538682
113.73377830 10.82088732 15.82581334 0.20048079 0.05221632 0.86218339 0.06683157
63.02619557 31.55176201 13.57628212 0.05346219 0.06521178 1.28003258 1.28593573
76.46805431 31.55258508 13.23826229 0.11565500 0.05072445 1.46702347 1.23961646
133.32866563 13.17144237 17.29647096 0.17802736 0.07059456 0.20909006 0.11650572
100.40912453 19.93833361 15.92768687 0.19341530 0.05892420 0.59951511 0.28827895
82.15764853 28.67666785 12.75737034 0.10597762 0.05980976 1.42135599 1.18344367
59.38671165 9.84974435 4.93100506 0.09848211 0.19770017 0.98466779 0.98466779
80.41642795 28.55658787 13.92073088 0.11273654 0.05189002 1.40700654 1.24330363
116.48918848 12.68109647 15.99559959 0.19230557 0.06451348 0.94390557 0.13416073
37.87438365 4.57922399 2.51086816 0.04523910 0.11702894 0.44685959 0.44685959
97.74569192 19.21383919 15.73813132 0.19869619 0.06339567 0.67044402 0.26777393
20.25426128 0.26229401 0.52860439 0.00162930 0.05095348 0.00635653 0.00635653
23.39719540 1.03231287 0.88218448 0.00940806 0.06273948 0.08492989 0.08492989
30.61382523 2.80038718 1.69405534 0.02726922 0.08980184 0.26534563 0.26534563
84.32486514 29.08331808 12.99972055 0.10628789 0.06303865 1.48527640 1.19349910
118.42012596 13.98456482 16.74424348 0.17746722 0.05833003 1.00411423 0.20349878
84.76489556 28.27333086 13.79111644 0.12071632 0.05929099 1.49518552 1.29268042
85.62767183 22.16021948 12.84434596 0.18880465 0.05203503 1.38606737 0.40422792
31.50467094 3.01864438 1.79427548 0.02947406 0.09314252 0.28761677 0.28761677
132.95343802 12.87402924 16.90279981 0.18202769 0.05382121 0.20128943 0.18568470
46.52873937 6.69954114 3.48448318 0.06665863 0.14948277 0.66321848 0.66321848
117.55103198 11.47407578 16.13264936 0.18430795 0.05009514 0.82129328 0.18471193
105.14026404 19.33623117 15.47568311 0.19747920 0.05212458 0.64574942 0.26057384
83.59711867 21.29280650 13.66445092 0.20117227 0.05053773 1.31698375 0.41831262
132.59486016 13.31740972 17.35093867 0.18079308 0.06318284 0.26826874 0.07030745
117.27568814 13.52627200 16.40863384 0.17905618 0.06018021 1.03839665 0.14918212
99.28244801 19.48004032 15.03604629 0.22120074 0.05720240 0.84879275 0.92085025
78.17516285 29.20115067 13.36499379 0.10987872 0.06575449 1.60242068 1.07233693
91.94586487 20.88894098 13.03649721 0.17552442 0.05130792 1.34188246 0.41045625
108.92563890 13.09418143 18.24868112 0.14013031 0.07029605 0.53740137 0.37674060
95.36839532 19.93209978 16.10336861 0.22144369 0.05387413 0.67803046 1.10828501
58.78664935 9.70272909 4.86349805 0.09699696 0.19544994 0.96966623 0.96966623
94.37285211 19.19728860 14.05873295 0.21728018 0.05517503 0.85876625 1.16638697
116.43613289 13.25498938 16.58133870 0.16318623 0.05345890 0.97004903 0.15925041
106.81632236 18.79326902 16.38992093 0.19263615 0.05482203 0.53117616 0.33188673
106.71902058 18.96837483 15.81925417 0.20666637 0.05842888 0.60148925 0.24410970
46.54083652 6.70250495 3.48584411 0.06668857 0.14952814 0.66352091 0.66352091
27.88645562 2.13218163 1.38722626 0.02051898 0.07957421 0.19716139 0.19716139
28.10385041 2.18544335 1.41168317 0.02105703 0.08038944 0.20259626 0.20259626
111.67354630 16.60716835 17.11019906 0.16572358 0.05414644 0.69502347 0.25466251
85.16345362 21.93713582 12.65951739 0.20496526 0.05216555 1.40683923 0.45364825
84.82903276 22.99852745 12.99780563 0.19957533 0.06950789 1.48206764 0.37657377
60.44362421 32.23718279 13.68539763 0.12686438 0.05845179 1.11446494 1.54266354
104.71908748 19.19676420 15.24284030 0.18730841 0.05801349 0.51225873 0.24904977
80.58415722 23.27090140 11.73610190 0.18533363 0.06301974 1.52058495 0.78036013
111.59145304 12.76983743 19.06607726 0.14850177 0.05511502 0.67144515 0.53615872
80.19347652 27.95304316 13.08506212 0.10995185 0.06417660 1.66168380 0.98660055
