58.60989520 4.26305277 3.24279968 0.02696054 0.11696805 0.47498048 0.42184949
57.47031164 8.20848439 3.65827405 0.08420713 0.06308350 0.05519059 0.48875043
45.76807108 9.88184889 4.08341060 0.08834557 0.05987264 0.24833772 0.75158595
54.66262712 8.21959729 3.88247357 0.02979938 0.06493995 0.01554271 0.79669875
54.06172492 9.10149397 4.41475026 0.04478340 0.05749538 0.14446831 0.75337872
59.46693959 8.70728456 4.35092309 0.09647768 0.05132486 0.34216547 0.87792328
24.37845072 1.71009998 4.38040001 0.04486177 0.14520864 0.82316807 0.59539403
40.64397322 1.30055122 2.05393437 0.09737457 0.10229605 0.92449764 0.81737786
53.67932950 9.89273028 4.44641290 0.04263667 0.05177694 0.08299269 0.75782514
49.72340837 4.25920870 3.08536781 0.05373508 0.05890653 0.18655571 0.03821340
52.15049836 9.92511969 3.76717269 0.03129948 0.05557328 0.28505733 0.13351870
31.82583258 4.68897515 0.98429168 0.01287459 0.10591058 0.04695065 0.90384571
57.45873513 9.31384170 4.78372253 0.09741645 0.07040083 0.24694940 0.80853522
38.92574576 7.21610122 1.26453633 0.00595803 0.06779649 0.94686741 0.19320486
57.32358377 9.60411893 4.29482640 0.03210473 0.05672474 0.24284021 0.03661833
45.99185860 5.56880619 3.38681236 0.06369194 0.14974327 0.12274000 0.06567709
48.47806616 9.83269612 4.69382997 0.08742422 0.06784539 0.18273981 0.66402673
49.09466103 2.21680436 3.84649116 0.03188801 0.12540487 0.54527074 0.04098010
55.49684696 9.95074940 4.06757325 0.08671039 0.07322575 0.19916559 0.61834651
54.59743377 9.72902208 4.11781758 0.08758270 0.06402219 0.10782918 0.60960488
39.74222659 6.00081241 1.71528677 0.01582396 0.08196700 0.62748254 0.80356980
56.39620099 8.05777217 3.59829666 0.05356414 0.05452451 0.06134161 0.55943678
56.42455241 1.35707922 3.67482710 0.04941113 0.10939788 0.68966062 0.46762486
59.04590358 3.44755114 4.39257944 0.05776686 0.13450881 0.03724424 0.06579186
56.51567499 9.14621671 4.30886694 0.05544913 0.06465025 0.44650157 0.68180022
58.86986896 9.47080301 3.71926842 0.02566755 0.05719763 0.37005805 0.15718104
57.51468295 9.36625102 4.00807580 0.08174773 0.05663837 0.23576764 0.63654812
54.59487949 8.08268812 3.66954066 0.09460780 0.06451830 0.36402649 0.80842030
50.40745721 9.55106400 4.00559740 0.05952120 0.05527137 0.47692707 0.43669773
39.76265695 3.63527292 1.80133902 0.06565114 0.11437503 0.09568929 0.74016667
56.37340044 9.38948435 4.33813262 0.05426572 0.05902546 0.39621378 0.58874495
39.36007582 2.11032552 0.81686226 0.00795812 0.06706218 0.57307373 0.87485918
53.72249041 1.16700364 2.56849215 0.02403099 0.09973080 0.17692348 0.60477864
54.42444251 8.92931333 3.96795044 0.05014872 0.05030412 0.43967969 0.91043558
42.00540101 5.91950986 4.09157117 0.07211168 0.19657408 0.15628533 0.93438843
57.79055394 9.16686344 3.96847191 0.02481866 0.05440486 0.02259603 0.69432403
58.89758082 9.15700721 4.18298260 0.09616172 0.05894574 0.33311571 0.50740051
59.28933860 7.68290479 4.24455569 0.08732502 0.05082193 0.29831816 0.49043347
35.51133768 4.17130665 1.65711498 0.05918540 0.05971143 0.30092010 0.89157371
58.74567315 8.66562542 4.31732343 0.08957666 0.05735861 0.11751352 0.53682592
58.08757878 8.57520403 3.77133113 0.08952938 0.06541538 0.18985925 0.51912677
56.46753604 8.94119004 3.94752243 0.02644779 0.07672098 0.02162543 0.48756574
23.09762185 9.08040505 4.61547619 0.05602097 0.19025521 0.94957569 0.77189063
50.98914927 0.36974739 1.89662117 0.07260121 0.13467970 0.71863891 0.11735753
41.12050546 5.81712851 3.74937996 0.07435088 0.06327553 0.84657041 0.61748235
57.75909460 8.07624519 3.63061486 0.09535126 0.06888638 0.05261758 0.52109465
35.93330214 0.68170644 1.62560835 0.00388406 0.10729492 0.52236782 0.94837117
26.44243038 2.70178621 1.95386091 0.01910448 0.16157197 0.59200499 0.83447848
53.74386235 9.51360434 3.48752625 0.03386407 0.06012912 0.32555224 0.13636243
55.09947579 9.73981334 4.14373415 0.02931366 0.05969718 0.19344573 0.59194246
20.80467061 2.57238562 3.42007837 0.07407063 0.15749083 0.22628009 0.82941474
42.61002686 0.94327688 1.58242206 0.00104066 0.17597371 0.05731151 0.30212164
52.21037041 9.56133326 3.81155813 0.09562922 0.08015665 0.29716081 0.48059151
53.23938946 9.19858573 3.65405615 0.04975282 0.06135624 0.15663212 0.93806444
53.82181106 9.25131713 3.31082501 0.04727896 0.05333319 0.88005646 0.19452562
52.79133848 9.51930334 3.96513387 0.02983211 0.06348711 0.16764098 0.59519616
56.11122822 9.56408576 3.73216515 0.09761803 0.06884035 0.11384485 0.58912411
33.55786226 2.16711940 0.99326891 0.07359638 0.06576387 0.91417634 0.47937819
54.13467422 1.04245662 2.30744334 0.08416208 0.12669509 0.60499132 0.60733036
41.75616741 9.77248721 4.55326548 0.09713649 0.06617977 0.25648332 0.75960458
46.80181012 6.53592018 1.52817195 0.04062782 0.09000097 0.29778919 0.39720717
55.26140027 8.45040807 3.74185858 0.06010367 0.06144957 0.07985059 0.92078293
57.04348440 9.14652301 4.50030738 0.02529520 0.05009351 0.13380043 0.00711492
50.11903412 0.41495123 1.67330065 0.01507437 0.14986990 0.78679819 0.00430087
55.44910660 9.55096611 3.94503467 0.08971819 0.05532594 0.14044326 0.51725000
59.11122659 9.49640108 4.24220216 0.03434661 0.05430492 0.07515615 0.71593329
55.68295952 9.79026192 3.88280009 0.08897301 0.06474793 0.30509292 0.49179541
58.11873007 9.21675192 3.94204341 0.08951826 0.06043520 0.41904678 0.82170715
47.91725993 3.50683051 3.44235091 0.06470624 0.17497886 0.54552368 0.88302583
45.06812887 9.47946323 4.07358988 0.05946403 0.06394362 0.33300309 0.04641051
54.50069895 8.62340214 3.97060725 0.08437666 0.05614024 0.36147516 0.57955968
58.93440583 8.69951121 4.27274411 0.09746945 0.05390081 0.09858182 0.67901561
41.07599278 6.37532016 2.41673892 0.00318331 0.12293578 0.07858670 0.53802804
57.25028789 8.96908857 4.07320917 0.08509504 0.05801235 0.12177280 0.60881704
45.31724356 1.00691633 0.74136217 0.08373752 0.06748517 0.79214703 0.05573480
46.26599633 9.25905143 4.21954478 0.07087375 0.05310406 0.34656233 0.11436120
53.65307949 9.59225764 4.08439676 0.08716338 0.06019171 0.31063237 0.55517903
56.23564464 9.17447428 4.08544234 0.09213460 0.05489635 0.33497351 0.50070989
42.72314058 3.90604200 4.10102629 0.01987115 0.07706249 0.73032148 0.88037550
43.29687689 6.25710071 2.51769330 0.02959254 0.19851591 0.02658354 0.87979260
51.71982433 9.47754288 4.45583718 0.09843954 0.07575688 0.21549621 0.70582492
38.54160280 8.68522126 2.27049473 0.09411560 0.09333129 0.56512512 0.11956197
59.26197520 8.93551165 3.89981983 0.08450409 0.06533718 0.05438847 0.59011986
57.00738165 8.58462090 3.98710736 0.09373590 0.05218590 0.03737669 0.80762075
55.36439912 9.15365262 3.93616343 0.03749132 0.05590058 0.07868678 0.66282909
21.34709112 6.03711706 3.03886469 0.02621466 0.14326194 0.91523273 0.86947621
44.99085964 6.87628331 1.67864668 0.00991170 0.09262781 0.70066702 0.45507675
41.88118218 6.02234606 2.29123980 0.02303657 0.06221436 0.00377543 0.10224403
50.87828605 9.62517554 4.42299461 0.03574372 0.05085875 0.29890350 0.04675856
39.59612446 2.46186571 3.49460651 0.09302430 0.10987607 0.90257288 0.70562397
51.98634744 9.40509839 3.95730815 0.08183064 0.06666993 0.19077387 0.59643377
57.29628660 3.51092861 1.62848989 0.02763916 0.14020140 0.82408418 0.88206429
36.80184302 9.16019372 3.14199970 0.01531243 0.18738844 0.43651251 0.82942871
48.83323790 9.14125804 4.08754312 0.09676183 0.05961892 0.24564908 0.58513511
55.75384976 9.92835251 3.67084514 0.03591473 0.07402303 0.49455586 0.10269628
56.36088713 8.32993003 4.56113713 0.03449342 0.06698024 0.39265937 0.95811164
59.24805600 9.20416798 3.86591037 0.02593539 0.06466802 0.39822020 0.10398881
56.70067615 7.80528930 4.44250370 0.09811051 0.06771161 0.21038545 0.73473736
50.55231273 2.15331692 2.48097733 0.05349909 0.09423493 0.15728278 0.46401110
54.84801542 9.31830930 3.89204670 0.02668089 0.06319922 0.02440608 0.56257592
49.41248583 9.44350358 4.24961047 0.09360841 0.05868372 0.19004232 0.67133271
56.56274899 8.92155621 4.22031119 0.09953206 0.06638573 0.20662086 0.63969165
33.14523244 6.54994868 2.81360047 0.02029678 0.07153098 0.31092207 0.80955528
25.00588796 1.33718936 4.65613003 0.07073103 0.11785269 0.47601989 0.53468321
36.68175296 4.62576229 4.84529971 0.00388178 0.10152879 0.13952068 0.45983803
28.34717232 9.90112031 0.61838650 0.07839277 0.15799632 0.94396326 0.30869246
20.13148683 4.69188726 3.14742452 0.07293738 0.12519972 0.80596587 0.40273015
46.89714621 7.92776595 1.90260374 0.08751428 0.11001707 0.70340149 0.07223246
50.88348266 7.93786114 4.09582632 0.04795553 0.05252025 0.34787283 0.95513878
56.11235572 9.35009381 3.93230874 0.09536083 0.05236454 0.07409658 0.53391383
57.84561406 9.36526544 3.90498790 0.08136347 0.06950361 0.49562148 0.75891090
48.80697611 9.41549360 4.41125367 0.09631566 0.07879139 0.31277563 0.64679435
45.10941204 3.89554066 2.41985959 0.00176190 0.05408043 0.20451292 0.30177752
35.33163842 4.10561750 4.80365215 0.03660622 0.06092846 0.85670841 0.93079972
31.87008354 4.70017682 1.24421579 0.02918667 0.13961154 0.75553040 0.45286906
48.75054393 7.83838187 4.13903030 0.04164981 0.05137665 0.44001094 0.94558974
50.40469807 8.91554665 3.54948896 0.04510934 0.05655536 0.30185077 0.49460355
55.11974522 8.76731352 4.66066186 0.08693931 0.05878138 0.26479544 0.77456525
53.89173125 7.35442228 4.05381334 0.08937441 0.06183527 0.21004451 0.66154007
54.20011945 9.03989167 3.97768878 0.09008477 0.05995054 0.44552201 0.51470652
22.18437383 0.34806247 4.50894529 0.06557939 0.09254986 0.97639797 0.45865578
49.43647005 2.61076868 4.64875730 0.08565774 0.05151466 0.76251391 0.82320666
46.24717192 1.25131147 2.50545963 0.08919630 0.10652311 0.13558112 0.36096864
57.46251555 8.82707698 3.61209428 0.03628315 0.07300229 0.36163022 0.09340915
43.21385143 6.89892549 3.51065360 0.01023919 0.17811172 0.51059343 0.67811895
59.95136041 7.80018168 2.34465030 0.02715952 0.09881210 0.29939661 0.22550458
41.35183428 3.46910831 4.08122355 0.05563716 0.07674739 0.87915237 0.34314326
55.65299392 9.56433160 4.10881707 0.09643796 0.06505161 0.06204896 0.57503009
