98.96221140 11.85958512 8.64065035 0.16116970 0.06872635 0.74875952 0.82633372
97.82785396 14.24487047 7.54948254 0.16827064 0.06456448 1.39347338 0.76216095
53.52046593 8.41251415 4.27105242 0.08396315 0.17570175 0.83801165 0.83801165
77.40238907 20.11859814 8.77588811 0.08029174 0.06964645 1.49237218 1.35805803
70.47370436 21.78097740 8.30243936 0.02544217 0.06610162 1.45571350 0.84293152
90.57841941 16.22172990 8.54136962 0.15601105 0.05542499 1.35383399 0.95840835
44.27216842 6.14668126 3.23061895 0.06107362 0.14102063 0.60680421 0.60680421
67.84709447 16.10172378 9.61403052 0.14156259 0.05106013 1.14714511 1.02229205
74.32402344 15.24742515 8.93844017 0.13961437 0.05428236 1.18261189 0.95287695
74.46154059 22.40428779 7.90024426 0.05754426 0.05835013 1.34727054 1.36925742
85.14926417 17.81610031 8.89713305 0.13731111 0.06168410 1.38711692 0.95057822
76.75050298 20.23300455 8.43442172 0.07664397 0.06053192 1.52529493 1.46943533
85.58347740 18.85068583 7.52368955 0.13975812 0.05220292 1.33762004 0.72093364
68.68633639 17.64400264 10.12567409 0.08991064 0.05088124 1.49960777 1.06035624
99.18181987 13.64293332 8.30575531 0.14445022 0.05695248 0.73346567 0.81264372
99.66801023 10.95703552 8.40694008 0.16040320 0.05866551 0.74752725 0.79880137
83.27809884 18.68104805 7.96484518 0.14707796 0.05874499 1.16514886 0.77996384
75.30142811 19.16620575 9.99273934 0.07507568 0.05819884 1.64230348 0.99322857
74.74821736 23.27091338 7.69435612 0.08227560 0.07618184 1.44531707 1.46499999
70.89656343 16.29006474 9.61399315 0.13546956 0.06105607 1.03170331 1.06732956
96.25844464 12.06728760 8.48357866 0.13601187 0.05148319 0.62107978 0.62315466
72.52269956 20.89621900 7.92505101 0.06260161 0.05831662 1.50792280 1.19728064
44.69776338 6.25095203 3.27849838 0.06212696 0.14261661 0.61744408 0.61744408
77.84940008 15.79537791 9.13567893 0.13744296 0.05286686 1.21757287 0.93790864
75.22621426 17.94617473 9.82075586 0.06782122 0.05517756 1.51863593 1.06799166
49.39033266 7.40063150 3.80641242 0.07374107 0.16021375 0.73475832 0.73475832
59.96454593 9.99131375 4.99601142 0.09991225 0.19986705 0.99911365 0.99911365
67.09482335 19.41893003 7.82028269 0.09072581 0.05229338 1.72259602 1.19941596
76.89659671 15.37110379 8.98234728 0.13203623 0.05796453 1.25685708 0.89192418
96.63341506 13.04322471 9.10296977 0.14497326 0.06147752 0.65977955 0.87787215
48.90899231 7.28270312 3.75226163 0.07254976 0.15840872 0.72272481 0.72272481
30.59028767 2.79462048 1.69140736 0.02721096 0.08971358 0.26475719 0.26475719
67.08603724 19.62266943 8.38584586 0.08626989 0.05370900 1.69820122 1.23224832
96.31254167 13.00762311 7.82103597 0.14683146 0.05038592 0.68253131 0.65369626
49.87750305 7.51998825 3.86121909 0.07494682 0.16204064 0.74693758 0.74693758
87.19289647 17.89573968 8.68734408 0.14107620 0.05787008 1.39400757 0.91512541
91.44883983 16.93375113 8.02695017 0.14468430 0.05406266 1.60255275 1.03720381
98.85896590 12.28841475 8.42519656 0.14688076 0.05585098 0.52542772 0.59113677
80.90880788 23.32518171 7.48748066 0.08906959 0.05718811 1.47308049 0.76436307
74.69822913 18.46681570 9.91456215 0.07293902 0.05008237 1.46694876 1.01248727
95.75063841 16.93959687 7.67911843 0.14644691 0.06202117 1.44205280 0.85560384
71.11459847 20.88197997 8.35147484 0.02604163 0.06321484 1.49353657 0.96476177
41.90670608 5.56714299 2.96450443 0.05521910 0.13215015 0.54766765 0.54766765
74.52451543 22.38469464 7.90990104 0.06267919 0.06791698 1.31614510 1.32733994
23.50263325 1.05814515 0.89404624 0.00966902 0.06313487 0.08756583 0.08756583
74.37961176 15.85962652 10.01663534 0.07580678 0.06382945 1.56577339 0.99354605
69.83532186 15.30886578 9.32608799 0.13327523 0.05311393 1.10851142 1.06587870
93.19051161 16.35698276 8.00903190 0.14968253 0.05947832 1.43321768 0.96744729
76.40189005 16.13545904 8.56229498 0.14287245 0.05084612 1.21359049 0.93752202
75.90424737 19.05540771 10.55417163 0.08453054 0.05869906 1.52000833 0.96863901
100.91061205 11.28480391 9.00769528 0.14296113 0.05797771 0.70426877 0.65478916
73.37470220 22.85023299 7.59423406 0.06856954 0.05049176 1.47089169 0.86540421
69.53773706 19.77513994 8.00787605 0.08640338 0.05533738 1.66394449 1.29016575
91.06314527 18.86773541 7.66431044 0.13599813 0.06121755 1.30350711 0.84855948
69.09889106 18.41548886 8.65483035 0.09265786 0.05039691 1.64383090 1.14905104
74.10282385 22.55594279 7.94980060 0.05059393 0.05657338 1.43281515 0.86590586
26.85729734 1.88003785 1.27144595 0.01797181 0.07571487 0.17143243 0.17143243
102.95818765 11.74746441 7.92739780 0.13700997 0.05376428 0.56275411 0.68734202
91.47426549 15.92496486 8.48500659 0.13748595 0.05393538 1.38884649 0.95235627
50.58688299 7.69378633 3.94102434 0.07670254 0.16470081 0.76467207 0.76467207
39.74842492 5.03836410 2.72169780 0.04987735 0.12405659 0.49371062 0.49371062
75.98887289 23.00829437 7.62744324 0.07525604 0.06054127 1.31909111 1.39631995
47.98141583 7.05544688 3.64790928 0.07025400 0.15493031 0.69953540 0.69953540
69.32019612 16.05917249 9.19004195 0.13976289 0.05633188 1.00715710 1.12854299
77.60041017 18.42701115 10.80881458 0.07439787 0.05096832 1.63122635 0.97854893
86.58672954 19.53222818 8.48441823 0.14527193 0.05906435 1.21654034 0.79582373
23.29401055 1.00703258 0.87057619 0.00915268 0.06235254 0.08235026 0.08235026
91.35488415 16.49557549 7.89363266 0.14268666 0.05570048 1.46704461 0.90200575
64.59429439 20.48109463 8.40913005 0.08532318 0.05322694 1.60542363 1.15835629
80.00715285 23.08490639 8.03252301 0.07757363 0.07096524 1.52272896 1.41644997
93.01496318 12.09786965 8.13465343 0.15421900 0.06011567 0.50388680 0.82718070
92.52636983 12.29136973 8.77296831 0.15789339 0.06169442 0.77620513 0.76192193
89.18432319 18.26205885 7.92163936 0.14413972 0.05613131 1.24982111 0.84543703
98.12218280 11.40782920 7.93757461 0.14950969 0.05471338 0.60333847 0.62462483
100.03249290 15.70030925 7.69161996 0.15598399 0.06835077 1.40522087 0.77372961
71.36202281 21.22924719 8.38079710 0.03086903 0.05867830 1.46139270 1.16694432
74.87872364 21.64772809 8.22843659 0.05727684 0.07255855 1.50053244 1.19267955
25.77545820 1.61498726 1.14973905 0.01529426 0.07165797 0.14438646 0.14438646
100.36666741 14.22240376 7.81966249 0.13932835 0.05489171 0.95844032 0.67696417
97.55633173 13.35726679 8.10189176 0.16006237 0.06271675 0.80799926 0.71504086
87.40401119 16.16305067 7.88568058 0.14568231 0.05341138 1.55161937 0.89059233
72.73681591 17.52286840 9.36410167 0.07825054 0.05487368 1.50375976 0.96293642
77.62280317 19.91518643 8.14044186 0.06046377 0.06008105 1.55837482 1.13424894
59.93764557 9.98472316 4.99298513 0.09984567 0.19976617 0.99844114 0.99844114
74.71181346 22.10919462 7.41243016 0.08045278 0.06161046 1.46880264 0.82371453
48.70790505 7.23343674 3.72963932 0.07205206 0.15765464 0.71769763 0.71769763
70.22364673 21.75950438 8.34266874 0.02931543 0.06194949 1.53646386 0.86206961
97.61866814 11.28066549 8.92779965 0.14987057 0.06349822 0.85120574 0.78910348
48.23416880 7.11737136 3.67634399 0.07087957 0.15587813 0.70585422 0.70585422
91.33626264 17.54155881 8.34483001 0.13647738 0.05147964 1.52922063 0.86402800
73.83639765 16.97251999 9.86271933 0.08575794 0.05790859 1.39622178 1.03739764
70.76370908 16.53066452 9.66779121 0.06723119 0.05922522 1.43016082 1.10251945
98.05725473 11.19965091 8.64228026 0.15058242 0.05843088 0.73079075 0.71510492
46.33063894 6.65100654 3.46219688 0.06616833 0.14873990 0.65826597 0.65826597
74.26971710 20.56783321 8.14893820 0.05178493 0.05553163 1.63995672 1.18022842
69.31565095 21.48966648 8.65614266 0.06979986 0.05811192 1.59140282 1.25991750
105.36948871 12.97617897 7.38049549 0.14041948 0.06776278 1.02693096 0.45965996
72.47377349 16.70836486 9.78619460 0.06529585 0.05758015 1.39312815 0.98347276
40.33285414 5.18154927 2.78744609 0.05132381 0.12624820 0.50832135 0.50832135
97.31622772 11.24478083 7.92687276 0.15951815 0.05051765 0.78867052 0.76241958
102.63642188 14.25156271 7.13131318 0.13364517 0.06993272 0.83587374 0.72871977
29.68483137 2.57278369 1.58954353 0.02496996 0.08631812 0.24212078 0.24212078
27.86420643 2.12673057 1.38472322 0.02046391 0.07949077 0.19660516 0.19660516
91.23171769 14.26635946 8.62183580 0.13163437 0.06886123 0.93037490 0.90911828
98.46295650 11.37879439 9.06058778 0.15994620 0.06320947 0.73144007 0.62175639
99.27836976 12.32143558 8.34206193 0.14500861 0.06366807 0.59047800 0.61946735
98.69236343 13.08124580 8.07220146 0.13461568 0.05838538 0.55253141 0.54224604
32.68789594 3.30853450 1.92738829 0.03240254 0.09757961 0.31719740 0.31719740
42.84403008 5.79678737 3.06995338 0.05753897 0.13566511 0.57110075 0.57110075
92.35143566 17.60026939 7.80644185 0.14676916 0.05683746 1.42879941 0.95373560
100.82618813 10.98922318 7.74962387 0.15093443 0.05907092 0.76667350 0.72738654
33.01937401 3.38974663 1.96467958 0.03322295 0.09882265 0.32548435 0.32548435
68.92716242 20.63625923 8.17385220 0.07746940 0.05929984 1.64628229 1.15629538
84.96051597 18.79704334 8.68558191 0.14201033 0.06348540 1.33568311 0.94876334
96.04003392 11.93142186 8.28367750 0.13820252 0.05810448 0.65486223 0.54115131
99.14657577 10.87122340 8.60228266 0.16677794 0.05715905 0.82174337 0.87519003
67.95888005 21.63930675 8.23050617 0.02308434 0.06243182 1.45554163 1.20083860
78.23528688 17.10260309 8.19931533 0.14297358 0.06189914 1.22599889 0.89895489
67.58514883 18.94543173 8.90719508 0.09714451 0.06277235 1.60101928 1.13850853
49.84464247 7.51193740 3.85752228 0.07486549 0.16191741 0.74611606 0.74611606
73.19664018 20.88819203 8.04920772 0.06186385 0.06051833 1.68568444 1.07052293
102.29193779 11.98966851 8.59756369 0.15433064 0.05546525 0.80921221 0.90569820
59.40459603 9.85412603 4.93301705 0.09852638 0.19776724 0.98511490 0.98511490
101.71350692 12.13306301 8.02157665 0.14602472 0.06045715 0.59538083 0.54569535
65.62515225 21.72812312 8.19701020 0.02898474 0.05786801 1.52270017 1.20242116
77.26385311 17.31455983 9.71395990 0.08668630 0.05831629 1.51713469 1.11493814
95.11891451 15.06215316 7.23828137 0.14902777 0.06393501 1.40475964 0.74711246
72.98061311 20.70805079 8.21331305 0.06394336 0.05622137 1.53799139 1.12833253
