43.87358652 6.04902870 3.18577848 0.06008713 0.13952595 0.59683966 0.59683966
56.17572395 9.06305237 4.56976894 0.09053492 0.18565896 0.90439310 0.90439310
32.59871285 3.28668465 1.91735520 0.03218181 0.09724517 0.31496782 0.31496782
32.73537020 3.32016570 1.93272915 0.03252004 0.09775764 0.31838426 0.31838426
109.57400790 15.96940341 18.52482022 0.23015818 0.05525578 1.64925934 0.17746364
59.54296919 33.60800346 14.31799879 0.17903433 0.06179100 1.88313770 1.07571428
89.48425286 26.34126938 18.44315321 0.29078538 0.05657896 0.53256850 0.47318304
69.70501672 26.38293606 13.55526217 0.23494050 0.05309433 1.45982662 0.31945749
88.01126339 21.84854772 18.55728878 0.30999708 0.05277535 0.51013627 0.31368780
63.00825368 31.23111936 15.45742904 0.15557382 0.06051831 1.55872263 0.93843716
82.51041999 26.03016065 17.99391999 0.27427642 0.05306449 0.60472747 0.47767969
100.51796475 18.79732348 18.13415544 0.21656162 0.05173885 1.94599079 0.32270712
80.37171898 28.11080549 13.36732304 0.23813853 0.05019234 1.60260026 0.24202574
70.49400979 31.68753630 15.28412868 0.16230549 0.05022252 1.47754118 1.17469444
30.22255617 2.70452626 1.65003757 0.02630083 0.08833459 0.25556390 0.25556390
28.89501506 2.37927869 1.50068919 0.02301516 0.08335631 0.22237538 0.22237538
97.57653934 20.43438642 18.12547336 0.19840490 0.05215645 1.46623010 0.14933845
60.38237717 31.54096474 15.14917259 0.15824952 0.05831855 1.61108387 0.99750749
65.73918896 31.71913068 14.15494588 0.16191308 0.05355101 1.89855671 0.93362851
28.12911142 2.19163230 1.41452503 0.02111955 0.08048417 0.20322779 0.20322779
51.00133353 7.79532672 3.98765002 0.07772830 0.16625500 0.77503334 0.77503334
95.10084638 18.82904734 18.60713318 0.18694922 0.05692211 1.35200855 0.20550068
82.13743632 27.11750299 18.54491222 0.28067056 0.06859981 0.59848362 0.41339762
52.37565757 8.13203611 4.14226148 0.08112975 0.17140872 0.80939144 0.80939144
87.10731194 25.72532765 18.35659695 0.28764600 0.05292357 0.51899521 0.10284445
84.71228563 24.53070097 17.83464135 0.29796288 0.07438101 0.38721146 0.15375051
30.05757685 2.66410633 1.63147740 0.02589250 0.08771591 0.25143942 0.25143942
52.99740000 8.28436300 4.21220750 0.08266857 0.17374025 0.82493500 0.82493500
83.46311673 25.40488489 18.10860354 0.29665266 0.05578321 0.48613140 0.09408503
43.30248450 5.90910870 3.12152951 0.05867365 0.13738432 0.58256211 0.58256211
82.94117938 23.94946920 18.70494820 0.28729290 0.05196663 0.73959166 0.52016901
84.50091004 26.84714767 17.85818988 0.26942679 0.05247059 0.52281558 0.52648048
98.08921715 17.45476298 18.61781556 0.22469525 0.05646145 1.47045426 0.19267372
25.64613317 1.58330263 1.13518998 0.01497418 0.07117300 0.14115333 0.14115333
52.94697072 8.27200783 4.20653421 0.08254375 0.17355114 0.82367427 0.82367427
88.42764976 24.89870352 17.67663055 0.29505033 0.05415168 0.55327980 0.14978443
75.75417975 25.78480341 18.49852819 0.28703911 0.05683826 0.70817015 0.50383195
77.45556847 26.07697676 17.96469288 0.29440796 0.06660182 0.45887548 0.53572894
82.59720314 25.22976089 18.09708524 0.28927702 0.06017376 0.46959958 0.13091673
54.19406234 8.57754527 4.34683201 0.08563030 0.17822773 0.85485156 0.85485156
31.40224939 2.99355110 1.78275306 0.02922057 0.09275844 0.28505623 0.28505623
91.66033488 24.09272558 18.64611459 0.25400381 0.05640742 0.52356050 0.39174449
63.47848196 34.00069267 15.34440026 0.16880064 0.05448229 1.60690363 1.06483409
56.51863463 33.33728871 14.29990231 0.15576258 0.05988997 1.74081795 0.78853677
62.77761723 30.52699554 15.03467490 0.15578647 0.06961206 1.59040292 0.97685454
44.40387362 6.17894904 3.24543578 0.06139959 0.14151453 0.61009684 0.61009684
99.83364518 17.96653139 17.99153126 0.21765595 0.05179129 2.03331967 0.42618065
43.22185656 5.88935486 3.11245886 0.05847409 0.13708196 0.58054641 0.58054641
54.00441791 8.53108239 4.32549702 0.08516093 0.17751657 0.85011045 0.85011045
49.40029633 7.40307260 3.80753334 0.07376573 0.16025111 0.73500741 0.73500741
84.59956413 24.42667607 18.10105209 0.29045692 0.06236835 0.33791715 0.11244850
20.75654871 0.38535443 0.58511173 0.00287246 0.05283706 0.01891372 0.01891372
82.07515815 24.22742725 17.80139809 0.31297032 0.06142836 0.49731045 0.25675535
101.19817179 16.47863139 17.98077224 0.21552383 0.05502597 1.45006813 0.18935792
54.94818426 8.76230514 4.43167073 0.08749676 0.18105569 0.87370461 0.87370461
32.58939956 3.28440289 1.91630745 0.03215876 0.09721025 0.31473499 0.31473499
111.97216902 21.07479603 17.77055475 0.21368182 0.06373324 2.04209942 0.13212532
70.75373030 26.81001342 13.67273039 0.23609666 0.05132256 1.56668310 0.46908479
88.01354166 23.38910569 18.42032732 0.28619161 0.05768659 0.84055067 0.37300348
74.62030412 26.12756397 18.39074125 0.29515106 0.05757555 0.46321270 0.42896775
95.17487115 22.08219673 19.38004279 0.26408372 0.07118341 0.74444088 0.45699207
71.22756969 32.11166719 15.31323355 0.16353115 0.05667201 1.43343782 1.05105790
92.27202393 23.99136501 19.21937333 0.26309626 0.06197105 0.70320262 0.45042988
20.21385674 0.25239490 0.52405888 0.00152930 0.05080196 0.00534642 0.00534642
81.79109652 26.16650595 18.32014205 0.28184361 0.05181284 0.54633128 0.56924259
51.05806664 7.80922633 3.99403250 0.07786871 0.16646775 0.77645167 0.77645167
76.48068785 26.83913222 18.34934602 0.27592227 0.05482675 0.62008889 0.52787645
33.89245287 3.60365095 2.06290095 0.03538382 0.10209670 0.34731132 0.34731132
65.92284292 33.47919908 14.92527294 0.17864093 0.06427823 1.79369272 0.99195365
88.10450587 22.80590420 18.44256619 0.29989105 0.05637733 0.93161859 0.52364773
92.37065718 22.90258988 19.65018417 0.27291782 0.06420363 0.54201315 0.24522978
43.89868153 6.05517698 3.18860167 0.06014924 0.13962006 0.59746704 0.59746704
62.32115248 32.69837242 14.73068941 0.18412077 0.06448439 1.86308991 0.98766694
100.36337550 21.27361149 18.18885919 0.22939750 0.06899250 1.69211220 0.39027508
50.22916526 7.60614549 3.90078109 0.07581718 0.16335937 0.75572913 0.75572913
39.17360111 4.89753227 2.65703013 0.04845466 0.12190100 0.47934003 0.47934003
67.60961989 26.82520317 13.90956727 0.23934190 0.05643105 1.40023359 0.35109522
89.27891172 23.96026728 19.74326389 0.29326778 0.05639108 0.75450625 0.51476932
64.49759419 32.77174848 15.11655273 0.17037737 0.06600109 1.63343065 1.03388352
95.78823088 21.85359238 19.58368283 0.26587098 0.07775754 0.68428253 0.49907615
87.37107538 23.52226229 19.13143794 0.26564363 0.05608524 0.67391511 0.61507452
93.10837594 24.02182529 19.62525135 0.27338586 0.05717090 0.56805349 0.37329809
79.91830375 27.56813317 12.88097243 0.26657858 0.05471495 1.58271688 0.47952332
83.60518649 22.70200732 18.73555654 0.29663837 0.05802055 0.92020710 0.58367934
97.08162278 19.69553196 17.90050929 0.20238751 0.06248814 1.35154377 0.17618502
31.38722640 2.98987047 1.78106297 0.02918339 0.09270210 0.28468066 0.28468066
78.64136371 25.83189825 13.62775410 0.25631640 0.05959414 1.61104312 0.33638191
84.34836421 23.56337701 17.74193528 0.30290436 0.05606528 0.95693374 0.36701781
67.16549907 31.62430493 15.13154808 0.17145587 0.06634654 1.59645532 1.11511604
32.67452051 3.30525752 1.92588356 0.03236944 0.09752945 0.31686301 0.31686301
83.66617845 23.90432483 17.61737251 0.28422358 0.06058894 0.56423569 0.33702443
56.48426972 33.08343682 14.89256819 0.18676244 0.05449901 1.81694660 1.15544734
79.19253644 23.88106471 18.01597738 0.28543774 0.05018948 0.63620532 0.36625113
62.75381374 33.20992953 14.80926712 0.17312664 0.05094865 1.76321278 1.04611865
47.60766029 6.96387677 3.60586178 0.06932896 0.15352873 0.69019151 0.69019151
35.68109583 4.04186848 2.26412328 0.03981071 0.10880411 0.39202740 0.39202740
49.49237625 7.42563218 3.81789233 0.07399363 0.16059641 0.73730941 0.73730941
34.40417086 3.72902186 2.12046922 0.03665032 0.10401564 0.36010427 0.36010427
42.11764929 5.61882407 2.98823554 0.05574118 0.13294118 0.55294123 0.55294123
105.86329855 15.78963898 18.03380914 0.21885191 0.05766380 1.64410216 0.26695762
40.69277072 5.26972883 2.82793671 0.05221461 0.12759789 0.51731927 0.51731927
104.95417146 16.17203084 17.95600501 0.22055415 0.05146834 1.59270438 0.14572125
37.56080324 4.50239679 2.47559036 0.04446299 0.11585301 0.43902008 0.43902008
35.56548621 4.01354412 2.25111720 0.03952458 0.10837057 0.38913716 0.38913716
81.85968467 24.15573730 17.83163693 0.30514229 0.05949047 0.47219592 0.17569023
83.10930319 23.21291506 19.10439622 0.28336043 0.06857204 0.79803214 0.44831396
83.73599387 24.04690849 17.86805651 0.28406633 0.06290768 0.50403256 0.26626558
65.58469967 32.68087734 15.24307643 0.17278914 0.05875120 1.75711637 1.08613300
29.00187353 2.40545902 1.51271077 0.02327964 0.08375703 0.22504684 0.22504684
38.63656373 4.76595812 2.59661342 0.04712550 0.11988711 0.46591409 0.46591409
97.02157740 19.23868693 17.21955550 0.20966650 0.06179410 1.92198988 0.52947239
86.14256995 23.41099581 18.14190114 0.29423019 0.05560114 0.85678540 0.46042776
98.00189018 19.41251296 18.33764755 0.19054916 0.05181449 1.46673632 0.15377715
78.36961150 25.33923413 18.12420518 0.27889021 0.05247100 0.55184962 0.54658052
58.86009769 9.72072393 4.87176099 0.09717874 0.19572537 0.97150244 0.97150244
97.96601029 18.32023000 17.91072844 0.18999746 0.05413812 1.47391429 0.17300234
42.71910657 5.76618111 3.05589949 0.05722979 0.13519665 0.56797766 0.56797766
100.01218422 18.94805059 18.09578578 0.19184215 0.06727850 1.38400947 0.13613108
80.17991954 24.45978967 18.22436624 0.29986252 0.06657737 0.47766037 0.22257608
84.69737743 25.96172306 18.02123740 0.30633515 0.05899862 0.47534797 0.47376806
85.57366142 23.01325183 18.48291520 0.30067386 0.05704023 0.69350474 0.35929059
71.14788046 27.79034847 13.85670576 0.24977313 0.06184783 1.55175878 0.38998893
22.55481547 0.82592979 0.78741674 0.00732317 0.05958056 0.06387039 0.06387039
30.76844031 2.83826788 1.71144954 0.02765189 0.09038165 0.26921101 0.26921101
50.50307984 7.67325456 3.93159648 0.07649512 0.16438655 0.76257700 0.76257700
86.17748637 26.55098764 18.25607052 0.28955141 0.05370637 0.49752324 0.14078964
99.33334307 18.33206616 17.08853247 0.21090115 0.05428643 1.97586185 0.50905935
103.10953928 16.01279121 18.24117844 0.22162794 0.05823835 1.47352508 0.12108015
