76.10025211 32.52714165 13.83072231 0.17923363 0.05934179 1.79285667 1.50339283
62.42777329 31.64419314 13.94183819 0.15446721 0.05295993 1.72686509 1.28629153
124.68548738 15.41272124 17.57118605 0.20999986 0.05133110 1.03152028 0.13207320
32.51418033 3.26597418 1.90784529 0.03197260 0.09692818 0.31285451 0.31285451
77.24266352 26.33459493 13.44169439 0.23512937 0.08314369 1.39904781 0.52846932
85.77188548 22.77445226 16.60409887 0.19857092 0.06337420 0.56187894 0.66457237
100.92100000 21.33506518 17.55768965 0.25236089 0.06768582 0.90525205 0.59172097
61.39378498 33.19250992 13.02083564 0.12946737 0.06449005 1.93992769 1.44323760
82.45897596 26.91246176 13.29932333 0.24198500 0.06601748 1.31263239 0.42196315
46.32058956 6.64854444 3.46106633 0.06614346 0.14870221 0.65801474 0.65801474
95.23210826 22.46689245 16.96387061 0.26300515 0.05976449 0.85291512 0.47725611
50.10200420 7.57499103 3.88647547 0.07550246 0.16288252 0.75255011 0.75255011
44.87980503 6.29555223 3.29897807 0.06257752 0.14329927 0.62199513 0.62199513
85.89670643 24.63006403 16.97893492 0.19451096 0.05098952 0.53747480 0.59300282
86.74837607 23.26081021 16.74383790 0.26533706 0.06616864 0.92186622 0.29863101
103.13737085 20.00933025 17.20056657 0.25426991 0.05301420 0.88162258 0.65713604
64.54160514 32.50259134 13.29974045 0.15856372 0.05414670 1.90005167 1.31882791
23.65689387 1.09593900 0.91140056 0.01005081 0.06371335 0.09142235 0.09142235
44.19066910 6.12671393 3.22145027 0.06087191 0.14071501 0.60476673 0.60476673
24.41290337 1.28116133 0.99645163 0.01192194 0.06654839 0.11032258 0.11032258
111.41179249 14.93455936 18.51575498 0.19958482 0.05114387 1.44336318 0.35562593
64.78086756 32.68803149 13.32051196 0.12042024 0.06373548 1.82401245 1.45164162
38.11055286 4.63708545 2.53743720 0.04582362 0.11791457 0.45276382 0.45276382
102.38263819 20.85152972 17.22812142 0.25578528 0.05538669 1.01529587 0.59098246
72.14393121 32.61254753 13.19697066 0.13744692 0.06092804 1.84703487 1.33618884
80.45547987 26.61887815 13.34736277 0.23253051 0.06044959 1.28594679 0.54253068
105.46611755 21.19612180 17.20458368 0.26668386 0.06401430 0.79387591 0.67137092
79.67950138 26.87669273 13.09362718 0.24606374 0.06965388 1.34293672 0.44799840
50.95994227 7.78518586 3.98299351 0.07762586 0.16609978 0.77399856 0.77399856
103.39495670 21.29714545 17.18874815 0.27356169 0.05113702 0.78672891 0.66711496
109.17415730 17.90524688 17.82131820 0.21598132 0.05747618 1.36675993 0.16571092
81.16532895 27.46374851 13.23799784 0.24256873 0.07087138 1.25579093 0.46430345
115.11035728 14.32911054 18.12262366 0.19811464 0.05191924 1.40412031 0.35194095
108.47608538 17.14261535 17.10204881 0.20229826 0.06460216 1.67452034 0.28681520
97.45175606 22.99653852 16.94968815 0.27557964 0.06210140 0.92622991 0.54165260
33.85752655 3.59509400 2.05897174 0.03529738 0.10196572 0.34643816 0.34643816
93.57743244 21.68431942 15.76745892 0.26106758 0.06165195 1.02391651 0.21119958
34.68455239 3.79771534 2.15201214 0.03734427 0.10506707 0.36711381 0.36711381
122.50180623 15.52397112 17.72785037 0.20103194 0.05059806 1.00745323 0.03406386
93.64575537 21.53152953 17.24907723 0.24368402 0.06552246 0.84775372 0.59005690
73.79674563 26.85061677 12.97035806 0.24376397 0.06568499 0.99902252 0.15635035
61.90867946 32.41917688 13.72242385 0.15813119 0.05840200 1.85014498 1.29136257
116.25544327 16.26276422 18.06526057 0.21187339 0.05963951 1.52068466 0.23062445
96.86529195 22.63554699 17.12824908 0.27512488 0.06677732 0.89666671 0.60923403
116.55474174 14.09750211 18.15241545 0.20869425 0.06071509 1.40062129 0.25142344
41.74827420 5.52832718 2.94668085 0.05482698 0.13155603 0.54370685 0.54370685
103.18350182 17.33368714 17.80157862 0.18971404 0.05510357 1.50673136 0.16188839
70.95818917 32.44238837 13.32879246 0.13483230 0.05139142 1.79736528 1.25829529
106.26470723 20.89027573 17.67316630 0.25727937 0.05222642 0.87617633 0.59457022
68.86409576 32.10965460 12.98557841 0.13731553 0.06513765 1.81347046 1.49972964
82.74578754 21.70090173 16.28623687 0.25806028 0.06226127 1.00567205 0.36188197
99.90644939 21.44022075 17.25579905 0.24480928 0.06363805 0.95515251 0.63307057
31.34705501 2.98002848 1.77654369 0.02908396 0.09255146 0.28367638 0.28367638
41.51320736 5.47073580 2.92023583 0.05424519 0.13067453 0.53783018 0.53783018
70.70694959 25.58374664 13.81917557 0.23100490 0.05938060 1.28911376 0.44603314
30.32702356 2.73012077 1.66179015 0.02655938 0.08872634 0.25817559 0.25817559
85.01723384 20.91329155 17.53308818 0.19743603 0.06002699 0.66372555 0.72669607
38.33320282 4.69163469 2.56248532 0.04637468 0.11874951 0.45833007 0.45833007
116.83201826 14.14040365 17.82197847 0.20278211 0.06543305 1.33796450 0.21649438
116.24449604 13.97869811 18.60088045 0.20278929 0.05633049 1.41471481 0.38540483
94.32569113 20.83476272 17.33613345 0.25489757 0.05848779 0.81372459 0.67263476
37.53473525 4.49601014 2.47265772 0.04439847 0.11575526 0.43836838 0.43836838
91.22379794 21.58122085 16.06476946 0.27880033 0.05554634 0.88662539 0.28481547
102.20162021 15.89202274 17.18888177 0.20313504 0.06033055 1.36915664 0.13329326
51.24332789 7.85461533 4.01487439 0.07832724 0.16716248 0.78108320 0.78108320
84.94020427 23.79045779 17.06915021 0.19935637 0.05799163 0.61854079 0.65924660
61.49293232 32.48526539 13.14612723 0.12836074 0.06844807 1.92829867 1.62660003
36.42531405 4.22420194 2.34784783 0.04165265 0.11159493 0.41063285 0.41063285
38.50252413 4.73311841 2.58153396 0.04679375 0.11938447 0.46256310 0.46256310
110.67458816 17.66933820 18.00238271 0.21060423 0.05586586 1.50237106 0.02226430
59.45566893 9.86663889 4.93876275 0.09865278 0.19795876 0.98639172 0.98639172
101.62067115 22.99264645 17.58536870 0.27841995 0.07105602 0.81940679 0.56638095
91.90269823 22.78376419 15.62534637 0.28708683 0.05305719 0.94310227 0.32376188
109.70077823 17.79560005 18.07553449 0.20691154 0.05370447 1.48786504 0.20981306
102.18735070 16.86590592 17.86911304 0.21243534 0.05011530 1.56476203 0.12731170
105.38247235 17.23819825 17.97452492 0.18552949 0.06282363 1.53087547 0.08179820
69.23025828 32.19221531 13.38096167 0.13248849 0.05329240 1.86434800 1.39723948
52.73278037 8.21953119 4.18243779 0.08201363 0.17274793 0.81831951 0.81831951
105.45336138 18.38685839 17.76529078 0.18640438 0.06726384 1.59002137 0.15620105
107.30106942 17.71837282 18.14842291 0.20454300 0.05042555 1.39561354 0.03806178
48.40062488 7.15815310 3.69507030 0.07129155 0.15650234 0.71001562 0.71001562
53.65283095 8.44494358 4.28594348 0.08429076 0.17619812 0.84132077 0.84132077
36.50290990 4.24321293 2.35657736 0.04184470 0.11188591 0.41257275 0.41257275
107.66478745 16.91300125 18.40551276 0.20198204 0.05539909 1.43260702 0.04871580
76.45021349 26.25620004 13.02809246 0.23432725 0.06159665 1.42355343 0.32410349
88.87237738 21.77191958 17.25708859 0.20502601 0.05247226 0.73187115 0.55115107
25.17777038 1.46855374 1.08249917 0.01381498 0.06941664 0.12944426 0.12944426
112.59092220 14.65939789 18.35103952 0.19886348 0.06573229 1.39689129 0.30882430
72.23169412 25.63928484 14.12107937 0.22681068 0.05783444 1.35804777 0.41098660
75.77251808 27.20403024 12.84858053 0.23009473 0.05561157 1.42236076 0.35134656
89.20893108 22.20110436 16.88830184 0.25672350 0.06794189 0.85220622 0.35409417
108.56957679 17.39050505 17.74743133 0.20846894 0.05407399 1.53386210 0.14658855
66.20385632 32.15687369 13.49645029 0.14106856 0.06713191 1.89523341 1.38504698
58.92415177 9.73641718 4.87896707 0.09733728 0.19596557 0.97310379 0.97310379
97.14603523 22.05420261 16.56085603 0.26889702 0.05679627 0.81677012 0.55727811
88.68422916 21.45472465 16.80906485 0.28608710 0.05300238 0.79143374 0.44232949
97.40389675 22.76348020 17.38381956 0.26982710 0.05269302 0.85707158 0.55149958
25.55229847 1.56031312 1.12463358 0.01474194 0.07082112 0.13880746 0.13880746
122.27871853 17.18175051 17.88161379 0.18745595 0.06572895 0.97923689 0.15258752
59.65755015 32.88604130 13.07259095 0.15721860 0.05401511 2.00723334 1.38421147
112.10518104 14.73808312 18.21861748 0.19352997 0.05627468 1.34537450 0.31663813
29.14250031 2.43991257 1.52853128 0.02362769 0.08428438 0.22856251 0.22856251
68.16498338 31.79804095 14.14212562 0.12564003 0.06548915 1.83022126 1.38449611
105.59767442 18.26727106 18.05547753 0.20981835 0.06719624 1.69813512 0.22239679
98.33373062 23.44761298 16.95124110 0.26705688 0.05304653 0.83356328 0.57532733
113.42894044 16.81623581 18.18819097 0.20754605 0.05076653 1.40532987 0.11840922
83.75838928 24.23153652 17.22798063 0.19668398 0.06036518 0.61397997 0.65238027
33.81903035 3.58566244 2.05464091 0.03520210 0.10182136 0.34547576 0.34547576
28.46660119 2.27431729 1.45249263 0.02195484 0.08174975 0.21166503 0.21166503
120.47577881 15.86494823 17.91410415 0.20147623 0.05294865 1.07290804 0.17245777
39.19031028 4.90162602 2.65890991 0.04849602 0.12196366 0.47975776 0.47975776
105.85318858 17.29922043 18.45354848 0.20299264 0.05827644 1.51400833 0.06393313
72.28328932 34.35686108 13.61014278 0.12847978 0.06075370 1.74359621 1.27723180
102.92541314 21.38849185 17.50100048 0.25643062 0.05990150 0.90203142 0.54316522
63.35344443 33.35256662 12.88423748 0.14003059 0.07853770 1.67446043 1.27019934
89.12829511 22.92193369 16.72811776 0.27137147 0.05170037 0.90729566 0.60413953
106.34851511 20.91715516 17.13087774 0.27638143 0.05073721 0.76203492 0.69309903
73.63602980 25.41634234 13.96779725 0.24700931 0.05267875 1.30071873 0.37813869
37.89832445 4.58508949 2.51356150 0.04529835 0.11711872 0.44745811 0.44745811
70.05302532 31.10717904 13.66313194 0.13834519 0.05203878 1.78817697 1.46516683
72.17508718 32.62583008 13.27422175 0.12709698 0.05672393 1.86605913 1.30237556
62.58579694 33.82052304 13.15032366 0.11122459 0.06464480 1.90943992 1.37755409
58.60293652 33.16119691 13.11203422 0.14828824 0.05583182 1.93790411 1.46767307
101.98785636 21.90696404 17.45385551 0.25860347 0.06189976 0.89931062 0.66049009
76.99464205 25.82259401 13.74128454 0.24150438 0.05021016 1.42351029 0.36745083
23.08383579 0.95553977 0.84693153 0.00863249 0.06156438 0.07709589 0.07709589
79.98586853 25.34257881 13.40959375 0.24346521 0.07216128 1.36865400 0.41906205
100.52689272 21.27525912 17.37228457 0.25942586 0.06619264 0.93517429 0.64440242
