59.79220133 9.34527751 4.54188683 0.06994032 0.06727422 0.60133098 0.28175054
38.27959591 2.08893188 3.74839714 0.05663579 0.08209152 0.86334030 0.55129040
20.11148703 0.98350440 3.87989085 0.07863247 0.09079844 0.46351826 0.44171295
54.67482254 9.38113673 3.81402398 0.09829150 0.07077127 0.62145270 0.53043741
59.53485372 9.76385074 3.10079984 0.08632197 0.05820749 0.14115361 0.48750615
49.98804989 1.04390679 4.63489704 0.05102314 0.14595783 0.81479768 0.12939777
59.44471283 6.58613182 2.01759951 0.04438857 0.12018957 0.73766083 0.90625907
21.57941173 9.76848200 2.60150226 0.02555331 0.09490144 0.08413956 0.05271884
59.37574879 9.87705614 3.39469731 0.07738034 0.05871764 0.27185674 0.71334679
45.83075427 2.81180425 3.71689881 0.00199051 0.12138832 0.86607655 0.27691566
56.05426356 8.44925000 3.87139592 0.08572192 0.05990587 0.14415235 0.26454769
55.96844422 8.89804630 3.73113050 0.08809830 0.07180739 0.09243429 0.28615797
53.53435894 9.78781208 1.90489742 0.01929326 0.08894988 0.29632908 0.05846968
58.52678911 9.98554239 3.55593370 0.07433299 0.05668158 0.48772570 0.54457699
25.70602232 2.75924372 4.96657379 0.05076106 0.12054488 0.08857982 0.19177966
56.35844684 8.87356240 3.82333330 0.08712750 0.05898312 0.54108215 0.11571772
57.44055371 9.36073144 4.18440625 0.05578709 0.05986424 0.53857353 0.20945983
23.13041158 2.90779072 0.72807646 0.08234105 0.16726432 0.45665722 0.97967170
56.64301444 9.30017720 4.20599625 0.04873720 0.06136789 0.76942922 0.68616123
58.65805013 8.20884024 3.81839875 0.07938890 0.05426296 0.79033909 0.62920631
57.66781627 8.94183033 4.32573869 0.06380084 0.06561552 0.68941032 0.26718357
57.01441752 8.78827456 4.08274362 0.05078457 0.05194334 0.68082770 0.26611647
55.75944660 8.68062307 4.59989514 0.04522068 0.06591344 0.57849164 0.37391401
55.02476880 9.62387145 3.82209587 0.08060235 0.07386590 0.20702091 0.25794112
23.46496700 2.91806311 1.32182210 0.08449847 0.06526085 0.57953789 0.89989749
50.30562214 7.66902439 1.75804093 0.06368065 0.13945416 0.16132212 0.62722637
53.81832232 9.76378329 4.29289359 0.09946881 0.06858439 0.55841733 0.11252025
57.59049218 8.87088186 4.02069010 0.08643782 0.06366657 0.38891103 0.33401101
37.81798414 9.24538592 3.83171804 0.08785164 0.15456310 0.99022037 0.49705486
59.64834582 8.71632914 4.48973145 0.04954749 0.05148332 0.68072640 0.18866724
37.36552661 3.79321451 1.31408207 0.03633552 0.09116104 0.59002351 0.92232725
29.20449397 9.64390975 4.15864525 0.09995515 0.18265148 0.18391710 0.58946553
52.34190299 3.91885969 0.72982229 0.02110252 0.07775438 0.01177422 0.69516627
56.64914064 9.76125547 3.34483525 0.08661528 0.06186823 0.00830551 0.45216956
58.12530247 9.21419714 4.73979520 0.07141066 0.05216012 0.58786002 0.42058107
43.41270644 1.05871742 2.12460617 0.04856810 0.16030921 0.71186907 0.51757755
34.65403125 3.86610067 2.54108254 0.05764211 0.11177121 0.19466098 0.00825046
32.52840992 3.03866175 2.54534584 0.06855970 0.08841965 0.56304937 0.38625911
31.98995980 8.99151761 4.28293737 0.08247740 0.09520543 0.86418079 0.77692122
30.47174238 7.99548848 1.48034629 0.07863893 0.08066883 0.83109564 0.13402950
58.57028612 8.37511545 4.08196699 0.08113875 0.06242096 0.08961935 0.22969396
53.84450065 8.50104930 4.30665106 0.06922404 0.05009607 0.51754281 0.23631912
27.71571651 0.41417094 1.09482895 0.07317136 0.18947197 0.73343662 0.85651495
50.61622758 9.92487926 4.50776435 0.08964652 0.05261246 0.58486005 0.06369554
44.49776739 6.87609866 4.73566290 0.00401412 0.08900161 0.23453862 0.39062342
57.76444224 8.43866172 4.79782268 0.05487570 0.05193146 0.16687885 0.59386326
31.21439046 7.29777485 4.83661995 0.00554820 0.09547100 0.06860670 0.08321467
56.82078661 4.96391409 3.95164268 0.05364477 0.18892193 0.86184363 0.00141330
58.24083078 9.72905808 3.82510849 0.07699978 0.05846171 0.59283506 0.49825718
57.66488985 3.92865893 4.33314360 0.05326494 0.09086550 0.02207214 0.07056776
39.48561933 7.37553104 3.46213485 0.02871421 0.18128307 0.01865263 0.05792632
33.05993239 1.39304501 1.79403728 0.04893116 0.06559842 0.70561970 0.01988432
58.64233162 9.20788434 4.06768236 0.06804790 0.06203539 0.27605101 0.32501073
52.51375194 4.46121409 1.06232122 0.08161255 0.07077996 0.06897975 0.53579154
55.47212430 8.74846708 4.95292381 0.07392642 0.06447260 0.25243271 0.39509870
55.03522634 9.30072155 4.16212690 0.09587002 0.07207083 0.07882430 0.32190833
51.19778811 8.72724155 3.85777151 0.08649284 0.07351911 0.47728050 0.19348789
35.19363704 4.48686082 4.12845789 0.09296796 0.18784511 0.25047983 0.26661309
39.45109925 6.44911865 2.29093598 0.06054236 0.13472945 0.95281246 0.03211468
41.18845777 1.38068798 1.03313189 0.06220883 0.07199857 0.70685826 0.89411933
53.84323448 9.49020027 4.91122991 0.06602369 0.06048738 0.59160487 0.32582953
48.14340139 8.82092742 4.39377757 0.09620369 0.06103303 0.43065633 0.05361667
34.92782481 9.81498968 1.32984302 0.00283117 0.14823693 0.83530197 0.33213447
33.52592700 9.78105023 1.77866646 0.09834763 0.11050284 0.58493376 0.99565412
50.15650641 8.60183323 4.55954966 0.07206993 0.05324955 0.25569918 0.19574579
55.79359563 8.58046905 4.00389853 0.08273440 0.07010149 0.43737897 0.28324047
55.91032015 3.70262528 0.61555578 0.03694308 0.10948028 0.74133063 0.86903710
57.80458449 9.82592277 4.30332889 0.06312503 0.05801899 0.61301982 0.20338773
50.48823753 9.38106554 3.80967558 0.08951539 0.05812865 0.06631832 0.53548314
47.58403745 6.48680661 2.95640324 0.06807415 0.15794996 0.42037514 0.14493848
53.32464091 8.66201606 4.83985727 0.05460035 0.07146509 0.63925435 0.28002531
59.75791926 8.44859722 4.82633343 0.05096607 0.06844344 0.64682786 0.26456262
22.22949780 7.03277976 2.95294653 0.02883167 0.08454178 0.41046675 0.98319200
56.08762586 9.16563736 3.51247860 0.08983353 0.05766331 0.16722940 0.17320476
29.85592345 9.63092427 1.44432306 0.04492709 0.16603985 0.32279431 0.31864162
52.41560675 9.23699252 4.63989942 0.07804631 0.06594966 0.60482837 0.14412131
50.38047105 9.51673258 4.46441341 0.06601823 0.06483774 0.54668238 0.13873805
54.69923050 9.73370896 4.96744926 0.06867987 0.06660997 0.27627155 0.38829821
58.11416027 9.15639904 4.02905336 0.05300879 0.07448344 0.83898908 0.43429310
25.74496611 8.49894770 1.42647740 0.01097846 0.07168038 0.70948261 0.41760396
53.11762208 9.80557046 3.92171465 0.08419038 0.06639213 0.04559457 0.15227252
35.31290917 4.18373473 0.71516948 0.09237656 0.11675247 0.59165461 0.88757297
56.34106147 9.37381386 4.33737123 0.06150601 0.05352297 0.67556114 0.33028963
52.30744518 9.67915313 4.16343779 0.09105903 0.05949147 0.50619444 0.01816080
59.66068284 9.75576518 3.37897890 0.08717888 0.06623579 0.12499960 0.50158809
56.67056957 8.64151026 4.34176811 0.06925531 0.05757957 0.36005312 0.31697145
36.56391473 9.32338155 4.79832392 0.01179861 0.15949258 0.83706710 0.91325324
53.24396441 8.90992302 4.06254087 0.06280298 0.05397202 0.60297434 0.31567883
53.64073871 9.02606247 4.62005569 0.08923528 0.05572732 0.48906934 0.44320577
56.59753591 8.94867961 4.37116942 0.05933268 0.05675983 0.49360722 0.29562034
58.07918525 9.67439998 4.15906521 0.08762948 0.06636177 0.16140292 0.22402674
57.37661433 4.95579857 2.16236987 0.00170650 0.12522777 0.16596815 0.31307700
52.50838309 8.46092598 4.46540105 0.06731028 0.05365886 0.28874058 0.34376374
55.70860227 6.09477122 0.59981707 0.05772928 0.13894744 0.90469687 0.10283555
59.60186480 7.77913590 4.46929679 0.05935350 0.06888304 0.66333785 0.26075446
21.42303331 1.92922288 4.59430074 0.04208698 0.14978328 0.85707068 0.21398901
54.68091709 9.31852240 3.26625491 0.08923522 0.05758924 0.22864711 0.03540737
59.83702783 9.54765957 3.92489330 0.06465994 0.05409771 0.06131531 0.75831383
44.23378546 9.90650305 3.80462041 0.09036361 0.07673261 0.41419104 0.32633311
50.58862705 9.57171044 4.15235499 0.07404563 0.05498518 0.99950073 0.46944707
57.27146770 9.76935532 3.59634481 0.09200407 0.05428962 0.12097296 0.51266546
56.82440755 0.88673406 2.51265504 0.08006778 0.06381492 0.40212560 0.53478187
58.45893931 9.51140389 3.39375348 0.06786678 0.06498004 0.21027107 0.65613799
36.77205474 6.56723850 4.57156248 0.04004476 0.12286563 0.47509604 0.88660262
45.86919694 7.19844730 2.96441351 0.03029655 0.05822237 0.34636705 0.81319544
58.35865360 9.84510486 4.30800394 0.07485043 0.06054990 0.30312866 0.29834387
56.32366019 9.89710421 3.94211030 0.08387547 0.05725658 0.13185274 0.07825977
53.45116185 9.72233114 3.31878474 0.08421264 0.07865842 0.13048491 0.55525965
53.30649079 7.79945002 3.98384133 0.01481939 0.16778237 0.64020115 0.14038883
57.09621203 9.11110718 4.78997764 0.07354405 0.05778806 0.74197839 0.25851921
54.91928681 9.97852709 4.41119097 0.04682666 0.06052273 0.61424066 0.23995293
50.75431358 9.24258870 4.04638560 0.07101224 0.05382466 0.97967900 0.40998389
49.99382215 3.90528016 2.44705357 0.07783226 0.07091274 0.29966328 0.02459522
56.76561017 9.20154858 3.99125472 0.05355935 0.06369395 0.65805127 0.24554116
31.66994698 7.30276988 1.02560745 0.03728716 0.17449243 0.27726146 0.97377066
56.89390615 9.87754522 4.12189463 0.08651126 0.05242620 0.58575615 0.54772746
36.74027156 9.19590402 1.94133710 0.08014318 0.06645288 0.63285605 0.53334531
31.92945154 9.35414436 0.88796969 0.06774167 0.07336820 0.57826510 0.99613425
56.34120350 8.62074126 4.26739336 0.06838386 0.06377339 0.23656426 0.49223898
54.61074435 9.27689252 2.77738792 0.09486787 0.05199324 0.12372423 0.45576540
50.56416782 9.03654021 4.81361119 0.05917878 0.07305693 0.21646096 0.28220625
24.98104356 0.33166476 0.62074940 0.06242035 0.17049501 0.74378985 0.56512542
22.01569139 8.85170504 1.59627054 0.04115832 0.06624757 0.72563541 0.83307503
48.19290826 4.23139810 4.52310445 0.05054408 0.07179927 0.60802551 0.73094977
41.48120004 1.06801797 4.13858673 0.03902338 0.15593558 0.21695508 0.02097176
35.99870075 4.47181317 4.86886962 0.02995013 0.14384624 0.03711133 0.69998343
52.76990084 8.85935419 4.91395750 0.07994066 0.06814737 0.25954765 0.31887467
56.11848842 9.09426056 3.39144085 0.08007713 0.05727307 0.12406083 0.10997378
