50.92817314 9.64215791 3.61460092 0.06647105 0.05469221 0.22617256 0.53593171
21.57326356 8.14045836 2.07360376 0.08909895 0.10376643 0.42874107 0.87305355
29.47349049 2.07348451 4.70405146 0.00243195 0.16342500 0.45263196 0.16113480
59.84523077 9.65640767 4.64283643 0.05920992 0.05185029 0.70331323 0.54100040
51.23846928 8.98230987 3.87563937 0.09741824 0.06365909 0.31416271 0.30433751
57.12816403 9.34536432 3.97780081 0.08664056 0.05840545 0.34728886 0.03529117
48.81496629 9.11768391 4.66191967 0.07481025 0.06075812 0.33113431 0.12714668
57.76526409 8.78189311 4.63182646 0.05386192 0.06049837 0.56056813 0.56036082
58.75954425 8.65538046 4.15661264 0.05851425 0.05432683 0.47382506 0.52266089
49.06316113 4.78202497 3.27981223 0.06740968 0.10704797 0.40852170 0.00997747
58.81209099 8.74112300 3.78971451 0.05675911 0.05903995 0.55629013 0.63283139
57.28791725 8.59314113 4.57521422 0.06074168 0.05199907 0.75485707 0.48959149
47.83214659 9.06111259 4.68575109 0.09472249 0.05345371 0.42913680 0.07780662
58.67880539 8.80869864 4.64117639 0.05674326 0.06853072 0.55035501 0.58515383
55.01790599 9.32162639 4.38386596 0.05953204 0.06144733 0.53034210 0.52798257
54.07044687 8.96994651 4.13599512 0.06537700 0.05973961 0.64677048 0.52441874
28.96198680 0.52508574 3.94415532 0.04332401 0.14978754 0.13011916 0.75382578
53.45316343 9.61960580 4.89160392 0.04197564 0.07262305 0.51669681 0.48247118
51.78291429 8.13313151 4.19670281 0.07858604 0.06568886 0.38687702 0.06629896
53.27583577 9.90199054 4.46825961 0.09580590 0.06518614 0.43162417 0.04868007
56.61944233 9.31308955 3.79968297 0.07010875 0.05308999 0.67290884 0.67878972
32.46547342 9.81476032 2.49962488 0.09127333 0.09246246 0.38591476 0.45409483
58.49274142 8.65721465 3.85145399 0.06257836 0.05816837 0.26847256 0.61182127
57.34093127 1.89013133 1.84729001 0.01988994 0.07546758 0.14817057 0.14076090
56.99697661 8.97815321 3.83065740 0.04604457 0.05157371 0.48566426 0.54866052
59.22495381 5.33444727 2.93263262 0.00872745 0.05800379 0.57742932 0.39599376
36.73019479 2.82065053 2.84998550 0.02629102 0.18860312 0.46295491 0.16349169
45.67762252 1.87382302 2.65372448 0.06888379 0.09677751 0.43272056 0.75189767
50.68383271 8.76027559 4.68156503 0.07979658 0.05973488 0.61855673 0.46111454
41.10124723 9.28123603 0.71217135 0.08953673 0.11206036 0.43298554 0.59869692
57.50769064 9.45285996 4.07712631 0.08968872 0.05549102 0.17950371 0.76493302
59.76710591 5.94924168 1.64572380 0.05526807 0.10273286 0.25251102 0.12930950
51.60549710 8.69448757 4.70878671 0.08454737 0.05330296 0.59418158 0.54598920
57.00205963 9.76955718 3.96061037 0.07133280 0.05493210 0.55562969 0.51695617
59.80682245 9.77499569 4.20708411 0.06879753 0.05096874 0.56889544 0.55416423
59.31084125 8.79180766 3.78202931 0.05592084 0.06644214 0.40853087 0.46351333
51.90783650 8.80713754 4.58617880 0.08415134 0.06529713 0.52531378 0.49261333
48.87370875 2.89754649 1.83689615 0.02927682 0.17219282 0.61730917 0.44396975
23.16082728 0.77124606 4.45159891 0.05042406 0.18271985 0.40585568 0.46170357
42.43717442 0.54822042 4.80194901 0.06098773 0.18266874 0.05904396 0.51661446
24.31010328 1.83969652 1.28863657 0.00530742 0.08790850 0.13262040 0.65946780
22.49758849 7.12054602 1.18102695 0.00144239 0.13129572 0.04286200 0.25117649
58.24455697 8.39304373 3.87454493 0.04264993 0.05310140 0.60601877 0.49676157
52.92985873 8.90976549 4.39776310 0.08266447 0.05432948 0.72097619 0.35829526
54.37614557 7.62057292 4.60502444 0.08580644 0.12059494 0.16855601 0.60469597
57.20912865 8.85708334 4.61484379 0.05415264 0.06396495 0.78130138 0.51312833
57.77131834 8.71872756 4.31622983 0.04584078 0.07197015 0.46407154 0.61575820
40.76217054 9.08665240 2.75118095 0.06019086 0.11393525 0.88374657 0.16233525
54.18831453 9.22177711 4.12184318 0.05699113 0.06023468 0.66047677 0.53026910
28.12102881 9.49288035 3.20031028 0.00283040 0.14289954 0.19181249 0.85086786
59.43308006 9.10631898 4.23066074 0.06701292 0.06916218 0.22003185 0.68356099
55.79929689 8.73969756 4.48187190 0.07956253 0.05395114 0.19660727 0.14666271
27.22829623 7.40972849 2.37778673 0.08164783 0.13393014 0.06623394 0.32924978
55.06710881 9.81636523 4.11755538 0.06435048 0.06763643 0.42521035 0.51126592
56.09387471 9.57585711 4.43802002 0.05861737 0.05599646 0.76288910 0.36808249
21.40037082 3.91093315 1.71506371 0.02652814 0.09005553 0.63453886 0.77443903
23.50170029 9.70120645 3.23689405 0.00200493 0.19927227 0.56747358 0.73538180
56.84742089 9.02850816 3.74250914 0.07915328 0.06378349 0.15272391 0.13117692
52.48989968 8.56420262 4.92567306 0.09280566 0.05649434 0.45941592 0.04701992
35.67353895 8.44325584 2.26640741 0.07259998 0.14519898 0.89480211 0.72969906
57.34742861 9.12617542 3.79058050 0.04788237 0.06999687 0.50977817 0.51951285
33.40198587 5.92251475 3.37859280 0.07963527 0.10005224 0.04342748 0.29878041
48.99339607 9.44379459 4.41645778 0.06727168 0.06438683 0.31487726 0.42124322
52.66016230 8.39864756 3.88119223 0.04197386 0.07706197 0.84625949 0.78678844
58.38572758 9.86318700 4.50473398 0.06337157 0.07100242 0.60773880 0.45996771
54.57499407 7.08728570 1.76157972 0.00407327 0.06429521 0.16519465 0.52200778
39.62717080 1.31838631 4.70671080 0.01221370 0.06109468 0.29968577 0.60448109
52.66512884 6.29847671 3.00959547 0.07913394 0.11370141 0.84517096 0.40727477
50.61043896 8.20855938 4.78425084 0.09129189 0.06518098 0.49900439 0.11044498
55.96921253 9.77467387 3.57045394 0.05974671 0.05628779 0.57660408 0.61824053
59.77539167 9.81661721 4.42535733 0.08962394 0.06242664 0.16666420 0.78522676
35.28503396 8.18423971 0.89074579 0.03089458 0.12378629 0.83340498 0.84057448
54.17603706 2.57091088 0.57616679 0.06997982 0.10833646 0.50443030 0.20904756
59.81712324 7.99697794 3.71869640 0.06480515 0.05097820 0.26343803 0.67727403
53.53361120 9.45558019 4.36257556 0.04757965 0.07741900 0.51560547 0.30755061
23.70366415 1.21770684 1.76474882 0.04344625 0.10804974 0.13820526 0.99620302
23.45306328 0.60401222 1.61225321 0.04173064 0.10462580 0.59862855 0.64988793
58.08897815 7.14670039 4.36277741 0.05571892 0.05837210 0.64857480 0.51219939
31.94606077 3.71447769 2.12154712 0.09508072 0.16256116 0.94384068 0.12466219
47.86376785 2.58444497 2.36562353 0.07523695 0.13645991 0.13752438 0.59508229
27.96002551 9.77168385 2.57858217 0.01792912 0.19951029 0.66827430 0.93733388
59.48072279 9.99045137 3.98917999 0.06466396 0.05731060 0.60319680 0.57151221
54.56265556 9.72675502 4.20337342 0.05173937 0.07283357 0.57883405 0.40123347
49.22321632 4.39409654 3.29633976 0.05010660 0.13870924 0.91182815 0.77161753
52.72735454 8.19729603 4.47255960 0.08672534 0.05793486 0.57583395 0.47585624
55.85754884 9.08085044 4.51394252 0.06153450 0.05882651 0.71211130 0.34212034
40.92132977 1.15949186 1.67714599 0.02425324 0.18094240 0.40970066 0.50213456
42.26577100 3.80243303 4.51602718 0.02625278 0.07340934 0.49600847 0.94758494
31.26992133 2.06203637 2.71861395 0.07526444 0.07944112 0.62082125 0.19209999
50.80352254 9.74874599 4.22437914 0.05386606 0.05855948 0.53170371 0.43253740
57.63184104 4.54812202 4.23430546 0.09798217 0.10045835 0.48290877 0.39625489
57.28966863 9.45382565 4.76685578 0.03782911 0.05144815 0.60401151 0.44640428
57.49367684 9.78263018 4.74691187 0.04940381 0.06977268 0.49139122 0.59702282
58.17620674 7.74045451 4.46913316 0.06704369 0.06364065 0.72022251 0.49867532
20.15136482 4.25676014 4.54625124 0.01424309 0.11409407 0.22845938 0.70165796
57.80912881 4.74284106 2.94992003 0.01636572 0.15947683 0.92314902 0.64538385
52.58933145 0.59280356 4.91848696 0.07642860 0.10014638 0.08341346 0.79431548
51.78946674 8.82337266 4.68343940 0.08260473 0.06171216 0.58029204 0.53769748
38.91970452 3.80418441 2.05619055 0.08798686 0.11059991 0.18459192 0.47104464
56.07623746 9.62615442 1.42034864 0.02792082 0.09643672 0.06883443 0.44181342
58.87525275 8.59614085 4.22519729 0.04031837 0.06051366 0.41592064 0.39963959
24.85295354 5.84053719 3.49967808 0.04919756 0.11630663 0.50144541 0.65650561
45.37222383 1.97283654 3.16818021 0.09340439 0.09852501 0.13995054 0.33189481
58.35922748 8.42470945 4.30109756 0.05378678 0.05308172 0.49870030 0.56881420
56.29408074 9.62188348 4.52012112 0.07860268 0.05123721 0.17775286 0.66915342
52.30524338 6.09607096 1.22442218 0.09905714 0.12925118 0.47116874 0.08697487
54.54295271 7.88838528 4.15597122 0.08727733 0.05131044 0.57242794 0.07533857
51.13456600 9.03622627 4.33367981 0.07612332 0.05622488 0.30935265 0.10919925
49.06649125 9.24374334 3.84427675 0.09561907 0.06507766 0.22939155 0.32792271
43.70454522 1.08347575 2.09496701 0.05187708 0.13189974 0.43741967 0.46896976
50.61373673 7.98502296 4.55054867 0.09380632 0.06547078 0.50669715 0.04884753
59.74249592 9.86506913 4.71317814 0.07765907 0.05750981 0.65529627 0.32394269
52.07924648 2.31939507 2.18627931 0.04569469 0.19885933 0.14177299 0.29466936
29.89507111 7.53690995 3.57566181 0.01024918 0.14017509 0.05195191 0.80293204
51.57385218 8.67275586 4.92838614 0.04430579 0.05272452 0.64527037 0.39936788
33.94443266 3.44786658 2.56962290 0.09273951 0.07091248 0.00553064 0.00783585
28.40396434 4.61823685 0.65608609 0.05741281 0.16048831 0.34785091 0.12970689
26.15315404 2.78830254 3.79039721 0.05139750 0.07745312 0.72797274 0.56479865
54.48256315 8.61178715 4.22588689 0.05936851 0.07520743 0.65195642 0.38843340
42.05339067 0.35322529 2.64716107 0.05879798 0.18193624 0.61287851 0.48090183
52.69410447 8.32439997 4.71280734 0.08590506 0.05784262 0.55009917 0.42318641
55.09193064 8.46485551 3.31508260 0.06799539 0.06773917 0.38668006 0.80624169
49.54220700 9.68709632 4.40034920 0.06159395 0.06978758 0.35201316 0.58426908
57.12527155 8.78807684 3.54590087 0.06690196 0.05228042 0.31296553 0.87752396
57.89409166 8.39075883 4.09451276 0.07697550 0.05893763 0.34090587 0.21498108
33.09392960 5.41736293 2.06188504 0.00246571 0.14541690 0.55167728 0.68200798
56.75250701 8.57887418 3.69012776 0.07158347 0.06942302 0.30599149 0.81468827
29.49301193 5.79297662 3.37571253 0.04936961 0.13977922 0.77009658 0.60318932
