27.36844190 2.00526827 1.32894971 0.01923689 0.07763166 0.18421105 0.18421105
122.69828809 12.70504868 15.75043772 0.15447624 0.05907162 1.01974360 0.19483299
57.69344344 31.03005125 13.78620842 0.03148336 0.05780626 1.56350706 1.07372398
101.26744238 19.15149748 12.88700704 0.20523482 0.05879945 0.87213154 1.00111382
47.17731646 6.85844253 3.55744810 0.06826386 0.15191494 0.67943291 0.67943291
88.50180131 20.26046545 12.29758447 0.21373499 0.06112267 0.98809324 0.70670420
20.80457578 0.39712107 0.59051478 0.00299133 0.05301716 0.02011439 0.02011439
69.99469709 27.49175140 13.15967925 0.06316351 0.05108880 1.42556179 1.08731183
69.79332265 29.45329009 12.61531908 0.10250571 0.05433727 1.08594253 1.08667545
66.11286170 32.36840754 13.88135849 0.06566768 0.06228822 1.48666417 1.17951477
103.92820548 18.95483778 12.59298324 0.16687836 0.06631145 1.39134719 0.05475259
67.44372666 29.32593428 13.33026331 0.08193932 0.05144880 1.14624137 1.19191547
123.51603786 18.02993188 16.00670424 0.15542084 0.05062343 0.61323238 0.41819636
80.97473908 20.72738888 12.48584003 0.21581281 0.05611369 1.04926743 0.51865011
89.91677922 19.95558221 12.58325877 0.21811788 0.07586439 1.10240195 0.60306099
78.12526033 26.75654851 12.92256292 0.12638088 0.05395267 1.53235687 1.18569709
36.71945248 4.29626586 2.38093840 0.04238064 0.11269795 0.41798631 0.41798631
127.79850623 14.80944517 15.55214343 0.17826865 0.05022314 0.47346855 0.21358556
28.67948967 2.32647497 1.47644259 0.02248174 0.08254809 0.21698724 0.21698724
44.00045752 6.08011209 3.20005147 0.06040113 0.14000172 0.60001144 0.60001144
64.12903095 30.68197294 13.50643113 0.04346843 0.06048677 1.33402817 1.03971675
103.20510428 18.57676708 13.39915734 0.18153590 0.05928920 0.98384110 0.86938774
111.22937147 15.59133071 16.78720619 0.15653974 0.05175527 0.84666597 0.03088582
81.88198606 26.59250952 13.53349191 0.13273009 0.06325124 1.22924032 1.20216663
62.78265273 32.04298887 13.91668017 0.06333063 0.05896629 1.48780317 1.15967573
112.13743232 15.14714926 17.73153335 0.15417320 0.05076714 0.54404297 0.30927565
64.33424774 32.33627966 13.81826786 0.04243363 0.05022771 1.62604058 1.19898696
88.59582281 27.80702024 13.15677470 0.12003311 0.05103187 1.36726102 1.12856558
87.08710538 22.14644075 12.23544302 0.20132770 0.05210394 1.09171232 0.54316030
44.97649156 6.31924043 3.30985530 0.06281682 0.14366184 0.62441229 0.62441229
83.14808073 20.44325547 12.32747065 0.22191247 0.07204001 1.01102646 0.49561810
67.93716253 30.47457289 13.44017040 0.07074665 0.05309774 1.07904294 1.08585241
121.59852909 14.34648473 16.98052701 0.17380954 0.05983995 0.50567953 0.43679137
66.42166607 29.77937096 13.69541544 0.07030351 0.05680566 1.31369749 1.20543657
105.58459804 17.93464547 12.43836602 0.18216316 0.05124212 1.22841533 0.23539081
85.25471881 20.94236776 12.44671054 0.20180314 0.05653179 1.03637159 0.58460608
104.10770719 17.18337949 12.76446349 0.18250095 0.05178394 1.25473383 0.15185282
107.52481929 17.80170337 12.37115834 0.17724244 0.05306731 1.27340220 0.26331169
81.95497570 25.03468515 12.52940878 0.12505972 0.05400799 1.39629797 1.19291180
122.65286368 13.66761540 15.88649309 0.15939481 0.05305819 0.81687527 0.18517233
60.56399905 31.52689949 13.22428033 0.05293858 0.06181151 1.37505145 0.87206683
108.32030131 19.09687786 12.87782769 0.17465040 0.06040296 1.34587125 0.16305966
64.42179158 32.95316874 13.71486451 0.03991231 0.06733733 1.59492389 1.12753084
63.35979186 32.27350335 14.12515846 0.04521466 0.05725809 1.65929314 1.16166506
37.26559777 4.43007145 2.44237975 0.04373235 0.11474599 0.43163994 0.43163994
30.84830251 2.85783412 1.72043403 0.02784955 0.09068113 0.27120756 0.27120756
67.05747098 29.78582014 13.38661807 0.06722287 0.06206016 1.25173749 1.18324132
125.57846939 18.31581424 15.78920949 0.15825608 0.05651918 0.59619009 0.36258074
78.96053011 26.47080437 12.15083103 0.12955175 0.05409601 1.27313138 1.14981859
82.99547607 25.19526308 13.73389021 0.12070722 0.05788473 1.19740735 1.27566582
47.91167116 7.03835943 3.64006301 0.07008139 0.15466877 0.69779178 0.69779178
86.78959729 20.37468448 12.07647803 0.21979429 0.06917116 1.00669874 0.53940310
124.50138856 16.47408306 16.56059652 0.16017927 0.06116537 0.63265550 0.36767101
83.49961797 25.31901125 13.02306364 0.12411532 0.05791980 1.28537851 1.25989292
49.64510179 7.46304994 3.83507395 0.07437163 0.16116913 0.74112754 0.74112754
115.02457733 14.96840389 15.41113147 0.16676191 0.06247012 0.82342869 0.13700000
64.07988813 30.13618205 12.87540520 0.06977007 0.05763053 1.39535972 1.07657463
97.21806899 18.59444499 12.52250594 0.17214518 0.06280790 1.02020068 0.76977151
81.44011581 20.64359795 12.56648842 0.21760695 0.05217688 1.05722324 0.49901137
31.08143706 2.91495208 1.74666167 0.02842656 0.09155539 0.27703593 0.27703593
111.52963307 16.06540163 17.06283502 0.16935248 0.05106718 0.52696562 0.57327088
55.83189099 8.97881329 4.53108774 0.08968393 0.18436959 0.89579727 0.89579727
68.80997263 29.58212760 12.95363099 0.06644386 0.05636907 1.34076323 1.10914425
92.39961049 20.34687630 12.47566365 0.20450451 0.05392248 0.97917393 0.58287123
89.83604376 25.51279048 11.98667517 0.12669223 0.05748279 1.44142497 1.34063239
109.04568314 16.52855368 12.71848107 0.18635099 0.05875577 1.40808548 0.15201661
128.92915133 18.46487081 15.84553481 0.16120670 0.05961467 0.57983658 0.30077159
116.06697972 15.02058997 15.41229796 0.16670930 0.05526314 0.88634605 0.25524818
31.23587033 2.95278823 1.76403541 0.02880878 0.09213451 0.28089676 0.28089676
58.56244727 9.64779958 4.83827532 0.09644206 0.19460918 0.96406118 0.96406118
101.14442649 18.72172654 13.53252904 0.17999868 0.05926630 0.93393966 0.90940385
115.38771892 15.11460598 15.22946186 0.15850363 0.06131487 0.86059556 0.04693811
126.17597311 15.55955150 16.07278334 0.16135484 0.05239640 0.49096826 0.28177554
111.80537441 16.13158201 16.68578991 0.15350926 0.07602726 0.73057380 0.11000377
89.97593248 25.23054189 12.32534258 0.12741771 0.06176373 1.42259798 1.35548708
33.13238523 3.41743438 1.97739334 0.03350265 0.09924644 0.32830963 0.32830963
28.77898499 2.35085132 1.48763581 0.02272799 0.08292119 0.21947462 0.21947462
68.25050296 30.32535193 13.47460791 0.07998617 0.05283590 1.27273554 1.17841583
65.62771815 28.31352145 14.14315874 0.06309171 0.07192320 1.19365697 1.01758478
101.26169569 19.54591907 12.69524713 0.19588434 0.05039522 0.95587384 0.86548671
62.11060398 30.16116180 13.87638226 0.08690667 0.07057086 1.16416784 1.01544083
87.08405746 27.21543478 13.22553009 0.12222556 0.06431860 1.42325523 1.13168383
86.64598487 20.16140366 12.62487801 0.21622809 0.06452652 1.04933296 0.52627052
125.36460810 16.15669525 16.93826040 0.15156506 0.07011503 0.75164537 0.40433728
111.55217146 16.42963308 16.95965862 0.14777786 0.06390182 0.76772846 0.18873590
22.08998753 0.71204695 0.73512360 0.00617272 0.05783745 0.05224969 0.05224969
20.25270121 0.26191180 0.52842889 0.00162544 0.05094763 0.00631753 0.00631753
46.71690836 6.74564255 3.50565219 0.06712435 0.15018841 0.66792271 0.66792271
23.20951259 0.98633058 0.86107017 0.00894354 0.06203567 0.08023781 0.08023781
105.52798057 18.04578013 12.44115207 0.17014092 0.05250262 1.36903298 0.29300573
109.88874806 17.69040239 12.69821289 0.17651999 0.05272543 1.19239842 0.12740957
96.17000813 18.97165123 12.41955980 0.18610584 0.05096174 0.90381301 0.72749207
107.31454829 18.32110333 11.94606267 0.17841893 0.05230831 1.05892121 0.30468034
65.18523163 29.10487105 12.98163184 0.11298351 0.05344545 1.05203692 1.03622271
63.22411473 28.43730957 13.45139625 0.05929272 0.05093464 1.19799094 1.03669820
87.55280561 19.73996356 12.25054458 0.21968984 0.05769024 1.00480231 0.59955270
118.87896960 15.30343583 17.21508406 0.16562705 0.05960236 0.49955715 0.45872521
59.88658836 9.97221415 4.98724119 0.09971931 0.19957471 0.99716471 0.99716471
55.65591833 8.93569999 4.51129081 0.08924840 0.18370969 0.89139796 0.89139796
113.39228490 14.75499704 15.35116473 0.16314752 0.05265410 0.86173562 0.10317823
108.48164971 17.11170737 12.27495505 0.18236627 0.05838514 1.16386829 0.37449758
35.29835659 3.94809736 2.22106512 0.03886343 0.10736884 0.38245891 0.38245891
25.38720706 1.51986573 1.10606079 0.01433334 0.07020203 0.13468018 0.13468018
92.18387765 21.66216980 12.32296933 0.21839611 0.06314009 1.00801271 0.62093319
46.87598230 6.78461566 3.52354801 0.06751806 0.15078493 0.67189956 0.67189956
82.37329598 20.46921738 12.68535408 0.20651774 0.06562069 1.02281758 0.65978973
115.69059802 15.09487736 15.30583508 0.16247925 0.05219850 0.80976056 0.09120838
110.91204144 15.95549104 16.78465142 0.15427872 0.05219815 0.76741359 0.07033931
97.32218065 18.79996837 13.36602958 0.19084300 0.05190385 0.92815644 0.98909299
33.74269520 3.56696033 2.04605321 0.03501317 0.10153511 0.34356738 0.34356738
29.93125060 2.63315640 1.61726569 0.02557985 0.08724219 0.24828127 0.24828127
63.19206043 32.43320322 13.71717146 0.05936696 0.05481770 1.53541165 1.07632606
58.19453028 9.55765992 4.79688466 0.09553146 0.19322949 0.95486326 0.95486326
117.20494794 13.33439336 15.73823578 0.15703452 0.05547870 0.79601687 0.19176661
65.00032206 29.23809496 12.55862092 0.11235893 0.06522509 1.13236366 1.10449489
123.48995170 16.41086844 16.71927419 0.15571331 0.06100463 0.72923443 0.30503471
63.28445819 29.57601871 13.02928067 0.07953147 0.05605159 1.42800387 1.13603942
34.64138364 3.78713899 2.14715566 0.03723742 0.10490519 0.36603459 0.36603459
69.99450887 30.72790818 13.16836452 0.06837154 0.06207352 1.05794504 1.15034205
101.57108205 18.77639488 13.98553461 0.19551178 0.05436939 0.83003662 0.86503344
131.88634247 15.64416809 15.80829995 0.17977111 0.05263797 0.49747043 0.22059932
66.26016279 32.60923387 13.44221547 0.04454722 0.07015914 1.51035505 0.98270329
98.06921083 19.68083882 12.29111001 0.19137102 0.05609285 0.99948780 0.81839445
100.21040513 19.12369226 13.77736669 0.20318328 0.05712075 0.77525877 0.82461896
39.68822430 5.02361495 2.71492523 0.04972836 0.12383084 0.49220561 0.49220561
65.99895097 29.08608539 13.28065657 0.06413539 0.06189833 1.18852245 1.16332476
60.44815850 32.53210609 13.53413337 0.04540895 0.06201469 1.46073329 1.08912195
62.23316048 32.66059447 13.69257402 0.04048386 0.06112987 1.53900639 1.11665753
