50.91145057 1.47362656 4.04589541 0.05152895 0.15899122 0.44948941 0.36596752
50.82693852 8.51830898 4.69958445 0.09233453 0.05324958 0.39334479 0.14316959
55.69764438 9.05048996 3.62264378 0.08764011 0.06163778 0.18138632 0.43135557
53.97478067 9.98806791 3.94817217 0.03162528 0.07091327 0.49563718 0.75080619
26.85831706 5.09328607 4.32372340 0.00680882 0.10570890 0.47586482 0.41183976
58.24411869 8.56022432 4.24829117 0.08020407 0.05979690 0.38621343 0.08812869
56.86822810 9.90960451 4.98825206 0.09040198 0.05594503 0.31557015 0.51294727
57.61995370 9.20082362 4.38916686 0.08813543 0.05514297 0.21627356 0.20591027
59.17499668 9.58445065 4.15904478 0.08931058 0.06756120 0.33513261 0.24740876
56.72720763 9.10007130 4.24552758 0.09557108 0.05394350 0.34249679 0.29692117
58.46897420 9.51529907 4.40540762 0.04180658 0.07349748 0.53212388 0.62080416
56.53694108 9.23321865 3.94927006 0.08845829 0.06575752 0.48477769 0.27621487
49.42910670 9.56468557 4.78651311 0.08058217 0.05333028 0.38028530 0.21416678
48.37682883 9.33060836 3.70697641 0.02337355 0.12006115 0.74311839 0.05303221
52.22069183 8.19692881 4.87446882 0.09713033 0.05725730 0.31149187 0.04503127
53.48663071 9.83210139 3.62192330 0.09396074 0.05855016 0.11483797 0.34727406
53.75783454 8.99674885 4.83610828 0.06691158 0.06116634 0.33243740 0.27891432
51.15033664 8.81140789 4.79443733 0.05895215 0.05557333 0.43243472 0.28122493
58.92894457 9.32172938 3.48542292 0.09585381 0.05985081 0.40227816 0.36529736
41.61626494 5.42966007 4.53642923 0.03269725 0.18212144 0.30624040 0.60634498
55.74311673 8.52938601 4.73862264 0.07401683 0.06410628 0.38750612 0.16185456
57.11505464 7.92065424 4.43110775 0.09318175 0.05419508 0.26556273 0.24012684
55.92279963 7.91162752 4.71187115 0.08986873 0.06464227 0.27230858 0.14694560
50.64630014 8.86991274 4.58473214 0.08788820 0.05868810 0.40368418 0.12654621
52.70018007 9.51464908 3.27294578 0.07590899 0.05927257 0.37541813 0.23094233
48.76113304 0.29613376 3.99015820 0.01110993 0.12757872 0.14668525 0.18695073
52.25885510 8.47143668 4.70903756 0.08583928 0.06945905 0.38616558 0.38971726
59.37861833 8.62280398 4.66176334 0.08193829 0.06917596 0.46208694 0.19096294
45.47610437 9.73300338 0.94336444 0.07786437 0.08893334 0.43878080 0.56573162
22.01359913 8.85784052 3.35778113 0.02381980 0.19659822 0.78559977 0.69291538
52.65487353 8.37941902 4.16850546 0.09153942 0.05850195 0.23877458 0.24045869
58.44467487 6.91320547 4.06092748 0.09782298 0.05915559 0.20088689 0.49633731
56.37338160 8.20491021 3.81767514 0.07998264 0.05296217 0.11174395 0.39132051
51.48341138 9.00664578 4.38333945 0.07691979 0.06113577 0.39111166 0.32709941
21.25176725 4.60592616 2.76821465 0.00236070 0.07059133 0.98659435 0.80690845
54.27393603 8.34655746 4.85714054 0.09543717 0.05848382 0.25613955 0.02717429
49.16808525 7.43383037 4.51328229 0.09802878 0.06404981 0.45380083 0.04139404
51.97022941 9.83452915 3.67342592 0.09482345 0.06236877 0.52260671 0.21271453
54.65089758 9.58108963 3.83606792 0.09328708 0.07257688 0.39972079 0.22126564
25.35000274 6.98204852 1.08335881 0.01408649 0.06139119 0.80575017 0.01031126
30.19657037 4.46615913 3.44222500 0.06434053 0.08066163 0.67892167 0.79167611
52.43695199 9.38436968 4.64290365 0.08847837 0.05006611 0.34303442 0.24992771
43.62516891 3.86127406 0.63564875 0.09591599 0.17535978 0.49601017 0.57859148
53.31276711 8.74570554 0.69591492 0.05034388 0.10362661 0.26441821 0.90879442
30.19452517 0.36893772 1.83529717 0.09358272 0.13266263 0.37111725 0.37267413
43.15715089 7.02774452 4.64051304 0.01842896 0.12719015 0.65029562 0.34827015
34.18283301 8.26560354 1.60808675 0.06345134 0.18626249 0.92331012 0.58461681
55.30250917 9.58053355 4.54663731 0.06946352 0.06091983 0.25144156 0.13670663
58.42900607 7.37173614 4.56943137 0.09949051 0.13170254 0.10284684 0.50035830
49.87119461 8.47548714 4.07928509 0.05637097 0.05383853 0.32075326 0.30518832
37.57331046 9.84143642 4.39489842 0.05390778 0.07129412 0.86633916 0.41228693
39.36687546 0.84935620 2.21637676 0.04199488 0.10132057 0.24890061 0.91904619
50.18741396 9.27664414 4.61287426 0.08771591 0.05017819 0.24085226 0.19481892
23.17728147 8.78568798 4.30817209 0.04367404 0.12108174 0.52748616 0.77224610
56.55562878 8.44746460 4.99930994 0.08989177 0.05106185 0.26544464 0.44143198
24.25034967 4.85918668 0.87395981 0.02602383 0.19688252 0.96597955 0.55022535
59.39090899 9.83115425 3.76481231 0.08708066 0.06316223 0.47522376 0.26612776
55.05205966 9.66838187 4.94251971 0.09364515 0.05318428 0.15681985 0.27913488
37.48737795 3.94684617 4.56240068 0.08809233 0.06475830 0.05389858 0.87369177
55.11264380 9.41774362 3.64693581 0.09749170 0.06407317 0.12593940 0.41115290
53.90289077 8.83429011 4.51050177 0.07879285 0.05951812 0.20961168 0.08149749
54.49421360 7.40095604 4.37518893 0.04131917 0.16469388 0.70187937 0.55703097
58.44976913 9.32941320 4.49900006 0.08983771 0.06285000 0.42229527 0.04930704
49.96473701 1.24522409 0.87526650 0.04862000 0.08032185 0.49364850 0.26889470
53.35528649 6.83195998 3.00278685 0.05033006 0.07824336 0.66921182 0.51560241
58.29920082 6.36115772 2.33997601 0.04002345 0.17299164 0.01163880 0.70079483
57.97733078 9.86453656 4.81595381 0.05966408 0.05503692 0.23327267 0.17286562
56.29282515 9.59722910 4.04523212 0.09771808 0.05507664 0.29767210 0.06260566
51.25939140 9.76124803 4.79490404 0.09022174 0.06686149 0.17043150 0.27696451
43.74159512 7.97369853 3.14242327 0.03036713 0.05498020 0.66020802 0.12941508
54.18745089 9.35616545 3.50901501 0.09112295 0.07864834 0.17424548 0.37158519
50.32559891 8.85588189 4.43252787 0.07764992 0.05586825 0.31485041 0.29655628
38.32356968 7.26784975 2.53444700 0.08192574 0.09903829 0.96624555 0.82605401
52.25499451 8.08499294 4.59417347 0.08736327 0.06374841 0.58447846 0.28850949
58.12456744 9.64061778 3.97732475 0.03709309 0.05842644 0.58776243 0.56288059
38.92375315 0.73850243 4.82865842 0.06189446 0.18564115 0.67382601 0.76903689
54.51822381 8.08063367 4.86109687 0.07055723 0.08364442 0.44311275 0.07882292
41.27054561 1.83208739 2.78310542 0.02480478 0.06586018 0.10998826 0.94777182
57.08992451 8.50637059 4.57116970 0.07400317 0.05120568 0.12200786 0.57766218
53.95448704 9.27467904 4.15819450 0.07713198 0.05730728 0.21534340 0.39682373
50.09063920 5.67380073 1.66319257 0.06408708 0.07278917 0.83708018 0.28209044
55.48867304 9.21430347 4.24270946 0.09299989 0.05753625 0.41693430 0.23601731
57.10099666 8.96024742 4.22614570 0.09707717 0.05929772 0.06317559 0.48210065
32.63227845 0.54021820 4.79728924 0.05521951 0.18606129 0.89242676 0.84913021
55.41252913 1.62358133 3.56279274 0.01592520 0.16671018 0.34634184 0.45244105
59.25138936 9.95544841 3.71605034 0.03376826 0.06007633 0.52637870 0.73540510
29.06428758 5.28002451 4.20460118 0.03000399 0.10588868 0.82527377 0.10729139
49.51760607 8.84789973 4.93434080 0.09340614 0.05764856 0.32258151 0.16107380
53.42795976 9.57463657 3.29368379 0.08908374 0.07719491 0.44243827 0.18733352
58.21431601 7.93551193 4.64940116 0.07340462 0.07537954 0.37926034 0.12094636
57.31157603 8.01551947 4.88181823 0.07783251 0.07277175 0.50099623 0.06917349
58.12736843 9.50940883 4.47536933 0.08968624 0.06716849 0.28589106 0.27709503
57.90155317 9.97606156 4.14558208 0.09528993 0.11250652 0.29913291 0.38965791
55.67493207 9.66984709 4.11777089 0.08681965 0.05421514 0.30713165 0.20952148
51.38000693 9.27932199 4.03116959 0.06604315 0.05905684 0.30845784 0.30690076
24.88429439 4.20657483 0.94605050 0.07857593 0.16855229 0.03802370 0.60308747
47.08298924 5.20897446 2.90693385 0.07711180 0.16277869 0.22898771 0.52721705
57.53739072 9.86969885 4.66497148 0.07466426 0.06913414 0.42324179 0.24433210
35.59780367 0.40374716 1.57784829 0.06097567 0.05930712 0.33609354 0.39247137
56.88901930 9.40893350 4.18708105 0.04339605 0.06096825 0.52655456 0.60274083
53.57552608 8.55053425 4.32877726 0.06913405 0.06888428 0.30097324 0.21344950
57.83692074 4.36054633 4.52232033 0.08713121 0.05872707 0.57304105 0.48292329
24.67107298 0.58242576 2.74018152 0.03432812 0.10668393 0.27633011 0.62686059
54.61109108 9.63244188 4.73324597 0.06547312 0.05670746 0.22026748 0.13975248
32.86011075 9.72743027 2.84028570 0.02770419 0.08356010 0.72429233 0.32113306
51.98930961 8.71109328 4.94020605 0.09496989 0.06673350 0.41551018 0.04586388
55.35687000 8.81506533 4.57369545 0.09536242 0.05900623 0.22866599 0.29212827
57.04322500 8.07443011 4.39076588 0.07675907 0.06139974 0.29653436 0.03937758
54.03455122 8.60838869 4.67297628 0.08674400 0.05318188 0.28038458 0.17817990
56.17448620 9.09514241 4.09142276 0.09014334 0.05152737 0.26469603 0.25035281
59.98069603 0.64993244 1.81579153 0.05605321 0.07296859 0.23389424 0.65081517
38.90899279 6.54129799 2.69599116 0.04314780 0.07892773 0.89757056 0.70060508
59.14020828 3.65186065 1.09968177 0.01473309 0.08747863 0.00125469 0.16083773
58.05467792 9.53681749 4.58825066 0.05806684 0.05071244 0.19092254 0.18667903
57.48706969 9.08230886 2.80110990 0.09870717 0.05129027 0.37915438 0.33159150
57.01642624 7.92707436 4.18195314 0.07664558 0.06772110 0.39835197 0.10666693
23.60618388 0.37959205 4.04926345 0.09557029 0.09151993 0.59491463 0.29537602
51.34766391 9.54891846 4.74012979 0.09037256 0.06371043 0.37708230 0.23076263
58.39262079 7.85030089 4.00193232 0.08626716 0.05166676 0.22625612 0.31127071
56.75177845 7.66893418 4.83641938 0.07596233 0.06513761 0.43047483 0.11808338
58.82602838 8.13852136 4.80954075 0.08052765 0.07430652 0.33183128 0.31780974
26.43406844 9.40746170 3.61657919 0.06190884 0.05316975 0.99404944 0.26538519
54.04078565 9.99299110 4.67006394 0.07458470 0.06410700 0.41634112 0.24776148
48.37380138 9.18243493 4.90562160 0.09112124 0.05377053 0.22855911 0.08914218
58.02976573 8.39551798 4.87688818 0.08395516 0.07128963 0.26988999 0.12444698
49.94032654 9.06207853 4.33288009 0.09749159 0.05830138 0.11162963 0.12803209
55.26073096 8.15440578 4.57613275 0.07365540 0.07125642 0.53662432 0.31371550
41.66162161 4.12986397 4.25832738 0.09850783 0.17569012 0.50672729 0.56960795
