73.48196912 27.87856844 13.92794100 0.25048785 0.06733205 1.58653757 0.32242575
89.84901157 22.11077760 18.27497104 0.28808466 0.05734456 0.75523476 0.45125181
84.78610307 22.91978461 18.23912150 0.30097010 0.05077623 0.53032752 0.35476400
59.26152271 31.64069617 14.51222191 0.14813219 0.05983522 1.89374944 1.07250782
33.70283027 3.55719341 2.04156840 0.03491450 0.10138561 0.34257076 0.34257076
67.53835558 31.76695652 15.42449956 0.17456076 0.07579271 1.48056106 0.95569237
69.53434369 25.93330787 13.82997945 0.26978369 0.06438912 1.59075935 0.39935822
24.09471768 1.20320583 0.96065574 0.01113443 0.06535519 0.10236794 0.10236794
113.51300566 14.98679924 18.42814275 0.21198222 0.06016768 1.66156702 0.15507481
83.85834584 25.51807164 17.04205200 0.26808136 0.05754237 0.93177881 0.40812216
42.86948113 5.80302288 3.07281663 0.05760197 0.13576055 0.57173703 0.57173703
80.21265340 24.82244526 17.77661719 0.29297894 0.06890712 0.54789468 0.39560927
68.85227314 26.20405400 14.71051552 0.25519089 0.05261363 1.41981394 0.34450654
75.64956939 31.73631654 15.30668097 0.17760405 0.05637627 1.52831352 1.21315879
83.79322461 23.10732732 18.51565199 0.28938230 0.05079866 0.79230235 0.45760050
86.67138553 28.10878895 13.73244809 0.24506067 0.06217984 1.55792256 0.55479679
43.94422644 6.06633548 3.19372547 0.06026196 0.13979085 0.59860566 0.59860566
83.09937484 25.72309131 18.07413648 0.31123988 0.06128375 0.57245145 0.43341546
37.55011080 4.49977715 2.47438746 0.04443652 0.11581292 0.43875277 0.43875277
71.54001045 24.75260940 14.53055563 0.27210296 0.05984309 1.47353946 0.54112467
84.38532827 28.05829945 13.80700152 0.24166497 0.06041142 1.57226736 0.61242507
83.54513137 23.05496099 17.61910469 0.30061257 0.07134454 0.50735702 0.29387377
45.08220402 6.34513999 3.32174795 0.06307845 0.14405827 0.62705510 0.62705510
83.86838272 28.32120203 13.09233673 0.24725237 0.07033618 1.46408440 0.36933861
92.40842304 22.74986557 19.12860451 0.26322901 0.05021420 0.66103465 0.41941840
20.14150115 0.23466778 0.51591888 0.00135022 0.05053063 0.00353753 0.00353753
81.21890717 25.97789722 18.41015155 0.28212145 0.05308061 0.55784395 0.39190724
69.83147717 31.24237385 15.48127568 0.18281369 0.07641246 1.56800951 0.98366832
67.33756964 30.80828458 14.90329484 0.15255833 0.05219757 1.61703609 1.07962541
23.90941764 1.15780732 0.93980948 0.01067581 0.06466032 0.09773544 0.09773544
69.76812607 27.31610712 13.91588089 0.24890512 0.06330462 1.56485096 0.40014522
97.70679760 24.18993002 18.83592540 0.25977500 0.06303806 0.54456383 0.46331476
71.30188032 24.61020246 13.73351727 0.27345961 0.06011614 1.45469180 0.49653687
97.70804845 24.74447808 17.14284330 0.27790861 0.05549597 0.66070610 0.35438068
75.37239797 27.02533736 13.78900005 0.25297210 0.05298211 1.54359587 0.40347709
103.92898671 18.85555392 17.90551244 0.22346385 0.06061894 1.84594196 0.46825098
37.66400330 4.52768081 2.48720037 0.04471841 0.11624001 0.44160008 0.44160008
94.35080332 23.65606763 17.58733499 0.26088505 0.05681426 0.98470043 0.55070084
69.25807747 32.00366677 15.29587272 0.16619724 0.06622740 1.56795662 1.03163330
71.13876474 32.17723930 14.98401708 0.17374692 0.07070478 1.44842777 1.03758652
83.56065056 28.03210204 13.70673380 0.24721037 0.06340403 1.49386515 0.41211083
91.74280033 18.26375345 18.81333724 0.19462614 0.06060745 1.46658983 0.12569579
69.79446445 26.33445395 14.52680584 0.27510836 0.06163037 1.45878345 0.40509645
83.21855208 26.50893389 17.56581007 0.29517753 0.06383424 0.61511518 0.29115092
86.65366734 22.95289099 17.92703953 0.26457341 0.06061879 0.81033459 0.49374510
69.17268658 27.01932764 14.07057646 0.24168122 0.05520983 1.64903021 0.17567059
45.04198300 6.33528584 3.31722309 0.06297891 0.14390744 0.62604958 0.62604958
85.00711387 25.95614636 17.83549875 0.30200275 0.07045416 0.63591645 0.38299407
88.68619961 21.93702577 18.21162885 0.29601328 0.05097504 0.77398296 0.43831782
71.44340538 26.84282610 14.32957652 0.25906051 0.06287283 1.50433344 0.41505371
56.75549409 9.20509605 4.63499308 0.09196985 0.18783310 0.91888735 0.91888735
69.39033346 31.56186128 15.14447551 0.16535124 0.05810453 1.46976423 1.09623422
59.52473014 31.84664447 15.00118016 0.14307413 0.05519155 1.89229489 1.15177508
70.73077411 25.50037551 14.21958654 0.27596315 0.06916184 1.46739778 0.43361343
37.18374283 4.41001699 2.43317107 0.04352976 0.11443904 0.42959357 0.42959357
52.48768859 8.15948370 4.15486497 0.08140703 0.17182883 0.81219221 0.81219221
21.74611908 0.62779918 0.69643840 0.00532164 0.05654795 0.04365298 0.04365298
83.90151643 27.81622221 13.42383635 0.24014142 0.06648775 1.54392376 0.35005908
96.42107649 20.11671862 18.11795478 0.19285620 0.05265726 1.46161165 0.24752984
96.04251920 24.49587888 17.46030630 0.26828408 0.05504366 0.82289517 0.39114748
75.33062074 30.97352413 14.87758922 0.19370573 0.06177371 1.49763874 1.19742563
48.22512544 7.11515573 3.67532661 0.07085719 0.15584422 0.70562814 0.70562814
37.44768389 4.47468255 2.46286444 0.04418302 0.11542881 0.43619210 0.43619210
88.27865428 27.02670721 13.66082172 0.24368485 0.06638576 1.55067406 0.18674420
45.72667473 6.50303531 3.39425091 0.06467352 0.14647503 0.64316687 0.64316687
67.40007274 32.06141466 15.10078865 0.16417416 0.05683854 1.61847819 1.06563760
105.26124358 19.77898058 18.46351732 0.21620331 0.05010696 1.74031895 0.28466057
45.43667267 6.43198480 3.36162568 0.06395576 0.14538752 0.63591682 0.63591682
101.12715512 19.41385786 17.86721222 0.20796452 0.05002131 1.96293981 0.44490571
23.97541207 1.17397596 0.94723386 0.01083914 0.06490780 0.09938530 0.09938530
68.66339280 32.04666312 14.96243560 0.16997230 0.07440550 1.51494024 1.04044320
62.12349027 32.32732187 13.99813243 0.15914630 0.05444724 1.91618995 0.94314766
87.88509563 21.91244414 17.87336451 0.30152951 0.05021585 0.71234230 0.54761453
29.37384601 2.49659227 1.55455768 0.02420027 0.08515192 0.23434615 0.23434615
87.70265417 25.96865950 18.06968348 0.30272144 0.06023610 0.47789349 0.48936029
37.62169626 4.51731558 2.48244083 0.04461370 0.11608136 0.44054241 0.44054241
28.72970743 2.33877832 1.48209209 0.02260603 0.08273640 0.21824269 0.21824269
99.00930465 19.26042197 18.34393719 0.21594176 0.05223084 1.71976998 0.22214288
101.82106313 19.75149700 18.45828360 0.21533601 0.06054413 1.67274781 0.19594325
58.61402338 30.45039609 15.46675611 0.16180110 0.05507540 1.65319234 0.86003418
112.93363978 14.99533146 18.10594038 0.20600142 0.07004828 1.57724268 0.13210861
101.24098289 19.32548471 17.22250521 0.22475929 0.05747395 1.94627866 0.57309482
36.14320317 4.15508478 2.31611036 0.04095443 0.11053701 0.40358008 0.40358008
59.78032448 30.52891553 14.44819258 0.14692113 0.05011450 1.86124388 1.00611228
102.17396797 19.22290641 17.76955388 0.21349869 0.06546736 1.90439899 0.53220923
87.78779568 25.72018393 18.02808033 0.30407375 0.05140863 0.61933641 0.36587681
101.69062275 19.37154433 17.95744227 0.21930930 0.05171957 1.91746151 0.47154609
59.83607388 31.46287869 14.29885816 0.15889497 0.05051092 2.06778658 0.99326839
49.74319010 7.48708158 3.84610889 0.07461440 0.16153696 0.74357975 0.74357975
84.77461055 24.17603233 17.25563409 0.29615000 0.05067992 0.77769118 0.48318383
89.62490747 24.52338342 17.21822202 0.28193247 0.05589423 1.08956062 0.58027583
82.05745855 27.73679417 13.63661978 0.25975463 0.05040696 1.41966436 0.53036248
71.17689772 31.30451677 14.72267933 0.16575780 0.06077100 1.46363651 1.01432291
63.98401439 31.05623975 14.91109089 0.16224919 0.05297126 1.53774699 1.08922398
65.89891784 29.29496176 14.55728606 0.15640538 0.05355848 1.64519827 1.00610175
49.44502080 7.41403009 3.81256484 0.07387643 0.16041883 0.73612552 0.73612552
58.90532977 31.94316046 14.68367063 0.17767420 0.05100633 1.71773213 1.08743014
97.02908090 18.68958970 18.25272330 0.19382524 0.05521496 1.50432549 0.09346178
82.89147413 27.98036183 13.65879743 0.25124601 0.06443428 1.49864974 0.36359477
100.57958942 19.44014730 18.48313875 0.21436431 0.05812956 2.10049120 0.21196337
29.38506501 2.49934093 1.55581981 0.02422804 0.08519399 0.23462663 0.23462663
42.82693074 5.79259803 3.06802971 0.05749665 0.13560099 0.57067327 0.57067327
46.32631625 6.64994748 3.46171058 0.06615763 0.14872369 0.65815791 0.65815791
59.87796934 9.97010249 4.98627155 0.09969797 0.19954239 0.99694923 0.99694923
106.75961609 18.78809582 18.02884701 0.21004012 0.05956937 1.95798462 0.53414500
82.04022117 28.19128997 13.22845423 0.24031215 0.05471185 1.47702892 0.33784556
26.24384517 1.72974207 1.20243258 0.01645352 0.07341442 0.15609613 0.15609613
85.68902638 26.42707637 18.23086924 0.29275175 0.05334714 0.55120605 0.44169039
70.54477778 26.24896700 14.41182572 0.26293305 0.05320595 1.46519437 0.37070908
77.90885890 29.49033501 13.70876609 0.24895599 0.06610667 1.61168311 0.60673762
29.80385443 2.60194433 1.60293362 0.02526454 0.08676445 0.24509636 0.24509636
65.30387899 31.03383569 14.62014975 0.13860909 0.05096267 1.86691877 1.11717532
67.08066944 26.08570631 14.04020163 0.26969689 0.08092988 1.55477366 0.38653980
87.16937377 25.57780749 17.63856498 0.28200385 0.06336297 0.67448197 0.49245422
97.10629335 24.35358043 18.80852052 0.25068345 0.06584610 0.81890361 0.36904908
39.09071705 4.87722568 2.64770567 0.04824952 0.12159019 0.47726793 0.47726793
85.31094585 24.04015065 17.71641258 0.30085750 0.05428120 0.46164457 0.28327424
100.78153123 19.64199583 18.10478718 0.22070474 0.06294534 1.91932480 0.57051070
46.85318854 6.77903119 3.52098371 0.06746164 0.15069946 0.67132971 0.67132971
103.85658377 19.44720819 17.62561943 0.21650018 0.06621949 1.91196571 0.48392780
54.08718896 8.55136130 4.33480876 0.08536579 0.17782696 0.85217972 0.85217972
65.68180187 30.59632378 14.43304823 0.16131914 0.05179669 1.66040398 1.00696300
96.82920834 19.03854228 19.13639011 0.19724376 0.06891781 1.47072895 0.13482384
105.32085272 19.89659773 18.09983383 0.22885817 0.06634874 1.92949751 0.44981540
109.95503937 15.06537259 18.21222178 0.19811918 0.06373736 1.58182856 0.18527236
29.21815355 2.45844762 1.53704227 0.02381493 0.08456808 0.23045384 0.23045384
63.96220269 31.54621005 15.26058963 0.16720871 0.05254785 1.64515211 0.92122064
81.75981784 28.08557417 13.67410462 0.26088872 0.05537605 1.38501728 0.56126957
