84.46470828 22.13760894 16.97839300 0.28401963 0.05637411 1.01199399 0.42308220
118.13262274 19.36764969 18.98643712 0.21061859 0.05439756 1.43799251 0.10087584
43.60164488 5.98240299 3.15518505 0.05941407 0.13850617 0.59004112 0.59004112
75.94095781 23.93278563 17.48100919 0.21282368 0.05424124 0.59145287 0.67833699
118.33917262 15.94995015 18.09568237 0.19167932 0.06678450 1.09266946 0.08179861
69.18292290 33.55573468 13.28950047 0.16285851 0.05600421 1.85759542 1.35020659
80.96771189 25.46539520 13.65491840 0.25184335 0.05082152 1.30928257 0.42180708
90.70343055 22.02311986 15.39639701 0.28157296 0.06074022 0.93658985 0.36740247
60.73726771 31.58930001 13.17912162 0.14137560 0.06288941 1.58511389 1.24444316
71.82449429 26.24476070 14.17663348 0.22963552 0.06713509 1.31606293 0.17621770
61.16842435 32.45238437 14.16397332 0.16352342 0.05484103 1.72232206 1.24114624
86.04321146 21.77078704 15.76770478 0.27578858 0.05623262 0.76833781 0.35120106
33.93206848 3.61335678 2.06735770 0.03548187 0.10224526 0.34830171 0.34830171
102.32513503 22.73226383 16.84465441 0.27122889 0.06332017 0.75241005 0.52847499
41.07344520 5.36299407 2.87076259 0.05315678 0.12902542 0.52683613 0.52683613
86.36609352 21.79437614 16.84811078 0.28063097 0.05061302 0.97116643 0.35942501
117.34800006 19.91719468 18.38256841 0.20964479 0.06900734 1.31330149 0.06879891
44.37344163 6.17149320 3.24201218 0.06132427 0.14140041 0.60933604 0.60933604
90.68104620 22.81635091 16.65116438 0.25297540 0.05454491 0.80426254 0.34320994
110.65606419 16.84584775 17.59535518 0.22465478 0.05822343 1.80489004 0.23148682
78.23620841 25.79796045 12.99750415 0.25356494 0.05206244 1.33452015 0.41586620
64.38690992 33.48125794 13.72664958 0.16297772 0.06076806 1.84349743 1.35700852
104.32888742 17.40916345 17.67341170 0.19773600 0.05010047 1.46354979 0.06294169
100.09300112 21.54465581 17.35645138 0.24817954 0.06520140 0.94629598 0.65926165
86.02650520 21.40706381 15.81400024 0.27276858 0.05933492 0.90862145 0.28269162
72.15699927 26.49157751 14.09304355 0.23602585 0.06302328 1.27368312 0.57934882
50.68928510 7.71887485 3.95254457 0.07695598 0.16508482 0.76723213 0.76723213
82.71369710 26.00635863 13.35165126 0.24094152 0.05221847 1.55750372 0.33110977
36.89455025 4.33916481 2.40063690 0.04281401 0.11335456 0.42236376 0.42236376
74.98403300 27.43781124 14.30160092 0.23337837 0.05837154 1.29531392 0.18364568
104.22435841 16.69808818 18.14412804 0.18844387 0.05375044 1.59221981 0.10008005
88.12892154 23.02120260 16.78860523 0.26451835 0.05658686 0.79414479 0.38708895
30.46900389 2.76490595 1.67776294 0.02691078 0.08925876 0.26172510 0.26172510
75.71022282 25.61582325 14.22350899 0.24146026 0.07297451 1.40105504 0.20715020
76.25302703 23.79262518 17.73826998 0.20871928 0.06515931 0.50486567 0.72131128
126.47987932 18.07702499 18.84242669 0.21902872 0.06461925 1.40295815 0.13071440
70.92570577 25.97750042 14.29026073 0.24808786 0.06034527 1.18129886 0.43578490
114.03346203 18.96317953 18.03149054 0.21269111 0.06345650 1.35739765 0.14753338
108.00512038 17.46084171 17.26066414 0.19078613 0.05994839 1.53805864 0.14711893
114.05452708 19.08513784 19.44593116 0.19444807 0.06860771 1.53959646 0.12784639
80.44237731 27.23723640 13.77704875 0.23252437 0.05026072 1.47440120 0.29712054
42.53101020 5.72009750 3.03473865 0.05676425 0.13449129 0.56327525 0.56327525
89.04153039 21.49107110 16.25228968 0.27956634 0.05477011 1.07145188 0.39160482
110.66337060 20.55165003 19.38084759 0.20287530 0.05170905 1.33992902 0.22187669
91.07364357 21.21253216 15.58980746 0.27896520 0.05612799 1.01320207 0.37103945
123.50578415 17.88420366 19.24543861 0.21065138 0.06483481 1.41691122 0.11964306
123.91520091 17.56713889 18.97656299 0.21569670 0.06923533 1.38135873 0.08699383
61.51641891 31.67744090 14.25742975 0.15851949 0.05640016 1.71962210 1.25462165
96.77769557 16.80041572 17.86784130 0.18067193 0.05168193 1.53263386 0.18141739
104.18227504 16.39666720 17.90653378 0.20795220 0.05372325 1.64102919 0.26827156
114.97760601 17.29441444 18.64900908 0.22592943 0.05371571 1.52730802 0.24382323
120.92666093 18.78667257 18.90638420 0.20980485 0.07260489 1.34418544 0.09551638
41.75695018 5.53045279 2.94765690 0.05484845 0.13158856 0.54392375 0.54392375
115.83927654 18.37959602 18.76160091 0.23172022 0.05143351 1.50673975 0.23839736
108.67871725 19.28220031 17.28660826 0.25204066 0.05327438 0.97188775 0.40316431
114.08726412 18.69546298 18.46027652 0.20372357 0.05408278 1.27379885 0.14794834
57.14401126 9.30028276 4.67870127 0.09293143 0.18929004 0.92860028 0.92860028
22.76768826 0.87808362 0.81136493 0.00785003 0.06037883 0.06919221 0.06919221
51.03996402 7.80479118 3.99199595 0.07782391 0.16639987 0.77599910 0.77599910
113.16245617 17.53505044 17.63155456 0.23016429 0.05634097 1.21835864 0.10971147
86.37339622 21.05889054 15.60641168 0.27027854 0.05722645 1.00521822 0.28062731
112.00993946 17.37149948 17.56282995 0.22064986 0.05562458 1.21560334 0.10635756
44.58655495 6.22370596 3.26598743 0.06185172 0.14219958 0.61466387 0.61466387
71.50744303 26.14828263 14.83326720 0.22763681 0.06045038 1.48009682 0.16292421
117.24919056 17.62731816 18.57060894 0.22387708 0.05910045 1.57611203 0.17888485
67.84079213 34.44537429 12.63666374 0.14311659 0.05011254 1.96403087 1.31167390
22.87728481 0.90493478 0.82369454 0.00812128 0.06078982 0.07193212 0.07193212
77.36448919 24.92532374 16.41116433 0.20504951 0.05044601 0.53870366 0.58307432
81.01767732 25.57817388 14.05163474 0.23985699 0.06463567 1.50173823 0.30906297
48.16271183 7.09986440 3.66830508 0.07070271 0.15561017 0.70406780 0.70406780
63.59290781 31.43743655 14.00246345 0.16694772 0.07271866 1.75148265 1.34323641
64.73423982 31.07511379 13.88282559 0.17142342 0.06550509 1.61791051 1.27067011
64.88084060 32.35293837 14.17371122 0.15355285 0.05230740 1.76973474 1.16511945
79.56471422 26.50553555 13.40795617 0.25528147 0.05210120 1.34824140 0.47863321
49.09583962 7.32848071 3.77328196 0.07301220 0.15910940 0.72739599 0.72739599
99.71431885 22.53898012 17.69883149 0.26919644 0.06711806 0.66029882 0.80058383
72.40282039 26.36548877 14.26013187 0.23976202 0.05804020 1.15613177 0.36030125
94.79161548 21.57467251 16.72714247 0.28968079 0.05239692 0.72644794 0.42242718
87.75993229 21.87666658 16.38490240 0.28849463 0.05471377 1.10232391 0.44854622
76.08357509 25.96086496 13.56821861 0.25368730 0.06058837 1.31352782 0.38554493
111.55264245 17.07946770 17.74736562 0.22199882 0.05703222 1.71432828 0.23222745
68.10515684 25.28650577 14.60869961 0.21499513 0.05880027 1.09145295 0.38560961
113.83760763 17.21911318 17.50733030 0.22141301 0.05268925 1.72219644 0.22652744
83.30037639 25.77759360 13.55852919 0.24649041 0.06046411 1.65923563 0.32254188
26.30149303 1.74386579 1.20891797 0.01659620 0.07363060 0.15753733 0.15753733
24.10794496 1.20644652 0.96214381 0.01116716 0.06540479 0.10269862 0.10269862
41.71403478 5.51993852 2.94282891 0.05474224 0.13142763 0.54285087 0.54285087
64.54926016 32.51013290 13.64081131 0.15778318 0.06055467 1.77111756 1.41513943
46.78168026 6.76151166 3.51293903 0.06728466 0.15043130 0.66954201 0.66954201
104.18185848 16.42213395 17.91129506 0.19016308 0.07568390 1.48985184 0.12198663
112.38054113 19.97535002 19.36085386 0.19789821 0.05262366 1.58874159 0.21120121
78.26834657 25.00573761 16.80233934 0.20368640 0.05456381 0.56046758 0.51072009
33.95643834 3.61932739 2.07009931 0.03554218 0.10233664 0.34891096 0.34891096
22.48685741 0.80928007 0.77977146 0.00715497 0.05932572 0.06217144 0.06217144
67.96102925 29.75166908 13.38147760 0.16314597 0.06163400 1.70410148 1.45111616
106.55584928 17.26942827 17.36304211 0.19144147 0.05856765 1.50442521 0.09748726
109.82897070 19.02533625 17.12197654 0.25202145 0.05717870 0.94675196 0.39137325
48.34648810 7.14488958 3.68897991 0.07115756 0.15629933 0.70866220 0.70866220
83.53496851 26.38662825 13.79177813 0.25397782 0.05802247 1.45403755 0.43742020
52.43004847 8.14536188 4.14838045 0.08126437 0.17161268 0.81075121 0.81075121
78.91987861 25.97771332 13.45591145 0.24684372 0.05628688 1.31541532 0.47080249
109.76102083 19.75147109 19.43748605 0.19951754 0.05589147 1.56233263 0.19549035
91.21405742 23.13193755 17.28842562 0.29142929 0.07471415 0.78024681 0.39715070
98.97480877 23.34247573 17.44320970 0.26378280 0.05612656 0.80658861 0.45721276
90.79902579 22.97423050 17.30306489 0.28909109 0.05417103 0.74507884 0.41145100
37.07818762 4.38415597 2.42129611 0.04326851 0.11404320 0.42695469 0.42695469
100.15803424 23.55348293 16.48279310 0.25398064 0.06297673 0.73720660 0.46752338
29.65936020 2.56654325 1.58667802 0.02490692 0.08622260 0.24148400 0.24148400
110.39151368 16.60714382 17.78071368 0.19357485 0.05566383 1.64438215 0.18453602
91.80989757 23.47809498 17.03592070 0.28903256 0.06481963 0.93556208 0.38464650
100.75426799 15.93359572 17.74393517 0.18817558 0.05416813 1.57904465 0.11120912
81.29369974 24.56018354 17.25564801 0.20638392 0.05217682 0.61264313 0.46149858
111.84217352 16.92139935 18.01418965 0.22348573 0.05410727 1.28607028 0.13914838
65.94580721 35.25202412 13.61744297 0.14664773 0.06306409 1.25712062 1.33214533
113.76544802 18.71703457 18.27429401 0.22647330 0.05037757 1.51809898 0.27133835
71.31783677 26.21893211 13.96705603 0.24469922 0.06686236 1.31167596 0.25163531
113.71696484 16.35855940 18.06685560 0.22393837 0.06012722 1.19777763 0.15484917
83.16611241 22.02577711 16.12607715 0.27400764 0.05388433 0.89646546 0.44985928
84.32265852 21.48831361 15.88668752 0.28812286 0.05412636 1.07929715 0.44760569
21.47624727 0.56168058 0.66607782 0.00465371 0.05553593 0.03690618 0.03690618
68.10255992 32.84870413 13.62353824 0.15626640 0.07555242 1.81524266 1.28760044
90.70191702 22.14640791 16.78918480 0.28050626 0.05859200 0.81505978 0.46264642
49.14225652 7.33985285 3.77850386 0.07312708 0.15928346 0.72855641 0.72855641
95.84773901 21.69804505 16.30689500 0.28326953 0.05730044 0.85092774 0.46943586
110.09810624 17.01259530 17.61181731 0.20754288 0.05673153 1.49325944 0.24009658
42.97023761 5.82770821 3.08415173 0.05785134 0.13613839 0.57425594 0.57425594
83.33040196 21.71614520 16.17821880 0.28043226 0.05428005 1.03835135 0.46022287
119.00300106 19.27279836 18.18858413 0.22581296 0.05723048 1.29763288 0.03383071
