106.00548906 13.26503512 9.60055119 0.15243544 0.05365245 0.37007950 0.56469280
71.24001987 21.88966461 9.73086510 0.03916220 0.06581169 1.11400420 1.16808876
78.54598680 21.90006262 10.11833737 0.09331964 0.05419688 1.50550312 0.86247419
102.33658201 13.76856725 10.64855349 0.16404560 0.06179409 0.47263776 0.65821366
92.71460268 16.41425716 8.54425697 0.15258994 0.05667470 1.50579155 1.15185515
106.59396880 12.59762835 9.54508340 0.14958733 0.05306791 0.33544167 0.50928810
88.94649305 16.77075642 8.19111493 0.16170591 0.06507363 1.41003366 0.85668562
100.91199767 11.35318527 9.82436371 0.16977555 0.06988154 0.86677446 0.57797424
90.07963772 15.47887406 8.88502917 0.15925733 0.06081189 1.29868547 0.84818181
89.92358000 15.54295558 8.49943837 0.12483240 0.05881593 1.48613381 0.93459873
81.25498060 16.81775069 8.74174145 0.14585796 0.06117433 1.38924863 0.88455569
107.94456550 14.73805797 9.64008488 0.16893034 0.06734989 0.73304468 0.56126373
70.35729283 22.51739588 9.73248592 0.04439533 0.05808722 1.24669318 1.13330703
102.04415478 10.22710249 10.14669189 0.17335285 0.05839884 0.79007426 0.64961733
67.64854592 22.46018760 9.63182497 0.03956846 0.05999343 1.23066089 1.13422020
75.46588936 18.60197213 10.55318445 0.09141150 0.06198376 1.62643187 0.95814490
95.94770099 11.16133044 9.14426293 0.18019467 0.05512974 0.83050446 0.73061381
80.72783940 23.88639800 9.12659065 0.05530499 0.06421707 1.10383351 1.01486789
110.79908576 10.18609050 8.95568632 0.17785714 0.05705185 0.66806443 0.80171594
92.59062960 16.11080185 8.40671621 0.16234787 0.05262909 1.79245394 1.05641376
73.76530881 23.09849167 9.49061701 0.05612472 0.05931676 1.13639444 0.88096290
91.23332588 15.78716162 9.17917795 0.16296061 0.06310202 1.33967557 0.88180758
70.76092914 20.81018995 10.72763614 0.05606898 0.05085465 1.52275157 1.02843590
75.37626833 20.47464152 10.34845161 0.09831512 0.06493247 1.46706235 1.28871053
73.64486173 23.29379094 9.87489870 0.05869329 0.06061286 1.24767428 0.85000076
83.63655624 17.37722552 8.70234905 0.13857376 0.06141411 1.45720288 0.82253495
91.75723061 17.01615640 8.13037790 0.14718447 0.05222078 1.81079456 1.00702129
78.32758652 20.85713602 9.66419990 0.07807338 0.05918838 1.27355394 0.98448701
76.23680688 22.90453238 9.73925684 0.04562086 0.06334634 1.34254067 1.03912765
88.82071417 17.46687473 8.68671547 0.13839623 0.05192180 1.67701274 1.03603167
72.71074288 20.31795508 10.96753712 0.05204383 0.06571826 1.46857584 1.03629376
105.57274935 13.66648303 9.10238058 0.16392383 0.06007741 0.44527558 0.70769505
82.98968955 16.58623377 8.92449173 0.13583261 0.05036732 1.32871588 0.83188435
74.22040454 20.59044983 10.51331757 0.08632846 0.06177467 1.65912594 0.97861751
68.79096272 20.40577915 9.92692374 0.10809871 0.06410845 1.29075798 0.74357876
30.79347125 2.84440046 1.71426552 0.02771384 0.09047552 0.26983678 0.26983678
57.71887649 9.44112474 4.74337361 0.09435422 0.19144579 0.94297191 0.94297191
77.07046727 24.54360758 10.12973493 0.05081799 0.06185214 1.16431100 0.88435248
69.47016006 22.47956087 9.58997061 0.03377519 0.06105331 1.22695931 1.15808337
90.74304642 17.40877464 8.42151946 0.12597601 0.07428785 1.34232424 0.88386742
86.48451157 22.06414375 9.30698755 0.08263725 0.06801300 1.71891196 0.91790443
72.80932199 18.75599313 10.66531412 0.08919264 0.05489587 1.80535336 0.90264968
80.76895112 24.45399264 9.33383260 0.04175031 0.05642510 1.21627273 0.85142346
64.99903634 20.62676940 10.95869657 0.04550938 0.06325144 1.34330984 1.02584919
97.13699232 12.31412175 9.11795247 0.16827092 0.05076968 0.84380170 0.71338430
110.82409615 12.96794818 10.15512082 0.16141943 0.05138063 0.35921411 0.53659617
80.09805853 17.32786154 9.09316207 0.13804996 0.05080014 1.38635414 0.94746522
74.42182930 22.61504717 9.48365299 0.09865846 0.06377164 1.55164142 0.93628997
100.87236761 13.86613613 9.43731170 0.16076211 0.05839958 0.50595584 0.68621486
56.53408718 9.15085136 4.61008481 0.09142187 0.18700283 0.91335218 0.91335218
103.03737925 14.03143523 9.68368936 0.14312534 0.05572516 0.22987607 0.59871683
103.46562070 13.97972058 9.32222858 0.16101134 0.06386570 0.35484734 0.66089135
96.76915233 12.17045287 9.28035020 0.17708381 0.06011198 0.81611430 0.65073755
23.00618583 0.93651553 0.83819591 0.00844031 0.06127320 0.07515465 0.07515465
99.71446208 13.18195763 9.13525054 0.17793468 0.06777930 0.82071454 0.76869883
27.89090718 2.13327226 1.38772706 0.02053000 0.07959090 0.19727268 0.19727268
108.35279547 13.50093418 9.33147095 0.15345833 0.06046516 0.26938746 0.55877156
100.20992710 16.48853514 8.97928809 0.14710482 0.05928671 1.59454872 1.06927463
85.11289631 16.57326096 9.12789061 0.13668409 0.05144321 1.39787289 0.89536346
47.27958559 6.88349847 3.56895338 0.06851697 0.15229845 0.68198964 0.68198964
85.63708651 21.99037605 9.50682336 0.08952539 0.05772296 1.48686616 0.93757480
105.13343957 13.83788418 9.88263794 0.14539415 0.06534386 0.27855209 0.54057895
93.66355333 16.37653089 8.96106564 0.16167310 0.05578966 1.34450128 0.82984152
71.13101953 21.25392626 9.51632917 0.04735276 0.05860922 1.19652946 1.09580884
103.96145428 13.53143140 9.39309491 0.16518227 0.07503504 0.53041848 0.76281585
27.88464796 2.13173875 1.38702290 0.02051450 0.07956743 0.19711620 0.19711620
101.29573573 15.21207556 9.12094708 0.14865019 0.07002023 1.58952673 1.02584839
31.51121356 3.02024732 1.79501153 0.02949025 0.09316705 0.28778034 0.28778034
114.76455818 10.57761105 9.08442305 0.16386507 0.05227173 0.74651621 0.78867251
91.85910570 17.73714213 8.96083333 0.14883827 0.05968250 1.61023258 0.91184418
99.07954845 10.89683955 9.94408182 0.16205875 0.05325832 0.80222049 0.59240928
49.62523407 7.45818235 3.83283883 0.07432245 0.16109463 0.74063085 0.74063085
96.36775768 15.52133683 9.18443549 0.17176720 0.07540766 1.27590961 0.80138169
97.04377758 16.86256305 8.69341945 0.17670316 0.05541361 1.16853964 0.90641552
105.16714564 14.10876854 10.34658851 0.14865605 0.05598050 0.43171238 0.66808038
102.96998345 13.59075485 10.31306718 0.16004163 0.06165971 0.48107737 0.62642506
75.69974122 23.58158555 9.52627498 0.03428379 0.06612249 1.18692359 1.08664109
57.52499019 9.39362260 4.72156140 0.09387435 0.19071871 0.93812475 0.93812475
104.69403546 12.88413623 9.54620279 0.14534005 0.05202164 0.20186209 0.55028303
42.39682627 5.68722244 3.01964295 0.05643215 0.13398810 0.55992066 0.55992066
97.16848462 14.71800639 9.33807661 0.16947139 0.05994505 1.46357814 0.85861067
104.80905025 12.55125249 9.25630423 0.16409282 0.05793641 0.33325455 0.60800472
112.58388292 11.48779972 8.76192417 0.17458179 0.05836057 0.72427220 0.72957981
26.69712164 1.84079480 1.25342618 0.01757538 0.07511421 0.16742804 0.16742804
78.83662256 19.41920537 10.50562034 0.10793029 0.06112653 1.56870873 1.21718155
96.69409554 14.93827717 9.62661359 0.16310670 0.06497830 1.30127457 0.71282529
84.28409117 16.88450594 9.01635311 0.13785212 0.06349273 1.51088298 0.86169959
69.91447368 20.59671344 10.09946202 0.11597576 0.05267650 1.29699034 0.77435979
78.72650127 19.86411384 9.89951794 0.10718969 0.06078033 1.69325044 1.20616507
71.73364951 25.17224873 9.43946232 0.05347569 0.06437726 1.21359546 0.89453084
70.86228875 20.60934560 11.34291314 0.05933842 0.05688791 1.53674045 1.05403925
46.88300140 6.78633534 3.52433766 0.06753543 0.15081126 0.67207503 0.67207503
87.64209396 17.30815795 8.33260150 0.15206061 0.05261933 1.76225368 1.04745851
83.71274828 16.79650363 9.25751117 0.14213123 0.06012615 1.43635156 0.89886743
36.11914140 4.14918964 2.31340341 0.04089487 0.11044678 0.40297853 0.40297853
41.57328657 5.48545521 2.92699474 0.05439388 0.13089982 0.53933216 0.53933216
92.34267450 15.55874679 8.83337129 0.16280731 0.07170205 1.33064812 0.81915269
94.31387870 14.44629843 8.99308457 0.16878528 0.05087097 1.21862760 0.85411058
78.96747445 22.64565481 10.20302839 0.10875680 0.05462156 1.61997096 0.82627640
77.99839756 20.21427306 10.75649635 0.10096107 0.05593791 1.52667104 1.19505049
89.71564618 17.20983864 8.58730709 0.12110360 0.05180730 1.44438270 1.03179202
71.89123491 18.87286984 10.94034026 0.08657790 0.05102156 1.68193447 1.03440535
45.42514951 6.42916163 3.36032932 0.06392725 0.14534431 0.63562874 0.63562874
75.23576937 20.61807153 10.57250446 0.08744904 0.05243677 1.73832702 1.12244544
92.43965027 17.63215376 8.46568137 0.14147537 0.05089546 1.76001349 0.90688098
58.79157572 9.70393605 4.86405227 0.09700915 0.19546841 0.96978939 0.96978939
111.96358347 16.03394521 10.01830074 0.16515615 0.05092706 0.55448066 0.49331626
81.41780258 22.63187575 9.47528161 0.09050579 0.05241374 1.65630987 0.88598548
22.58907216 0.83432268 0.79127062 0.00740795 0.05970902 0.06472680 0.06472680
76.16951950 23.17848705 9.77993859 0.03422427 0.06559805 1.29151461 1.05982884
76.94304892 22.67291504 9.99263400 0.09517930 0.06812789 1.59380733 0.81977110
69.49487412 20.92955431 9.66660110 0.10262052 0.05662235 1.34826481 0.79683651
81.06631800 22.16833162 9.51939550 0.08768948 0.05605543 1.46241202 0.89179458
80.74064413 20.06196593 9.51353504 0.09668056 0.07121480 1.37417258 1.05992858
101.36550320 11.87645575 9.11317278 0.16374148 0.05860678 0.74343591 0.68329272
58.53771384 9.64173989 4.83549281 0.09638084 0.19451643 0.96344285 0.96344285
104.72956837 13.13860498 9.48456282 0.15736001 0.06598046 0.41473204 0.59709386
51.23522105 7.85262916 4.01396237 0.07830717 0.16713208 0.78088053 0.78088053
112.08298212 10.69894788 8.43860805 0.17430568 0.06102105 0.71156578 0.72448279
108.73089110 13.37454279 9.21390863 0.15856866 0.06063067 0.28223176 0.58790690
68.41886136 22.67387191 9.65868049 0.03102214 0.06667579 1.20344785 1.09092542
96.32306327 12.24048334 9.34182999 0.16940251 0.05229851 0.82767245 0.70524676
68.12917317 23.24540153 9.90728922 0.04527660 0.06167115 1.20700370 0.98113868
74.16184829 22.22443460 9.43944847 0.04157748 0.06866111 1.14356648 0.88766201
95.67286829 16.64772013 8.47601184 0.12549376 0.06401748 1.29797190 0.80461545
68.91053036 20.45648210 10.88710181 0.05779177 0.06873645 1.61717243 0.97247995
97.70814184 15.72616713 8.90723279 0.16147112 0.06025326 1.29268099 0.86657025
80.17726490 24.42184234 9.62048275 0.05203333 0.05573939 1.13921284 0.83115092
