92.24708093 22.78272257 12.84350508 0.19123926 0.06557164 1.15280057 0.45964047
81.36064419 21.52610350 12.46237128 0.19033856 0.05248120 1.53713453 0.61200886
45.98004300 6.56511053 3.42275484 0.06530061 0.14742516 0.64950107 0.64950107
128.58785795 14.53853346 16.05513238 0.17597043 0.05185492 0.39145889 0.29652440
93.83186264 25.46326088 13.69054026 0.13273932 0.06182417 1.32294019 1.26394271
27.00120443 1.91529508 1.28763550 0.01832798 0.07625452 0.17503011 0.17503011
93.87895778 25.69191640 13.75344492 0.13427296 0.05638061 1.41550919 1.36894145
128.76548010 14.01892748 15.77751153 0.17709195 0.05541300 0.33240363 0.28317436
31.22880939 2.95105830 1.76324106 0.02879130 0.09210804 0.28072023 0.28072023
114.63238644 16.98061391 17.10389409 0.16470238 0.06836004 0.83747554 0.21118838
88.12177335 27.34687607 14.56958381 0.12945507 0.05163316 1.29238993 1.49550353
38.00574864 4.61140842 2.52564672 0.04556423 0.11752156 0.45014372 0.45014372
66.54871298 29.78132767 13.16990603 0.09988362 0.05105785 1.59057001 1.14217589
114.02581857 14.11194307 17.18007478 0.18219884 0.05320044 0.49620732 0.51669377
89.91134403 21.83059449 13.15311584 0.17751377 0.05528139 1.07274979 0.47813510
116.55841110 13.39820198 15.68449698 0.17084103 0.06058610 1.24056636 0.12588625
70.15601803 28.43206909 13.11373440 0.10383442 0.05987612 1.59735678 1.30883226
67.26378105 28.59406975 13.07444662 0.09904528 0.06495323 1.66677994 1.21568687
71.77872583 28.72879868 12.79760503 0.10190449 0.05225116 1.60874320 1.24326221
71.96958214 28.97685084 12.88341629 0.10453434 0.05766109 1.55929113 1.24367676
117.73106852 13.51018167 16.17597359 0.15846662 0.05509672 1.00785597 0.09543365
93.99389651 19.74401591 14.57695943 0.22178886 0.05843010 0.67339137 1.01330939
127.64494684 15.77893314 16.25660935 0.16266811 0.05320802 1.14157492 0.29465824
94.80561836 19.57051942 14.10442006 0.22709452 0.05516128 0.73603191 1.06713029
125.16369628 14.44765040 16.42182522 0.16188757 0.06265309 1.09910906 0.20950443
59.79108464 9.94881574 4.97649702 0.09948293 0.19921657 0.99477712 0.99477712
29.89438832 2.62412514 1.61311869 0.02548861 0.08710396 0.24735971 0.24735971
20.14632664 0.23585003 0.51646175 0.00136216 0.05054872 0.00365817 0.00365817
39.71221269 5.02949211 2.71762393 0.04978773 0.12392080 0.49280532 0.49280532
94.54695576 25.81469411 13.91460726 0.13103710 0.06382278 1.17089160 1.24556819
118.58632710 14.71722687 16.92575803 0.19811594 0.05392115 0.46451357 0.52842566
21.24508059 0.50504474 0.64007157 0.00408157 0.05466905 0.03112701 0.03112701
70.90022557 29.12930164 13.32817422 0.10550253 0.07466140 1.53970720 1.12565898
94.10208837 19.69088890 14.58656892 0.22185735 0.05270461 0.71237304 0.89814733
116.56147955 13.12394385 16.14972306 0.15363762 0.05983359 1.08237323 0.05183444
113.03733331 14.54137102 17.44637956 0.17645217 0.05286088 0.46616371 0.50211052
87.35714017 22.42872785 12.36756151 0.20763181 0.06121012 1.22598830 0.56930040
114.59794382 16.71683496 15.77535010 0.19910620 0.05554037 0.94024357 0.49904735
58.82880009 31.31607530 13.48243715 0.10834504 0.05682286 1.10402467 1.23126107
125.70557262 15.61582090 16.27218527 0.18040586 0.06166924 0.35667343 0.18101659
81.15200483 21.63496476 12.16817206 0.19189899 0.06245850 1.34341341 0.75214587
94.42420462 22.64378874 12.84830880 0.19251816 0.06296994 1.19634692 0.55547830
116.00333130 18.89318377 16.15297982 0.17411765 0.05175252 0.69429041 0.24422076
39.99020963 5.09760136 2.74889858 0.05047577 0.12496329 0.49975524 0.49975524
117.39869724 13.32954616 15.62690480 0.16371012 0.06215990 1.05935032 0.01297086
51.21655587 7.84805619 4.01186254 0.07826098 0.16706208 0.78041390 0.78041390
27.01358852 1.91832919 1.28902871 0.01835863 0.07630096 0.17533971 0.17533971
78.86230016 22.30369885 12.73064198 0.20071971 0.07015741 1.50609181 0.79405825
89.14102522 23.44550540 12.61471530 0.20640375 0.05065277 1.27188098 0.36055887
131.45961146 14.59045899 16.64258462 0.17944372 0.05214664 0.23343918 0.24644050
94.33317089 26.26432737 13.22953079 0.12210922 0.05486129 1.36284761 1.25934231
27.36197436 2.00368372 1.32822212 0.01922089 0.07760740 0.18404936 0.18404936
20.55374528 0.33566759 0.56229634 0.00237052 0.05207654 0.01384363 0.01384363
65.40345820 31.33318735 13.31524707 0.11979511 0.05443415 1.21865398 1.25049699
91.01105264 23.40356688 13.53898520 0.17774842 0.05553636 1.28678693 0.61300275
44.23852191 6.13843787 3.22683371 0.06099034 0.14089446 0.60596305 0.60596305
132.80356997 14.03980323 16.28060910 0.18056389 0.06024244 0.27831568 0.13494295
81.18982041 23.65572309 12.28593855 0.19011267 0.05389196 1.45381289 0.77480226
94.03847591 22.00541482 12.64619214 0.19245788 0.05746980 1.21657728 0.47563039
99.50950007 19.34538897 13.23886103 0.21893170 0.06044253 0.69716330 0.60219987
20.78283985 0.39179576 0.58806948 0.00293753 0.05293565 0.01957100 0.01957100
97.24263706 22.63218044 13.04094383 0.18534737 0.06013952 1.25338082 0.52098811
89.15216646 22.56736561 12.43106320 0.21136422 0.05969094 1.16302838 0.55972542
90.96423470 26.62196499 14.03710461 0.13665738 0.05549867 1.40345028 1.32366906
106.21663848 17.86705632 15.83891743 0.17930991 0.05235737 0.58886588 0.23872963
127.16598534 14.49595077 16.09906602 0.17502004 0.05324346 0.60956263 0.04879636
56.08388871 31.48743706 13.23651240 0.03241453 0.07417600 1.48240168 1.24828132
34.68703144 3.79832270 2.15229104 0.03735040 0.10507637 0.36717579 0.36717579
59.25632308 30.54541977 13.71672398 0.10218654 0.05215155 1.26906434 1.22933612
20.51550271 0.32629816 0.55799405 0.00227587 0.05193314 0.01288757 0.01288757
91.10758511 23.04272727 12.83121027 0.18112510 0.06624678 1.18704690 0.48763037
91.00815901 22.18072247 13.06191704 0.18359504 0.06266561 1.26106779 0.49701283
118.45424575 14.21292607 17.00239542 0.18227236 0.06131812 0.39592627 0.56466391
132.36583539 14.38590452 16.03873158 0.17702065 0.06291844 0.39996966 0.17699379
58.21005284 31.74910559 13.40718237 0.02200087 0.05770959 1.46800179 1.25969692
114.07195560 12.96055937 15.69849741 0.16727198 0.06128484 1.12941048 0.09805529
58.79210555 9.70406586 4.86411187 0.09701046 0.19547040 0.96980264 0.96980264
61.51332110 31.29626917 13.53841352 0.03006228 0.05387844 1.43760708 1.22673750
113.19990698 13.56327485 17.36591595 0.18805414 0.05418226 0.50161658 0.49711264
91.27024400 24.55278341 12.35973750 0.18904688 0.05734200 1.07159152 0.49430706
97.51141565 24.97341785 13.29094617 0.12996520 0.05265705 1.41142964 1.42358036
115.26844152 19.80591193 16.03925198 0.17752161 0.05618936 0.65375053 0.16593083
76.55957910 30.22093100 12.68033705 0.10563814 0.05281273 1.43516982 1.17861224
119.16160968 16.64191911 15.70563862 0.19166354 0.05287853 0.86724664 0.29160928
77.49324469 30.10959762 13.07532515 0.11232477 0.05887999 1.36212396 1.16232209
114.50304282 16.70682342 15.56621670 0.19152676 0.06197993 0.92251298 0.33870451
114.85725062 19.38243581 16.33251823 0.17244938 0.05680711 0.64976347 0.16150951
90.20382913 22.35641202 11.92530063 0.19438137 0.05838978 1.11934100 0.48066648
125.15685198 14.43445415 15.90150947 0.16456983 0.05257576 1.00667929 0.18659454
25.26699559 1.49041392 1.09253700 0.01403581 0.06975123 0.13167489 0.13167489
117.31894135 11.84542304 15.73738384 0.16045044 0.06655217 1.05477607 0.28374157
100.06963449 25.56044975 13.91361021 0.13453847 0.05340533 1.36844213 1.21767778
118.38507248 14.45269460 16.07506143 0.16328647 0.06442932 0.97088669 0.13903275
91.12458978 22.15500201 12.81254228 0.18409521 0.05719644 1.18345811 0.49237846
37.30424382 4.43953974 2.44672743 0.04382800 0.11489091 0.43260610 0.43260610
79.43925993 22.07425416 12.34314559 0.19631695 0.08013235 1.41091291 0.83111272
66.31706966 29.42691269 12.56227674 0.09952421 0.05207857 1.45967246 1.16913175
30.89155559 2.86843112 1.72530000 0.02795660 0.09084333 0.27228889 0.27228889
55.34668468 8.85993775 4.47650203 0.08848304 0.18255007 0.88366712 0.88366712
130.28358214 14.73025886 15.84377402 0.18382392 0.05387632 0.44300279 0.30800943
90.60362371 22.49857712 12.80570790 0.18827801 0.07117812 1.18655970 0.34325431
93.07152514 22.39202655 12.27661059 0.19123333 0.05239780 1.21067598 0.46868850
84.77095407 21.92694855 12.83376025 0.19660248 0.05401236 1.18933560 0.41576798
93.84261812 20.53075323 14.61184635 0.22303606 0.06398194 0.61156115 0.94057101
116.80672129 14.14750227 16.46731458 0.18625349 0.05498560 0.44803533 0.55781102
59.69485967 32.27276154 13.38750793 0.02556472 0.06136318 1.50329669 1.17327851
97.20757109 19.32447359 14.89877771 0.22412332 0.05051869 0.63417371 0.92346778
94.56337203 22.35755893 12.76618997 0.18251552 0.05874286 1.22159992 0.54958236
61.61122039 30.69568201 13.60570191 0.11401863 0.05284124 1.03346275 1.26041443
79.02628095 29.02425235 13.54029871 0.11112034 0.05460761 1.56931633 1.16939553
130.69183093 14.33624815 15.99368156 0.18477083 0.05923873 0.32328002 0.20073144
85.14900595 22.89410069 12.75486041 0.20815706 0.06051309 1.24195255 0.37803049
49.02099256 7.31014318 3.76486166 0.07282696 0.15882872 0.72552481 0.72552481
66.70728335 28.38554285 12.98100116 0.11073196 0.05176487 1.56281226 1.26723660
67.14675058 28.53331012 13.07274608 0.11083570 0.05640530 1.55549895 1.14243860
93.85713066 22.57290757 12.38150892 0.18735607 0.05561331 1.17908677 0.48882951
44.76709015 6.26793709 3.28629764 0.06229855 0.14287659 0.61917725 0.61917725
69.03039421 28.18120760 13.10039315 0.10826907 0.05704847 1.52486328 1.18163623
82.42414407 28.85527699 13.56948157 0.11603577 0.05942163 1.56272302 1.24107202
95.31726674 22.55260630 12.77691890 0.18535860 0.05424645 1.04353395 0.54149270
54.13414603 8.56286578 4.34009143 0.08548201 0.17800305 0.85335365 0.85335365
127.72702608 14.80817966 16.31773455 0.17493053 0.06415835 0.31130592 0.32481448
125.60177025 14.48593105 15.92457083 0.15949109 0.06141691 1.11051868 0.17041549
120.18032193 16.85482656 15.65177782 0.18953153 0.06088307 0.76743111 0.43563475
91.25633465 23.00726645 12.24389700 0.19208200 0.07091285 1.23070581 0.50367962
56.74060717 31.36742124 13.63136871 0.02954265 0.06806519 1.53292091 1.26257293
83.45000161 20.93435637 12.51498184 0.19527140 0.05961251 1.46054057 0.57083696
93.78283695 21.22107278 12.54472746 0.20748187 0.06267658 1.19851466 0.41099003
