43.21315627 5.88722329 3.11148008 0.05845256 0.13704934 0.58032891 0.58032891
91.79846825 22.63264385 17.80584167 0.30125623 0.05914289 1.17045748 0.23331213
76.22373439 24.55865199 16.49900113 0.28452685 0.05075330 0.72140419 0.74735560
37.48251643 4.48321652 2.46678310 0.04426923 0.11555944 0.43706291 0.43706291
33.55361559 3.52063582 2.02478175 0.03454520 0.10082606 0.33884039 0.33884039
32.95466818 3.37389370 1.95740017 0.03306280 0.09858001 0.32386670 0.32386670
78.39206885 24.13815738 17.20367989 0.31455936 0.05614151 1.06469159 0.30758708
88.91225722 24.07751881 16.83516996 0.30793077 0.06339658 1.11242308 0.09771422
99.50980553 21.87507780 19.75213602 0.30513014 0.05134977 0.89575325 0.19523361
98.64320498 24.09490176 20.00279221 0.29421384 0.05804735 0.72504116 0.37817388
93.48226022 23.80355547 17.02908230 0.31052078 0.05333238 1.05748533 0.30044084
92.21553743 23.25187169 17.27252023 0.29747510 0.05231201 1.11803659 0.32353460
52.59522477 8.18583007 4.16696279 0.08167318 0.17223209 0.81488062 0.81488062
97.94173510 22.79974774 18.98522670 0.32749308 0.05808946 1.01595350 0.20837779
92.87506163 23.07529993 17.31416151 0.31865430 0.06378172 1.08459640 0.09506058
98.44466810 22.93827394 17.52359968 0.29843719 0.05720183 1.25050277 0.23471538
82.13441314 23.72710259 16.77693247 0.29876462 0.05880482 0.98845321 0.29572686
103.75702896 21.78391437 19.77180024 0.30379369 0.06581476 0.76551879 0.12042080
91.93110137 23.97336503 17.82923943 0.29280935 0.05490567 0.93490716 0.15780932
79.39463259 28.75285254 14.72481748 0.23569119 0.05551084 1.42171996 0.55133544
94.79317794 23.29153831 17.59244860 0.31437381 0.06869916 0.98474996 0.28034287
74.88425696 24.87282668 16.48777065 0.27988113 0.06917646 0.70498025 0.73913541
55.14824683 8.81132047 4.45417777 0.08799191 0.18180593 0.87870617 0.87870617
98.50400616 22.99265219 17.86857080 0.29987188 0.05697057 1.06354311 0.21604357
25.15263208 1.46239486 1.07967111 0.01375276 0.06932237 0.12881580 0.12881580
85.91059236 22.46900984 17.52267034 0.30925151 0.06286194 1.31765784 0.20317727
68.00188858 30.03333927 14.70152289 0.24390094 0.05822816 1.52614651 0.32018044
58.14694708 31.51548295 15.62061540 0.16641974 0.06330368 1.71642123 0.87306419
71.38443151 28.45496296 15.42871725 0.24204160 0.05849228 1.42262225 0.52807077
78.51045438 29.02036095 15.45833414 0.22806144 0.05446590 1.34706863 0.46871015
86.76440465 24.12297860 17.23053990 0.29663726 0.05769056 1.02384112 0.40348943
65.91484329 30.13719889 14.81326783 0.24091334 0.05115293 1.66614359 0.28015880
73.24278146 28.86737058 15.15430564 0.23716936 0.06354735 1.46308908 0.43542165
78.00674335 29.40858345 15.05036484 0.26118529 0.05977526 1.45248969 0.45860774
52.85189551 8.24871440 4.19583824 0.08230844 0.17319461 0.82129739 0.82129739
94.40527430 22.03246063 17.50667438 0.29136824 0.05262549 1.07160988 0.30463730
80.02415636 29.37354713 15.01767490 0.26325753 0.06334104 1.37354263 0.42871753
94.72853022 21.50932206 18.60685807 0.29512705 0.06569622 0.91703078 0.26553655
94.36590677 22.19340592 17.98295057 0.29311304 0.06233891 0.89138972 0.35897726
90.60078079 23.05644032 18.40566988 0.31618006 0.05617534 0.32648482 0.37434853
91.42344781 22.60877655 17.46494793 0.29961803 0.06225809 1.10536906 0.36683276
88.47123163 21.61293115 17.24371558 0.29082935 0.05087904 1.09677245 0.33585852
76.60111538 28.59712570 14.58110226 0.25332742 0.05598428 1.28998327 0.34219174
100.60767927 21.87774251 19.50666856 0.28677108 0.05589878 0.58033022 0.37704472
54.31005153 8.60596262 4.35988080 0.08591738 0.17866269 0.85775129 0.85775129
67.73084753 29.72131735 14.64157663 0.24970085 0.05699613 1.60135348 0.38115024
55.84916148 8.98304456 4.53303067 0.08972667 0.18443436 0.89622904 0.89622904
50.97332905 7.78846562 3.98449952 0.07765899 0.16614998 0.77433323 0.77433323
101.73965196 21.33039487 19.68771908 0.29538191 0.06414281 0.61217695 0.28008237
102.38112943 22.71606749 17.79484936 0.30965317 0.05223274 1.14659534 0.24074439
57.95915257 9.49999238 4.77040466 0.09494890 0.19234682 0.94897881 0.94897881
83.90025099 22.56891112 17.79976135 0.30638029 0.06598991 1.31053587 0.24938329
35.57281547 4.01533979 2.25194174 0.03954272 0.10839806 0.38932039 0.38932039
98.56837936 21.69295097 19.29782160 0.29731405 0.06247570 0.48573981 0.35790350
37.11661763 4.39357132 2.42561948 0.04336363 0.11418732 0.42791544 0.42791544
35.60198070 4.02248527 2.25522283 0.03961490 0.10850743 0.39004952 0.39004952
55.76087764 8.96141502 4.52309873 0.08950817 0.18410329 0.89402194 0.89402194
85.22016412 23.50500200 17.81174954 0.29903268 0.05749016 1.35045531 0.20195306
95.89327651 24.02359124 19.48786727 0.32284638 0.05693218 0.88847305 0.21799833
90.71786144 23.31056428 19.61826290 0.28413167 0.05257029 0.54480776 0.35547532
94.09934618 22.20641692 18.04331661 0.29717411 0.06049101 0.90253523 0.32577535
89.65353949 20.99889648 17.66337769 0.30848424 0.05253203 1.03619994 0.26574501
91.41665621 22.71128610 17.55345118 0.30841446 0.07324483 0.99764001 0.38269735
27.33036251 1.99593881 1.32466578 0.01914265 0.07748886 0.18325906 0.18325906
33.58791229 3.52903851 2.02864013 0.03463008 0.10095467 0.33969781 0.33969781
101.71584016 24.49227495 20.12198246 0.30437054 0.06250951 0.82959287 0.23407879
95.58016802 22.53615694 19.43207278 0.32834187 0.05540138 0.94088155 0.26980516
30.26701603 2.71541893 1.65503930 0.02641086 0.08850131 0.25667540 0.25667540
39.88140764 5.07094487 2.73665836 0.05020648 0.12455528 0.49703519 0.49703519
81.15718912 23.98376305 17.32436483 0.29825718 0.05637509 1.21088086 0.31306153
84.64949554 24.76488974 17.67289343 0.29359300 0.06023767 1.11693872 0.49017660
71.25386496 26.86165447 18.66404141 0.29024492 0.05621287 0.82682911 0.55516944
93.43345335 22.88635705 19.75875801 0.28916037 0.05112656 0.67465720 0.32887056
89.22009695 22.26497627 17.35723702 0.31547994 0.05172938 0.98752577 0.35975306
49.99548666 7.54889423 3.87449225 0.07523883 0.16248307 0.74988717 0.74988717
41.23430910 5.40240573 2.88885977 0.05355492 0.12962866 0.53085773 0.53085773
103.19953490 22.09903214 19.94156489 0.32547214 0.05905791 0.94582972 0.16643445
33.44813744 3.49479367 2.01291546 0.03428414 0.10043052 0.33620344 0.33620344
93.60419339 21.39331099 17.85769008 0.29792227 0.05052047 0.91553515 0.41768919
95.88221848 22.70767671 17.47189366 0.30323415 0.06410427 1.07755660 0.28699271
22.35289913 0.77646029 0.76470115 0.00682343 0.05882337 0.05882248 0.05882248
84.02862481 22.47212597 16.86232431 0.30339849 0.06003729 1.04987724 0.26276865
85.22078895 22.53833057 18.58740945 0.31580718 0.06885738 0.30458701 0.24024844
24.26741977 1.24551784 0.98008472 0.01156186 0.06600282 0.10668549 0.10668549
49.64451193 7.46290542 3.83500759 0.07437017 0.16116692 0.74111280 0.74111280
88.11070062 23.14228186 17.29608732 0.29920510 0.07210250 1.03464307 0.46757831
96.03496699 23.05537393 17.78242336 0.29980992 0.07182907 0.92511372 0.32217478
77.78917182 28.13356248 15.48219454 0.22760486 0.05411694 1.32740219 0.56735897
90.04247708 24.88751189 17.29427678 0.29687893 0.05358742 1.03471763 0.45687387
52.31714138 8.11769964 4.13567841 0.08098492 0.17118928 0.80792853 0.80792853
77.56814809 27.61121660 18.75303921 0.28406337 0.07118384 0.68144869 0.59221069
95.85186759 22.85154322 17.93914639 0.29218911 0.05682797 0.94796182 0.40390277
36.76896920 4.30839745 2.38650903 0.04250320 0.11288363 0.41922423 0.41922423
63.86411633 31.83964626 15.82518168 0.17734358 0.05155588 1.68443374 0.97643043
44.79491193 6.27475342 3.28942759 0.06236741 0.14298092 0.61987280 0.61987280
101.26983413 23.88468092 20.01698057 0.29919204 0.05371887 0.75090666 0.36331141
58.20030567 9.55907489 4.79753439 0.09554576 0.19325115 0.95500764 0.95500764
92.42760561 22.53895660 17.69544414 0.30881566 0.05597450 0.96087782 0.39765623
61.03998344 32.36856921 15.28106200 0.16240845 0.05415062 1.60030599 0.93638268
69.16748347 30.09995440 14.92511552 0.24876337 0.06377943 1.59146889 0.36137793
103.91454240 22.68139114 19.71420848 0.29728220 0.05627108 0.95555655 0.19148233
72.66440232 29.06375609 14.69989784 0.23791844 0.05232843 1.51098273 0.43169575
95.48118978 23.40239199 17.43238045 0.30099579 0.05381330 1.17857427 0.21003127
61.93447059 29.77769261 16.47666311 0.15284817 0.06100022 1.83174502 1.12941808
90.18546956 21.33639093 17.24782649 0.30605614 0.05624066 1.21458854 0.21966639
20.81015376 0.39848767 0.59114230 0.00300513 0.05303808 0.02025384 0.02025384
23.00436760 0.93607006 0.83799136 0.00843581 0.06126638 0.07510919 0.07510919
95.13450771 24.31312732 19.80506872 0.31398128 0.06434208 0.85201316 0.32465112
32.66928168 3.30397401 1.92529419 0.03235647 0.09750981 0.31673204 0.31673204
30.89458138 2.86917244 1.72564040 0.02796409 0.09085468 0.27236453 0.27236453
99.91219933 22.41603211 19.95270890 0.30477604 0.06428743 0.83307664 0.09971169
24.86555550 1.39206110 1.04737499 0.01304225 0.06824583 0.12163889 0.12163889
80.24098624 25.18725944 17.37763743 0.29660322 0.05747084 0.88439590 0.19568190
90.28077712 22.30445694 17.90550598 0.29635119 0.05589051 0.97169163 0.30005755
88.78051469 21.63572529 17.54808965 0.31588724 0.07293864 0.98337512 0.20725210
79.42382158 30.21019387 15.54063259 0.23502965 0.05200245 1.45010049 0.60129470
67.25415253 30.09483076 14.89973796 0.25506467 0.06500429 1.63277681 0.27845697
91.67527293 23.87383474 17.23361715 0.32051271 0.06799708 1.10669149 0.09981145
88.06545345 21.46785433 17.52612402 0.30364733 0.07296608 1.15732650 0.29259890
32.56234663 3.27777492 1.91326400 0.03209181 0.09710880 0.31405867 0.31405867
91.23950335 23.41234553 17.20353208 0.31785809 0.05033391 1.15530621 0.20233544
93.90873812 23.54126468 17.84830114 0.32457730 0.05481995 1.06370315 0.25310436
87.28609984 22.94771156 16.98130744 0.30056761 0.06134176 0.93686960 0.40940969
91.49169291 23.75088600 18.10641112 0.30883753 0.05147949 0.27067980 0.32939553
73.91801826 27.42533271 14.87765653 0.24493734 0.07098477 1.49595604 0.48472227
72.74732623 24.97584133 17.22371366 0.30034335 0.05054469 1.10773564 0.24661278
90.91755919 26.47743696 19.30217990 0.30048660 0.05132574 0.79226905 0.30391924
52.01353333 8.04331567 4.10152250 0.08023350 0.17005075 0.80033833 0.80033833
