41.16636030 5.38575827 2.88121553 0.05338674 0.12937385 0.52915901 0.52915901
84.09660056 17.36815040 11.43895274 0.19558962 0.06882514 1.39656721 0.94348572
90.11811023 21.81051397 11.74398137 0.09871133 0.06265393 1.56106372 1.40828825
22.19604733 0.73803160 0.74705532 0.00643522 0.05823518 0.05490118 0.05490118
39.88965402 5.07296523 2.73758608 0.05022689 0.12458620 0.49724135 0.49724135
42.86032818 5.80078040 3.07178692 0.05757931 0.13572623 0.57150820 0.57150820
39.00107105 4.85526241 2.63762049 0.04802765 0.12125402 0.47502678 0.47502678
38.94861462 4.84241058 2.63171914 0.04789782 0.12105730 0.47371537 0.47371537
110.28113407 13.35160919 13.80283595 0.18277477 0.05747840 0.05346219 1.01504269
82.87637696 19.30915378 9.89299730 0.15885831 0.05948641 1.76871776 1.28255952
99.44282346 16.99381488 10.85272958 0.19060832 0.05052475 0.88530243 0.60487977
82.08068714 16.81929873 11.19564953 0.19335473 0.05605092 1.31146890 0.88073293
85.49028122 23.13321431 10.79446897 0.10015279 0.05495634 1.45037015 1.10063398
82.71016517 20.79299144 9.47081552 0.15235831 0.05173192 1.69016059 1.40377620
82.09891431 24.74164930 10.21998586 0.09990235 0.05703110 1.53427502 0.76020928
56.72429386 9.19745200 4.63148306 0.09189263 0.18771610 0.91810735 0.91810735
45.53282391 6.45554186 3.37244269 0.06419374 0.14574809 0.63832060 0.63832060
106.96663342 12.17701077 14.34279248 0.19526375 0.05282456 0.15159694 0.71932023
83.56433246 22.45430893 11.73964490 0.09177101 0.07281141 1.52451942 1.31593058
98.74918740 15.97280905 12.82322951 0.18768218 0.05840406 0.17848418 0.57716083
81.11031403 23.73003109 10.42960416 0.10061857 0.05609971 1.55512650 1.30675940
88.93373175 19.83908639 9.96247925 0.15173972 0.05972995 1.68515415 1.28528936
49.55063047 7.43990447 3.82444593 0.07413781 0.16081486 0.73876576 0.73876576
82.02600101 17.01793284 11.08273452 0.20011530 0.06391747 1.17535695 0.99066257
96.23862922 18.14720849 10.72849222 0.20033237 0.05096833 0.93409997 0.44118798
108.65571607 15.64186247 13.11355793 0.16505388 0.05616815 0.40582400 0.96037627
86.12425569 21.26135530 11.41317884 0.10920830 0.06764714 1.54018160 1.43316566
84.15314509 17.57402618 11.01459044 0.19668054 0.06291999 1.12686038 0.97924489
65.38658743 26.64685564 11.80699624 0.07750635 0.07341794 1.51025314 1.32904595
45.65415288 6.48526746 3.38609220 0.06449403 0.14620307 0.64135382 0.64135382
83.00709150 20.40505385 10.54415813 0.14999049 0.05637116 1.63723268 1.28076303
84.77575190 24.21209149 10.73446644 0.10655528 0.05959312 1.53933307 0.75265640
84.49222956 18.95521115 10.00588034 0.16224635 0.06431737 1.76301015 1.19054783
39.55309138 4.99050739 2.69972278 0.04939390 0.12332409 0.48882728 0.48882728
83.58650264 20.71634691 10.23707768 0.15593763 0.06199011 1.84000307 1.21192868
110.80714297 13.57274739 13.95555783 0.15869257 0.06062880 0.56094115 0.61185289
112.20724844 13.46435609 13.97726825 0.19415200 0.06582296 0.13720306 0.97566134
100.58610394 15.69990707 13.05721907 0.18216629 0.06194591 0.19922222 0.65096008
92.16183684 18.72903777 10.78541823 0.13409091 0.05675867 1.59039362 1.17839234
86.72223999 22.23397864 12.01334017 0.08994505 0.06479838 1.57988613 1.37544029
58.00561639 9.51137602 4.77563184 0.09506390 0.19252106 0.95014041 0.95014041
20.16578516 0.24061737 0.51865083 0.00141032 0.05062169 0.00414463 0.00414463
98.37924836 15.88182393 12.93099325 0.19048646 0.06643641 0.34440486 0.72829487
68.47287829 26.17197386 12.38406148 0.08849372 0.05328348 1.60642900 1.24565978
81.70129910 24.31151963 10.28686914 0.08662034 0.05919054 1.53396040 1.31822287
83.77793371 18.16163963 11.41405111 0.19521040 0.06569060 1.24885776 1.00464243
78.98245604 21.94909806 11.80851848 0.08766223 0.07350896 1.51280464 1.37363560
85.89197903 20.36601653 9.78932300 0.15383272 0.05632749 1.80015531 1.20455491
109.26489448 11.14515671 14.43379132 0.18513090 0.05707372 0.22574863 0.71795493
68.29664017 28.87904508 11.32080904 0.08696729 0.05083699 1.51139035 1.16425319
116.93886374 13.82327781 13.40723993 0.17887060 0.05032750 0.37203253 0.60931437
75.61273261 24.34338790 11.70173030 0.07413496 0.06763039 1.47575822 1.52586380
43.93262555 6.06349326 3.19242037 0.06023325 0.13974735 0.59831564 0.59831564
82.22876592 20.41024370 9.59657501 0.14712004 0.06156921 1.68394972 1.40670243
87.36570950 18.33402206 10.65188929 0.18354296 0.06478834 1.28340298 0.65383374
89.74606827 19.22595186 10.79146968 0.11991518 0.05385645 1.65488494 1.14371764
100.54166163 16.80261814 11.38922509 0.20624762 0.05312828 0.84745095 0.71718174
56.61319727 9.17023333 4.61898469 0.09161766 0.18729949 0.91532993 0.91532993
111.39604683 13.58565513 13.32893378 0.18370004 0.06089577 0.25813940 0.84449679
23.06762858 0.95156900 0.84510822 0.00859238 0.06150361 0.07669071 0.07669071
106.78197734 12.52001225 13.71409814 0.17509562 0.05658878 0.23989432 0.61564977
110.83041542 12.47164514 13.46514897 0.17615524 0.05448519 0.10194137 0.92868029
99.59818166 17.13158920 11.49845997 0.18075562 0.06145488 0.88502189 0.49740866
72.65262452 23.43698106 11.47028823 0.07579348 0.05491019 1.61825031 1.38001124
83.20278847 23.94563739 11.15212570 0.10275495 0.05656520 1.45119602 0.78149597
91.18724377 17.69987476 12.34442353 0.19677331 0.05646597 1.08973281 0.46321776
91.98981208 17.24027380 11.28228791 0.17908981 0.05270750 0.97312954 0.60710572
105.08826280 14.19443088 13.35353785 0.16546850 0.05575803 0.24738042 1.06079167
88.73577051 20.09440213 10.33867303 0.18194197 0.05726873 1.11875086 0.66810416
110.39444433 13.95941985 13.72371686 0.15838657 0.05818918 0.34810792 0.64475876
113.26604537 14.29748563 12.63584508 0.17631007 0.06987149 0.42656562 0.65687467
68.43063258 27.44780681 11.54425890 0.09367927 0.07782043 1.48354251 1.30172739
85.25037665 25.02929955 10.61057536 0.09965258 0.06112002 1.59527753 0.78399848
102.44023103 16.64621970 10.83077608 0.19702477 0.05642647 0.95826884 0.51803475
20.70065615 0.37166076 0.57882382 0.00273412 0.05262746 0.01751640 0.01751640
52.45398759 8.15122696 4.15107360 0.08132362 0.17170245 0.81134969 0.81134969
24.88053726 1.39573163 1.04906044 0.01307933 0.06830201 0.12201343 0.12201343
80.83047298 23.68799378 10.81266531 0.09824714 0.05489753 1.47784995 1.27166516
31.50030922 3.01757576 1.79378479 0.02946327 0.09312616 0.28750773 0.28750773
72.80624941 24.82782538 11.35477464 0.08856382 0.05508969 1.57553249 1.53514022
59.38712271 9.84984507 4.93105131 0.09848313 0.19770171 0.98467807 0.98467807
42.89488344 5.80924644 3.07567439 0.05766484 0.13585581 0.57237209 0.57237209
82.97835035 17.42828673 11.18681535 0.22841320 0.05038147 1.02677275 0.59539149
20.45587241 0.31168874 0.55128565 0.00212828 0.05170952 0.01139681 0.01139681
35.61101803 4.02469942 2.25623953 0.03963727 0.10854132 0.39027545 0.39027545
68.95325912 26.01905292 11.96510941 0.07818286 0.07608961 1.59620311 1.30973094
97.21815459 17.11874655 11.40764629 0.18458808 0.06555087 0.97432884 0.56111775
87.49106455 21.63513815 11.75304286 0.09961532 0.05362396 1.54265586 1.39587500
94.31052229 16.14584617 10.97990117 0.19187608 0.05412016 1.00701940 0.57397175
111.13844098 13.76603846 13.29633523 0.16595560 0.05360069 0.46502708 0.51536022
20.39331424 0.29636199 0.54424785 0.00197345 0.05147493 0.00983286 0.00983286
93.35430551 17.66080567 11.95709368 0.19556175 0.05508218 1.05113945 0.56325052
85.01991193 20.38238128 10.21725941 0.16053956 0.06999051 1.79870200 1.27482539
102.70559193 15.28103943 13.10517893 0.16467660 0.05167353 0.39238756 0.96871530
93.33547128 17.89691082 11.64444942 0.19772672 0.05735245 1.02796834 0.61273648
81.24696351 20.66943774 9.42227039 0.15069149 0.05022471 1.74448457 1.39799992
107.82657390 14.41825590 13.08578705 0.16360402 0.05602950 0.26317677 0.94309941
117.04812498 13.14544632 13.93009456 0.19212543 0.06091265 0.18088857 0.95995935
86.23036113 24.61438903 10.42681984 0.10336819 0.05449662 1.50311007 0.67408828
27.00195970 1.91548013 1.28772047 0.01832985 0.07625735 0.17504899 0.17504899
31.40218960 2.99353645 1.78274633 0.02922042 0.09275821 0.28505474 0.28505474
104.94940660 14.75002811 13.29982603 0.15864318 0.05504287 0.48257873 1.03494778
82.87308998 25.82703728 10.82510610 0.11239604 0.06556040 1.54168823 0.83415390
27.66218522 2.07723538 1.36199584 0.01996391 0.07873319 0.19155463 0.19155463
83.29367440 24.06826347 10.47415442 0.10950075 0.05399066 1.51355241 0.71051423
68.78727313 26.93071964 11.60765300 0.09060296 0.05986968 1.53894076 1.38629595
106.53853450 13.39862146 14.03210298 0.18300201 0.05148979 0.14287514 0.61728813
87.77748205 20.87931464 10.15829765 0.15211003 0.06576217 1.68352438 1.33832717
36.02572637 4.12630296 2.30289422 0.04066367 0.11009647 0.40064316 0.40064316
95.42589937 18.11285454 11.97640745 0.19235441 0.05732486 0.99100548 0.51039488
83.30184085 18.34714514 11.04211282 0.18800348 0.07145420 1.06090261 0.98968379
51.78993952 7.98853518 4.07636820 0.07968010 0.16921227 0.79474849 0.79474849
86.74497798 18.54839104 10.43332171 0.17439005 0.06070289 1.25717258 0.50602834
92.65295031 18.91155521 10.60466458 0.17528813 0.05159424 1.31973039 0.61583916
50.99509688 7.79379874 3.98694840 0.07771286 0.16623161 0.77487742 0.77487742
114.97179243 14.72570773 13.23716181 0.18661166 0.05835747 0.47800028 0.60834586
89.57264356 18.82176292 10.69713536 0.17941272 0.07355490 1.29052033 0.53710024
92.71600272 18.90884958 10.56611007 0.16007202 0.06789101 1.25590814 0.61421827
109.53910140 13.96189790 12.97638313 0.16220379 0.06872405 0.25294623 1.05270670
108.22227019 11.58188091 14.07228404 0.19779713 0.05651471 0.18958034 0.67067051
24.80625694 1.37753295 1.04070391 0.01289549 0.06802346 0.12015642 0.12015642
114.61714329 14.58633716 13.45265735 0.17968486 0.06278249 0.43621534 0.63413697
111.44497510 14.05286589 13.23275858 0.17612667 0.05325884 0.43084672 0.51306807
81.25768102 24.23144402 10.40128608 0.10666383 0.07020853 1.59833992 0.78486324
87.91770343 19.70517630 10.92396528 0.13051525 0.05195651 1.71630041 1.15870301
114.22168846 15.06044014 12.98025515 0.18162031 0.05385486 0.46677675 0.55408523
41.97649062 5.58424020 2.97235520 0.05539181 0.13241184 0.54941227 0.54941227
107.90192955 14.72960176 13.73467443 0.16896945 0.05388624 0.55903250 0.57019639
