36.52400214 4.24838052 2.35895024 0.04189691 0.11196501 0.41310005 0.41310005
68.55207948 8.91180861 6.15020762 0.15288999 0.05429678 1.21012752 0.83674220
67.95345260 11.18478472 5.64657875 0.07418240 0.06204959 1.09740452 0.74682218
65.07039710 15.65107082 4.54537493 0.12131092 0.07273237 0.50558017 0.92789394
33.23855062 3.44344490 1.98933695 0.03376541 0.09964456 0.33096377 0.33096377
59.56278981 16.96631067 6.71793167 0.02130943 0.06332531 1.33886496 1.16322730
48.07086102 7.07736095 3.65797186 0.07047538 0.15526573 0.70177153 0.70177153
60.62365380 15.05275462 4.84758217 0.12362616 0.05619777 0.81538508 0.78864979
64.21511952 14.47387705 6.04027338 0.10164395 0.05747436 0.70801936 0.84490439
74.33490099 10.39440974 6.61750640 0.12074801 0.05029097 0.87503449 0.86148744
72.86430824 10.53901443 6.35711872 0.11820508 0.07194982 0.70540432 0.91939052
69.04194999 8.50248824 6.19021611 0.16079926 0.06112962 1.11597596 0.84832075
32.12848488 3.17147879 1.86445455 0.03101800 0.09548182 0.30321212 0.30321212
65.25946118 14.72023895 5.21836402 0.10377200 0.06322096 0.70866095 0.77692247
63.41463484 14.51211503 4.94554181 0.12096141 0.05837890 0.51867618 1.00969194
59.16957568 15.23043813 6.20186764 0.01534840 0.05106440 1.38585903 1.16083834
30.19205516 2.69705351 1.64660621 0.02622534 0.08822021 0.25480138 0.25480138
66.25410819 12.18725628 5.92642136 0.07135256 0.05743795 1.18196348 0.82025641
52.29195076 8.11152794 4.13284446 0.08092258 0.17109482 0.80729877 0.80729877
65.31457989 15.39556368 4.86439928 0.12687159 0.05867461 0.75118648 0.88161235
67.45921823 11.27163062 5.77364893 0.12788918 0.06115790 1.04896226 0.96927941
70.46661070 8.38956450 6.57366096 0.15579827 0.05979566 1.21426226 0.86502499
69.42291390 12.57745740 6.39748487 0.09192968 0.06040369 0.97245419 0.73442867
71.63547190 8.62539565 6.60449884 0.15591653 0.06535331 1.04232173 0.74295058
62.54609255 16.34684646 6.37821882 0.04150445 0.07014984 1.30424972 1.10779473
30.31017952 2.72599398 1.65989520 0.02651769 0.08866317 0.25775449 0.25775449
67.29808539 13.27128182 6.85818567 0.02715276 0.05257861 1.20534883 1.15550549
62.00992269 13.10103974 6.82667063 0.01946419 0.05117799 1.24478408 1.05250954
54.50312533 8.65326571 4.38160160 0.08639524 0.17938672 0.86257813 0.86257813
78.97554164 12.39385633 5.13899424 0.10372181 0.06021312 0.94881701 0.87639506
63.56243400 12.73398984 6.01182087 0.03515864 0.06775963 1.28687364 0.67114835
52.69378109 13.71943802 6.49033994 0.10256137 0.05981025 0.96293512 0.96669472
58.92774635 13.51093102 6.03376599 0.10592423 0.05495854 1.19748207 0.89384382
59.74432559 13.68623190 7.01030850 0.02251947 0.05870051 1.05527613 0.97502331
56.39214075 14.06463672 5.46552848 0.10388128 0.06509985 1.17363960 0.90285824
73.62942640 12.10595304 5.77140645 0.08455036 0.06495262 0.98629928 0.78584526
78.99895220 12.55685835 4.91924774 0.09886802 0.06303752 0.87460833 0.92314250
71.20776529 11.08109008 6.15335309 0.11093845 0.07084745 0.47995161 0.96476317
60.88947486 11.89953681 6.02199710 0.11395090 0.06753178 1.23555076 0.82828471
63.66727146 13.75623297 4.97692740 0.12968468 0.06286418 0.86245721 0.89655372
59.15332369 15.13310225 5.42006372 0.11899886 0.06255088 0.74827364 0.82573481
48.30779794 7.13541050 3.68462727 0.07106180 0.15615424 0.70769495 0.70769495
59.72004280 13.82924417 6.11520729 0.03486693 0.06436811 1.13401789 0.74395402
58.17546039 16.36885058 6.87530307 0.03214772 0.06603485 1.32586050 1.14640506
75.29600883 10.00878370 6.22232965 0.12323553 0.06192173 0.89744551 0.99275840
60.32468483 14.67706017 5.37351109 0.04094278 0.06341419 1.52113639 1.18161432
61.36031986 16.16905559 6.72628352 0.02994072 0.06003366 1.42017019 1.12724326
58.30845442 9.58557133 4.80970112 0.09581342 0.19365670 0.95771136 0.95771136
77.51367930 11.27956352 6.44973579 0.12770323 0.05302194 0.80320630 1.05918192
61.32662809 13.64286502 6.13042637 0.03443768 0.06572670 1.05790796 0.79291165
65.65627920 14.62019055 5.21579558 0.11451672 0.05797876 0.50102343 0.90716801
59.99298664 15.76124897 5.11309618 0.03352771 0.08025416 1.40239171 1.19471664
51.02837504 7.80195189 3.99069219 0.07779523 0.16635641 0.77570938 0.77570938
55.54622535 8.90882521 4.49895035 0.08897691 0.18329835 0.88865563 0.88865563
61.02603419 15.03533670 5.27635698 0.03632553 0.06480086 1.44445456 1.22884997
58.17151557 12.43870156 6.41381416 0.10796913 0.05620765 1.07811161 0.84088795
61.59098033 14.03542842 7.12750122 0.02860731 0.05588180 1.07055163 0.90798173
69.07200439 10.90901070 5.62090989 0.08794857 0.05839881 1.15893293 0.67482387
75.89683139 12.20867721 4.86836771 0.10282687 0.05385204 0.87355824 0.86882268
59.06720457 13.87783503 6.96963549 0.02361252 0.06469634 1.33657315 1.00204951
76.58249801 9.42268603 6.33315850 0.11148844 0.05759176 0.83239115 0.97913857
63.34817546 15.72131255 7.02516780 0.01183959 0.06095990 1.33016197 1.22052907
59.77864895 13.15122162 6.46149660 0.11188495 0.05692967 1.18216104 0.89453430
70.50846506 11.43291943 6.39508312 0.09867853 0.06337190 0.43098977 1.05696359
68.74131849 10.06726584 5.63938580 0.08242874 0.05416339 1.08079248 0.77602002
61.81124384 15.04387287 5.35085541 0.02915583 0.06599752 1.56110289 1.25821221
69.38157957 11.16261782 5.77595869 0.12929724 0.05706834 0.80407178 0.81217820
61.80365193 12.98838457 6.02037331 0.04101066 0.05489077 1.13378765 0.72971435
70.00406804 11.30964322 6.04624334 0.08631301 0.05091668 1.19978326 0.72173988
59.29898318 15.02099257 6.69378861 0.02543564 0.05873976 1.32228983 1.11749131
30.51346746 2.77579953 1.68276509 0.02702083 0.08942550 0.26283669 0.26283669
76.41290508 11.07364196 6.78160806 0.12084034 0.06461838 0.90536238 0.90994530
58.45037354 13.33772906 6.05608078 0.03684692 0.07182408 1.14041454 0.81995320
76.94194801 10.36772539 6.60488574 0.12786284 0.05060400 0.91671664 1.09379916
46.31919497 6.64820277 3.46090943 0.06614001 0.14869698 0.65797987 0.65797987
71.74011094 10.21474888 6.59154214 0.12159402 0.07460350 0.89313732 0.80433374
53.09179375 8.30748947 4.22282680 0.08290219 0.17409423 0.82729484 0.82729484
30.20292903 2.69971761 1.64782952 0.02625225 0.08826098 0.25507323 0.25507323
59.96017761 14.95723344 6.61968794 0.02657939 0.05547192 1.15527352 0.93517934
65.97985904 15.06489017 7.38770193 0.03429937 0.07583948 1.10963027 0.95343091
36.02611756 4.12639880 2.30293823 0.04066464 0.11009794 0.40065294 0.40065294
59.80416531 12.53013676 6.63652981 0.04308014 0.05180548 1.10977092 0.65937455
38.33003574 4.69085876 2.56212902 0.04636684 0.11873763 0.45825089 0.45825089
60.84675002 14.47985552 5.76470211 0.02723610 0.05196337 1.16647452 0.82088531
46.96135860 6.80553286 3.53315284 0.06772936 0.15110509 0.67403396 0.67403396
71.10936736 8.26725457 6.69674509 0.15040996 0.05482603 1.16017678 0.94027865
57.83556367 14.90140876 6.41116118 0.02611987 0.06926926 1.33152099 1.11031685
64.48134625 15.08523270 7.08772382 0.02449300 0.05598716 1.21856779 0.98934962
60.35454527 15.28129693 5.62203934 0.03300146 0.07504789 1.41978290 1.21886167
60.88595376 14.36293039 6.43228013 0.01833327 0.06044158 1.39206522 1.08113258
58.54502130 13.76777415 6.15317120 0.04515984 0.05794281 1.16639680 0.77662881
58.67217940 14.23453237 6.94482790 0.02082849 0.05176474 1.44097594 1.06894586
60.94839048 14.18014946 5.80874118 0.02613420 0.07589688 1.16761674 0.81767526
65.84343516 16.18548050 7.05339198 0.01665054 0.05202747 1.46255785 1.22029940
62.41168217 12.81904953 6.12459628 0.11502013 0.05897773 1.15220151 0.86480559
63.30994656 13.42524485 5.21285164 0.11787696 0.06145801 0.76738752 0.78919185
39.89049281 5.07317074 2.73768044 0.05022897 0.12458935 0.49726232 0.49726232
59.93309044 16.05050882 7.03552679 0.03158710 0.06389419 1.17243650 1.12444818
50.27192307 7.61662115 3.90559135 0.07592301 0.16351971 0.75679808 0.75679808
48.82974452 7.26328741 3.74334626 0.07235362 0.15811154 0.72074361 0.72074361
57.01390727 15.72663917 6.40787478 0.02569271 0.05448021 1.47099992 1.07811789
61.25131886 13.29407165 6.64811055 0.03371587 0.05018988 1.27740291 0.98845490
69.78107907 10.21222040 6.14258116 0.14167499 0.06020594 0.76872262 0.85985613
34.53110216 3.76012003 2.13474899 0.03696448 0.10449163 0.36327755 0.36327755
53.99909695 14.17092814 6.75611383 0.09354013 0.07240543 1.02728303 0.90239153
75.80159558 8.31334851 6.84683484 0.15107347 0.05358228 1.00015372 0.97016494
76.82599020 8.92616873 5.69101014 0.12375273 0.05460356 0.93071368 0.82095725
69.34265702 14.05513257 7.05928812 0.02990028 0.05548664 1.34774357 0.93360298
58.72609493 9.68789326 4.85668568 0.09684708 0.19522286 0.96815237 0.96815237
79.64753110 9.60470832 6.34162346 0.11435393 0.05688095 0.73133012 0.86524405
66.25255065 10.65828458 6.12215499 0.12777218 0.06313851 0.88022050 1.04016370
61.76222503 12.29189852 6.73236092 0.04527328 0.06071134 1.23837253 0.61493244
62.66858356 12.93269763 6.43745102 0.03103829 0.06042570 1.22169562 0.69143546
63.54216734 15.35841529 6.28808227 0.02472271 0.06976600 1.47852660 0.96387224
30.85468735 2.85939840 1.72115233 0.02786535 0.09070508 0.27136718 0.27136718
62.74033107 14.65243869 5.58847817 0.02754297 0.05761809 1.27969334 1.14077030
76.60467974 10.77703219 6.17330471 0.12110446 0.06898264 0.78690182 1.09106923
77.48078310 10.04176167 6.42462474 0.12763722 0.05980798 0.79345862 0.88141870
22.26717415 0.75545767 0.75505709 0.00661126 0.05850190 0.05667935 0.05667935
66.27005424 11.22469441 6.20778390 0.12584193 0.06476148 0.93374795 1.00125772
61.02148683 17.42784939 6.67739207 0.03191724 0.06184766 1.36735387 1.23942804
54.92011061 8.75542710 4.42851244 0.08742727 0.18095041 0.87300277 0.87300277
67.11623940 14.83957143 5.38330741 0.10512965 0.07304494 0.68093541 0.91343388
33.92702997 3.61212234 2.06679087 0.03546940 0.10222636 0.34817575 0.34817575
55.85861377 13.06432019 6.03908266 0.10877137 0.06955462 1.10127855 0.89595123
57.80828871 16.32813431 6.92268860 0.02379586 0.06376074 1.39781774 1.20324734
56.36587836 9.10964020 4.59116132 0.09100555 0.18637204 0.90914696 0.90914696
71.17974211 8.69648444 6.55885053 0.15576271 0.05219238 1.04984993 0.87611947
