81.80653545 23.23313352 17.89366333 0.30963624 0.05292545 0.79207351 0.28384450
68.45359065 31.33824638 14.89886072 0.25088819 0.06505411 1.49386365 0.47437930
81.43655795 26.38065263 17.09360212 0.29724158 0.07252339 0.91551044 0.34250206
92.23765104 22.22109180 19.49572990 0.27629838 0.05304300 0.49379199 0.14657204
90.18344677 21.03204001 17.59268864 0.31053250 0.06566022 1.21644115 0.30999004
96.63356536 22.32374298 20.14969832 0.29981597 0.06239430 1.19255552 0.29333433
45.27495699 6.39236446 3.34343266 0.06355552 0.14478109 0.63187392 0.63187392
84.37990098 22.67105420 16.87087604 0.29246554 0.06896965 1.37519828 0.16556937
89.32087065 24.19497046 17.74514910 0.30607224 0.06709255 1.01017550 0.48742176
59.60046519 9.90211397 4.95505233 0.09901115 0.19850174 0.99001163 0.99001163
75.49161777 29.62256293 14.98434902 0.23898172 0.06776218 1.69593737 0.22284595
76.04664471 27.96827702 15.68746669 0.22319242 0.05848498 1.58103410 0.46349819
99.37058914 23.89888958 20.21229602 0.31646444 0.06426315 0.84068074 0.22177531
91.95767580 22.22667772 17.19804680 0.30706395 0.05759531 1.08553355 0.03986783
89.51126367 23.18354507 18.00438072 0.29174578 0.06380086 1.20913068 0.32407774
28.94877971 2.39245103 1.50673772 0.02314823 0.08355792 0.22371949 0.22371949
92.58960558 22.98137330 17.85989627 0.32793178 0.05108685 1.01266162 0.21279142
50.17655688 7.59325643 3.89486265 0.07568698 0.16316209 0.75441392 0.75441392
87.52248051 23.85321414 18.05059148 0.30652154 0.05057940 1.40701819 0.33774527
95.11131764 22.37293947 19.74676389 0.32053702 0.05028749 1.06110058 0.28651676
98.99487957 22.57977897 20.16118040 0.32744464 0.06416622 0.94398259 0.31759204
36.82260771 4.32153889 2.39254337 0.04263595 0.11308478 0.42056519 0.42056519
84.18779149 25.05685151 17.30171817 0.30178860 0.06925235 0.80104312 0.25545945
86.56640231 23.67052758 18.12624725 0.30970457 0.06285639 1.43994048 0.32223502
93.23351905 22.46722761 17.92495560 0.32558466 0.05429388 1.01367996 0.27385647
95.25787343 23.48275650 18.64298740 0.28366875 0.05075592 0.64420583 0.06402270
39.16592988 4.89565282 2.65616711 0.04843568 0.12187224 0.47914825 0.47914825
65.87717208 31.34146398 15.04660485 0.25079597 0.06830598 1.56624391 0.37658206
99.62032442 21.63829556 19.27201549 0.32718612 0.05567705 0.88559466 0.17400362
45.77521319 6.51492723 3.39971148 0.06479365 0.14665705 0.64438033 0.64438033
95.20622890 22.45619451 18.39038344 0.31347043 0.05604265 1.15250128 0.21932640
65.29620720 30.96055619 15.21728507 0.24559165 0.07562766 1.61200642 0.34435745
53.74679462 8.46796468 4.29651440 0.08452332 0.17655048 0.84366987 0.84366987
97.06416820 23.34805849 19.82684470 0.32410160 0.06775850 0.89719276 0.30429290
76.71985820 29.01522390 15.62818501 0.26046906 0.07249929 1.49113111 0.36915637
20.38049169 0.29322046 0.54280531 0.00194172 0.05142684 0.00951229 0.00951229
29.68175231 2.57202932 1.58919714 0.02496234 0.08630657 0.24204381 0.24204381
80.89324466 25.94468494 17.06538505 0.29897089 0.07079711 0.85326149 0.24835429
53.36817951 8.37520398 4.25392019 0.08358624 0.17513067 0.83420449 0.83420449
36.00704334 4.12172562 2.30079238 0.04061743 0.11002641 0.40017608 0.40017608
69.54835100 29.91701932 14.63513301 0.22892286 0.05631629 1.42057752 0.28849715
78.11969117 27.50897840 16.34644145 0.22520599 0.05975858 1.55791750 0.42600474
98.71803809 22.47423416 18.13142263 0.31516538 0.05503375 1.09797479 0.26493572
92.46947366 21.54071089 19.61173453 0.26861474 0.05304659 0.47927037 0.13449167
41.14351144 5.38016030 2.87864504 0.05333019 0.12928817 0.52858779 0.52858779
48.27426836 7.12719575 3.68085519 0.07097881 0.15602851 0.70685671 0.70685671
98.73627155 21.38135464 19.05961430 0.32982755 0.05179269 0.89006547 0.14194395
82.86031666 24.20745074 17.86049268 0.30866491 0.06173280 0.67604842 0.28233563
98.78295479 21.81137091 18.79992076 0.33283962 0.05542600 0.90771408 0.22261711
86.73557009 24.03001270 17.29097459 0.28863300 0.06494356 1.27018582 0.27899700
33.93568237 3.61424218 2.06776427 0.03549081 0.10225881 0.34839206 0.34839206
81.69959953 24.15286277 17.07847682 0.30251918 0.05512687 0.88065287 0.19729980
104.94718091 22.43448446 19.69458810 0.29586946 0.05868887 0.91814862 0.00145297
92.41429182 23.19778471 19.82395882 0.31701601 0.05275942 0.86688633 0.31891565
51.72490466 7.97260164 4.06905177 0.07951914 0.16896839 0.79312262 0.79312262
57.45395864 9.37621987 4.71357035 0.09369855 0.19045234 0.93634897 0.93634897
97.17153363 24.36457496 18.33810014 0.31998333 0.06396280 1.06425202 0.25854904
93.22368581 21.93815207 19.87889927 0.32085623 0.05739163 1.03379967 0.30760831
74.44576009 28.28416901 15.79581570 0.25771677 0.05145804 1.62302227 0.41347461
79.33050496 23.98687041 17.42537637 0.29562016 0.06772203 0.95518806 0.10842500
70.20216610 30.14638075 14.84240112 0.23384963 0.05410448 1.43543561 0.41979259
87.73279876 24.06504131 17.20421961 0.29339482 0.06077518 0.91408342 0.44686375
100.68057744 20.25060266 19.54527723 0.30592041 0.05275810 0.83712250 0.14366160
79.78703670 28.68838799 15.81505594 0.22711920 0.05134141 1.23771596 0.38082699
84.61188878 26.17595220 17.01059866 0.29280201 0.06113018 0.94991097 0.17637666
81.70001207 23.82831744 17.96421326 0.30420876 0.05982401 0.76365650 0.20010379
93.47033627 22.70036427 18.18734593 0.30511697 0.05118277 1.19004337 0.20873169
66.15631509 30.72759019 14.83413735 0.23908392 0.05341512 1.60006030 0.33138698
25.23902935 1.48356219 1.08939080 0.01396660 0.06964636 0.13097573 0.13097573
88.63826695 24.23678114 18.46885289 0.28308718 0.07310756 1.20859371 0.32505019
81.79809392 30.14022773 15.71516971 0.26690850 0.05496893 1.39049654 0.35175457
87.79379210 22.91045418 17.36570935 0.29626269 0.06655286 1.29860682 0.17537876
68.93892214 30.68211864 14.85803454 0.25567149 0.05619357 1.58656434 0.33659157
36.08376789 4.14052313 2.30942389 0.04080733 0.11031413 0.40209420 0.40209420
34.97984460 3.87006193 2.18523252 0.03807512 0.10617442 0.37449612 0.37449612
26.47386586 1.78609714 1.22830991 0.01702282 0.07427700 0.16184665 0.16184665
72.01781500 28.16751098 15.99685700 0.22169906 0.06012267 1.55700552 0.37926662
29.71531324 2.58025174 1.59297274 0.02504540 0.08643242 0.24288283 0.24288283
67.32037959 31.03219982 14.81997020 0.25315663 0.05284348 1.46686859 0.36910666
51.52187494 7.92285936 4.04621093 0.07901664 0.16820703 0.78804687 0.78804687
94.36041597 23.78893101 18.80848613 0.32115300 0.05529828 1.03014250 0.30338499
87.36332518 23.74178866 18.25695617 0.29469101 0.06021031 1.21246655 0.11245069
74.87438927 30.35806137 15.02698100 0.24589230 0.05612302 1.45749800 0.41570803
99.55924907 21.69563446 19.25207859 0.30537371 0.07616033 0.77403427 0.18559159
21.55275631 0.58042530 0.67468508 0.00484307 0.05582284 0.03881891 0.03881891
50.26661318 7.61532023 3.90499398 0.07590987 0.16349980 0.75666533 0.75666533
74.29335423 29.47043259 15.13516845 0.23607877 0.05433323 1.50697874 0.20354272
71.70636008 29.94382573 14.56815695 0.24112610 0.07755204 1.69271957 0.30651670
57.53297650 9.39557924 4.72245986 0.09389412 0.19074866 0.93832441 0.93832441
94.38156992 24.65045994 18.94009265 0.31523847 0.06384581 0.97320725 0.29480084
86.81718158 23.56469104 17.17412526 0.29942430 0.05354673 1.00769764 0.52167140
97.00134950 23.43095652 20.29324852 0.32392814 0.05067833 0.80714487 0.24500068
95.74282430 22.82678911 19.78434744 0.31651021 0.05316180 0.97952442 0.31800715
84.47792159 22.92906558 18.19423451 0.31331286 0.05602737 1.42026057 0.36841885
69.40230070 29.95767668 15.09180786 0.26087611 0.05534352 1.53718194 0.41947459
98.11660139 21.48129377 19.21928450 0.32415301 0.05330648 0.87739230 0.26072766
27.27888080 1.98332580 1.31887409 0.01901523 0.07729580 0.18197202 0.18197202
92.49652380 24.18767555 18.19765410 0.32428475 0.06064782 0.93490129 0.09258753
73.19321982 28.99099437 14.99027432 0.22939044 0.05020374 1.44478263 0.34782547
97.22528396 20.22969836 18.75865250 0.30542759 0.05609561 0.67319132 0.28522063
80.12824379 30.41396499 15.11183520 0.27550651 0.05267288 1.38985677 0.30835441
66.07086170 30.78188074 14.82205782 0.24076910 0.06204209 1.69267834 0.40199583
70.51491777 32.06151873 14.36141376 0.23621361 0.05935743 1.65081656 0.28364057
95.73016827 21.32461202 18.83503149 0.32669348 0.05818908 0.92017853 0.14796331
75.45616759 30.15508279 15.48646885 0.23302914 0.06014409 1.59496498 0.27509898
92.46411402 22.61823388 17.69619759 0.30798486 0.05125344 1.11328669 0.05997691
36.24431892 4.17985813 2.32748588 0.04120469 0.11091620 0.40610797 0.40610797
89.09416622 20.96980889 17.30657471 0.30466928 0.06787177 1.20287606 0.28497048
94.91594484 22.02493518 18.63812594 0.32546438 0.05694139 0.85102418 0.11855976
96.35215313 23.33532955 20.15783252 0.32363461 0.05402087 0.79103231 0.33278076
77.99636787 29.87797231 15.59001000 0.22719963 0.05595712 1.37860464 0.39735134
89.47013891 23.42962239 18.34409935 0.28855572 0.05870108 1.23618074 0.36716259
82.11769499 26.05362796 16.88512666 0.29177268 0.06443482 0.85329368 0.28419460
97.48821092 22.30206750 19.57625757 0.31745046 0.05298597 1.09894899 0.16146675
84.11144313 23.71735023 17.89756472 0.30135541 0.06921640 1.45166395 0.27538294
41.96616031 5.58170928 2.97119303 0.05536625 0.13237310 0.54915401 0.54915401
67.93508463 29.49126229 15.15904357 0.26041552 0.05561887 1.61319903 0.33819919
40.41409062 5.20145220 2.79658519 0.05152487 0.12655284 0.51035227 0.51035227
82.78837069 23.19813342 18.03127332 0.30980139 0.06119549 1.44390376 0.32455461
79.48044914 24.08034964 17.27246107 0.29015402 0.06200006 0.98367694 0.16283179
73.43753636 29.20492571 14.71630238 0.24021349 0.06768192 1.53534987 0.16151154
74.67056426 28.21753180 18.44299345 0.29708434 0.06234593 0.88600971 0.70937966
67.61749929 30.93595339 14.83159877 0.23920803 0.05225917 1.67052247 0.26200811
96.60734944 23.11516155 19.87968840 0.31854587 0.05139842 1.03132128 0.32815427
92.34533632 23.12146789 17.95961203 0.29037099 0.05501623 1.30013022 0.35724711
78.94761227 23.19890894 18.31909223 0.30943164 0.05516067 0.78687991 0.28240993
78.51065607 23.89124078 17.40323592 0.28604073 0.06652037 0.82823306 0.34067563
85.13295461 25.96989464 17.31517982 0.30047927 0.07148259 0.82377870 0.29458179
