33.74846516 3.72956990 3.22554711 0.05076735 0.08550636 0.42130133 0.74446786
52.03771066 9.47219917 3.11604222 0.06005647 0.06993217 0.15303439 0.78736484
58.75053668 8.65667636 3.45625864 0.08426213 0.05030008 0.32211851 0.30656866
55.76289209 9.31477122 4.83440149 0.08826755 0.06019188 0.23949482 0.56233210
45.91189606 8.26359385 4.14927235 0.09553205 0.06368353 0.36701284 0.10437046
54.07869795 9.26969103 4.13918390 0.07462569 0.05491601 0.32142416 0.19103079
49.16926251 5.77628709 2.06478191 0.08224534 0.09159796 0.24552090 0.53970777
55.89145406 8.89504572 4.52921698 0.06423211 0.05918424 0.36763333 0.68833360
49.52638418 2.87824721 1.02539995 0.02921684 0.09055868 0.65704233 0.40305782
35.47084844 2.33363639 0.63459379 0.01708004 0.10006851 0.30625662 0.53373160
54.14738840 7.01163979 4.43313834 0.08513466 0.05959502 0.29686509 0.87165274
54.29053656 7.84601955 4.36585300 0.07138269 0.05815067 0.18284943 0.78761223
52.54377257 8.67210962 4.87550180 0.09526372 0.06448978 0.39269409 0.14519880
27.64483317 6.20029263 2.29131859 0.08930639 0.06690300 0.15687234 0.70997859
54.19085727 7.29730093 4.35590314 0.09411214 0.06895629 0.39487056 0.55580531
57.83032321 8.33086034 3.81200111 0.09344451 0.05663998 0.30780939 0.27221223
55.37350337 9.52273464 3.11066973 0.06744366 0.06144612 0.69959449 0.60440257
58.15223964 1.67950889 0.51607904 0.02227689 0.15979800 0.64527081 0.54961786
50.68778451 9.41355022 4.48057791 0.07206827 0.06209861 0.09929745 0.64181062
46.84044864 8.99593323 3.97337214 0.08021025 0.05978179 0.26126942 0.15637484
33.42251587 2.34624275 4.57721065 0.00759872 0.09411954 0.87940638 0.58626791
26.72027055 8.93117603 4.87102589 0.05297591 0.19123037 0.86536912 0.20367185
29.73793879 5.88794469 2.86215012 0.06060793 0.19838275 0.46805795 0.12709034
45.06208361 9.22817840 4.46244319 0.08938902 0.06132162 0.10823185 0.66365480
55.64415244 9.14266001 4.24979077 0.08133728 0.06296569 0.22120725 0.41022890
56.59572426 8.98436933 3.11255474 0.08870293 0.06186483 0.11415985 0.40879655
56.47889158 8.76705816 4.65347952 0.09665737 0.05439410 0.35625242 0.79015905
57.39220869 8.43434145 4.45091986 0.06379922 0.06196613 0.21734514 0.25610328
52.41733355 4.60662565 2.49144377 0.09276255 0.17943738 0.38442140 0.72349238
46.25665118 2.52579985 3.68685595 0.08150986 0.16424866 0.47055628 0.90461239
42.32273942 6.85024540 2.85742596 0.09843213 0.14456354 0.63674937 0.23373093
38.94561965 7.51756557 4.91794883 0.00316077 0.13280255 0.36369912 0.88481414
56.90942184 9.44718928 3.89736595 0.02773162 0.05274662 0.11151460 0.35445549
59.23094631 6.76694902 3.87947742 0.06266166 0.05557124 0.20774325 0.74621765
46.21226332 2.39561451 4.48502893 0.08098200 0.06351266 0.60197007 0.77861854
34.32436020 4.70337006 2.46172927 0.08673305 0.07430061 0.29472053 0.67323247
50.16075925 9.35196089 4.47971477 0.07009506 0.07384222 0.17321282 0.39260466
50.01897039 9.77520112 4.24366760 0.09061964 0.06291871 0.39644238 0.95502350
53.23262749 8.98483912 3.98998051 0.08942194 0.07150141 0.39428054 0.87975351
54.55588227 8.57654629 3.63026187 0.08264762 0.06968327 0.25938366 0.12645034
53.12473172 9.26353214 4.94095826 0.00256218 0.15791792 0.97696568 0.11454239
37.69981154 0.41378354 4.42494093 0.06320484 0.17013920 0.64103984 0.01674033
57.07762312 6.48903164 4.39248781 0.09113587 0.05176965 0.49054730 0.42540377
20.56308335 3.43093130 3.69410957 0.08530414 0.15049651 0.88889660 0.79953900
25.95849787 5.25183090 2.80968980 0.09713499 0.06416069 0.96679090 0.41058123
52.99452376 8.28606488 4.88299700 0.08734221 0.06269252 0.37115687 0.80241184
32.78687828 5.95683635 3.67120410 0.06146612 0.12663720 0.44698438 0.81390132
39.39190564 6.97261073 2.65834942 0.01114845 0.10153108 0.34577550 0.44596023
54.38860507 8.65845605 3.57578743 0.07385743 0.07193601 0.50333493 0.39783500
44.40532970 9.96486483 4.01026542 0.08386807 0.05629779 0.26737691 0.68856478
57.69946980 8.35751972 4.94611635 0.03921544 0.07965602 0.35611439 0.18492941
56.78875729 8.78060466 4.62654932 0.05553064 0.05787822 0.44165789 0.24634021
44.95416035 5.94014449 4.32538724 0.03476831 0.15018605 0.40112176 0.64321120
44.66516450 1.83434236 2.97067812 0.09069353 0.13355021 0.86944075 0.04211101
58.11799808 8.87641134 4.66683039 0.08355798 0.05509107 0.30346705 0.32061536
54.68857046 8.04687222 4.32890541 0.05523385 0.05316153 0.25002105 0.64419076
42.34972674 1.98386779 0.86265026 0.04149974 0.18756313 0.95316602 0.96253339
48.94883307 9.74352003 4.48569407 0.07418634 0.05984788 0.19934651 0.47051404
56.49846821 9.41657655 4.95546368 0.04825874 0.05210544 0.25437655 0.34850604
57.69044609 7.73992707 4.84941938 0.08212192 0.06145924 0.34484119 0.41286239
58.50800043 9.32640799 4.90384430 0.03058408 0.06150125 0.28799533 0.10647111
23.83310146 8.61285967 0.63335825 0.00905820 0.07362361 0.30468624 0.29912234
56.71247097 9.73319664 4.64457812 0.08627553 0.05440675 0.18080416 0.24595576
49.25424914 2.18540699 2.98320211 0.01218774 0.05588469 0.47580830 0.94947898
38.58637413 2.00172507 3.64577199 0.00880174 0.07675762 0.18156457 0.84871491
29.12308766 7.48299514 3.17013669 0.02563514 0.16216333 0.34439250 0.67472009
55.05137305 7.25329377 4.94235990 0.08749249 0.06414960 0.43550475 0.49302332
57.44400082 8.12468267 4.47614977 0.09508340 0.05594029 0.35636581 0.60990872
44.39508240 7.61948486 3.26425970 0.07156634 0.19537569 0.97764570 0.67117048
57.82764642 4.58631430 2.71646829 0.03355690 0.19527866 0.85676669 0.03372482
58.40385811 9.56143915 4.31941744 0.08677765 0.06564356 0.33935745 0.34175098
40.66726055 5.98409860 1.23801864 0.00992754 0.08367887 0.23190639 0.18894685
44.73036637 0.73319745 1.12051562 0.08528965 0.07565558 0.37164383 0.36020817
52.35446053 8.08271760 3.76457673 0.09260714 0.05570263 0.09951214 0.32870243
57.66242122 9.43631084 4.83624734 0.05140908 0.05455622 0.24541682 0.26346148
53.19839639 9.51034928 3.96567404 0.02468936 0.05593613 0.07849061 0.27590895
47.72577603 6.81554329 3.10794509 0.03387076 0.17578990 0.31413525 0.44191885
56.98450681 6.59215630 4.71116016 0.09389381 0.05703092 0.41650290 0.39795927
41.44869982 9.67611150 4.54880176 0.08159857 0.05331265 0.29013559 0.67615899
58.27535256 8.56032213 4.51838032 0.09413387 0.06679727 0.30779430 0.58465759
53.30053248 7.55211309 4.73136472 0.08941452 0.05601931 0.16739751 0.22306597
54.74036463 8.26005594 3.31037590 0.07765641 0.05559726 0.10493514 0.88699429
53.84740798 9.19243413 3.50065282 0.08183285 0.06751573 0.12267239 0.45295122
53.79648721 8.18743024 3.09720211 0.08592595 0.05549843 0.41975259 0.85499540
58.41399569 0.49906704 1.95166280 0.03490791 0.12598892 0.03298972 0.76424301
46.99999456 9.66526099 4.15767987 0.08221505 0.06689956 0.18725649 0.63821183
50.10253901 7.75005322 4.57027530 0.09713171 0.06171480 0.47952861 0.08152676
45.82906193 8.97508003 1.54004233 0.09071146 0.07042828 0.38960374 0.33009654
56.74245974 7.64474333 4.37937929 0.06046819 0.05980812 0.41610796 0.34191028
46.36711779 2.38111337 1.30390431 0.08016497 0.17505638 0.63701591 0.31763128
45.61483869 2.05932206 1.48897698 0.05157146 0.09482107 0.12188765 0.32008511
55.13122269 9.61533914 3.70349603 0.06089953 0.05741499 0.18531540 0.98329414
54.43580309 8.84104766 4.51627697 0.07893700 0.06309133 0.13704911 0.50160613
56.83936361 8.38160520 4.69654350 0.08782544 0.05379655 0.39009400 0.08478254
57.64254520 7.41201010 4.30472776 0.09212049 0.05222521 0.42321331 0.39990704
51.08734050 8.08154325 3.80590245 0.09567653 0.06028795 0.33497114 0.18575858
53.46254877 9.93723253 3.59035385 0.08487295 0.05205504 0.24116698 0.43960224
39.40764803 5.22714963 1.91785635 0.02897472 0.08135587 0.74972837 0.73345042
57.96470619 7.95491009 4.32840318 0.06144970 0.06353313 0.20866691 0.24571632
56.89725018 7.18204529 4.16924810 0.08000698 0.06536281 0.44751448 0.32702653
37.30798644 5.53800776 1.58198349 0.06350079 0.17995393 0.79386500 0.12766007
26.00512137 3.55998579 2.68615108 0.05099112 0.08072131 0.87617401 0.64497847
27.71888728 5.33437234 4.62204457 0.07729608 0.07156428 0.69609897 0.88680488
43.41787170 1.17842681 4.24258177 0.05858029 0.19678561 0.49369149 0.04629320
46.92491603 6.96754123 1.50562768 0.07393580 0.07288958 0.06033266 0.00617497
28.32437627 4.01569555 4.02179520 0.04250515 0.15706301 0.88637454 0.94368546
43.27299525 0.60937004 2.26037932 0.08043065 0.10698897 0.12989831 0.59415723
58.76297230 7.63214244 4.98058725 0.09330922 0.05940491 0.39684238 0.03570437
47.27472439 8.58032764 4.29005906 0.08046884 0.05097974 0.39901679 0.00280045
55.70817972 9.01104340 3.38523164 0.08059254 0.05298587 0.11764752 0.42108185
39.32845798 7.84545305 1.27701701 0.00829074 0.19834139 0.74533641 0.06386021
48.68088804 9.57052845 3.83621564 0.08662558 0.05313633 0.22018752 0.13719207
57.28848953 9.45169951 4.90355921 0.06067844 0.05077094 0.29088170 0.30713435
56.71850458 0.22525740 2.51675055 0.05483790 0.18249011 0.04610491 0.11524963
20.87244858 6.87532201 3.71093506 0.01219794 0.17995126 0.76038299 0.69759411
51.65883648 9.43131544 3.83449230 0.08027691 0.06133674 0.20522570 0.75511684
56.14714348 9.39520764 4.24422292 0.08522291 0.05499192 0.17082674 0.72890373
59.58114383 8.25135625 3.51782871 0.08351325 0.06659145 0.50759211 0.45873449
55.80450737 7.68364900 3.70520747 0.09154151 0.05521706 0.14239247 0.36258635
54.22476991 8.21586597 4.34020895 0.09104328 0.05205122 0.33397270 0.91350569
55.72429528 5.53146358 4.44507369 0.08939177 0.05030364 0.26186976 0.10033328
53.43456334 7.96724632 4.71415617 0.05546180 0.05112949 0.39695517 0.23080730
58.09346464 8.68522861 4.04190154 0.07743197 0.05407987 0.26405964 0.82846685
36.14752589 8.56368120 0.67399410 0.06405885 0.15292059 0.29569263 0.93633882
49.08140384 8.63290621 3.34962373 0.05740074 0.17706512 0.72747510 0.96995272
56.54901291 9.96670617 3.82932567 0.02243748 0.05193247 0.09906384 0.31211291
52.28621526 9.60374190 4.46365563 0.08899250 0.05699355 0.31522260 0.14040968
36.40326592 1.47482843 3.18066278 0.03994645 0.09388308 0.44049073 0.12476004
