88.08991601 18.02984998 9.35279016 0.14773469 0.06207221 1.82177236 0.99753562
81.83582013 16.33847898 10.77181944 0.17528143 0.05248117 1.26016921 0.74687882
107.52469528 12.44043659 11.32768714 0.16228193 0.05997946 0.27784879 0.63089259
52.11609144 8.06844240 4.11306029 0.08048733 0.17043534 0.80290229 0.80290229
96.33601449 16.36864240 11.16839306 0.15844773 0.07007925 0.20879177 0.71108975
69.23990566 22.07088422 12.30689056 0.08961519 0.05188873 1.65068235 1.25500789
45.12173560 6.35482522 3.32619525 0.06317630 0.14420651 0.62804339 0.62804339
87.72600927 17.68496329 8.97742272 0.14790593 0.05904269 1.77595526 1.09453392
39.13602163 4.88832530 2.65280243 0.04836165 0.12176008 0.47840054 0.47840054
67.13154850 21.97594872 12.01828259 0.08910814 0.05560014 1.56914623 1.15217647
105.02748151 12.84579580 12.23813616 0.16075964 0.06319720 0.31192502 0.82108785
74.82145876 23.38359462 11.81625313 0.09807111 0.05205752 1.41495766 1.13377794
75.25460530 19.32257941 11.71282539 0.09992415 0.05942883 1.45663441 1.41501355
89.15081284 18.05405626 9.11146418 0.14660955 0.06191389 1.83941965 1.14865157
66.94769568 25.13932428 11.05484640 0.07473731 0.05076982 1.67152152 1.22881357
76.24496442 26.97483929 9.60976466 0.04093774 0.05898414 1.26093385 0.61289150
39.07537851 4.87346774 2.64598008 0.04821156 0.12153267 0.47688446 0.47688446
107.81997335 12.37351459 11.63426288 0.15152913 0.06282667 0.32860421 0.94875219
43.22528473 5.89019476 3.11284453 0.05848258 0.13709482 0.58063212 0.58063212
67.21599872 22.94607746 11.25744828 0.08601354 0.05058885 1.60515540 1.35356848
103.74885585 12.20769436 12.15847804 0.15407849 0.06947493 0.25120420 0.86723553
76.42957620 26.23589720 10.13312226 0.03431985 0.05738386 1.24456461 0.97791147
27.02285976 1.92060064 1.29007172 0.01838158 0.07633572 0.17557149 0.17557149
103.42915438 13.59781215 12.09287989 0.17035036 0.06077350 0.36732271 0.82422747
103.08864548 15.10112068 11.84219755 0.15554148 0.05245207 0.28874279 0.61770900
105.61547068 13.71028899 11.15721829 0.15979889 0.06648225 0.23122468 0.95619617
39.41071982 4.95562636 2.68370598 0.04904153 0.12279020 0.48526800 0.48526800
98.96908117 13.31161001 11.50143752 0.16688822 0.05463287 0.28860899 0.70906967
89.11054665 16.13315077 10.37899039 0.19366494 0.06053253 1.23807991 0.72570933
103.59919402 13.80636853 10.63243581 0.14500114 0.07002748 0.63118743 0.41396960
104.83765667 16.24568947 11.86341235 0.14070114 0.06384087 0.23713232 0.64980519
95.36721635 20.08462948 9.40939558 0.19639036 0.06443582 1.25329037 0.95672125
85.63850613 17.63892413 9.22049248 0.14874464 0.05892406 1.82830064 1.20838950
79.47679873 23.43074384 10.94621490 0.06420546 0.05698321 1.31104470 0.93606522
107.92671710 12.65517444 11.05893067 0.16772265 0.06730608 0.30793502 0.66862009
78.42187270 27.80551322 10.04874081 0.03578882 0.05184713 1.23621423 0.70756452
72.88704570 20.92710714 11.20872010 0.10710797 0.06445754 1.57406239 1.13985811
110.93306370 12.04876277 11.20427294 0.16447677 0.06436067 0.31402131 0.67389394
84.84303135 16.78965861 10.41262213 0.17859486 0.05119728 1.27773140 0.79058456
103.26426981 14.14928150 11.40958773 0.15747294 0.05795495 0.26291417 0.83155950
55.80955379 8.97334068 4.52857480 0.08962865 0.18428583 0.89523884 0.89523884
97.51311606 15.66397946 10.97130006 0.13536172 0.05451023 0.18913061 0.86662373
40.63072280 5.25452709 2.82095632 0.05206104 0.12736521 0.51576807 0.51576807
103.62465062 14.55818385 11.63738580 0.14714629 0.06876198 0.28611264 0.62776777
86.79598465 15.52011016 10.54585296 0.18013717 0.06135761 1.12492941 0.76096108
102.89371036 15.50952930 10.59537299 0.15054198 0.06104683 0.34799930 0.71421486
76.91278972 22.79284235 11.21389552 0.09910214 0.07484232 1.49491389 1.18257441
106.76249283 12.67561848 11.37787279 0.15390153 0.06173536 0.25480040 0.92885457
78.66941816 22.93683619 11.14588482 0.09638706 0.06253077 1.51690880 1.25320420
33.63460253 3.54047762 2.03389278 0.03474564 0.10112976 0.34086506 0.34086506
64.81989110 22.94386094 11.34753838 0.07518426 0.05537802 1.63410623 1.18020446
72.81973895 22.68718662 11.34993588 0.07960640 0.05219083 1.53763546 1.25006478
48.55720928 7.19651627 3.71268604 0.07167909 0.15708953 0.71393023 0.71393023
77.08258825 20.04330411 11.08037166 0.11734780 0.05696618 1.81019889 1.13581065
68.17854113 22.48369961 11.59979045 0.07396990 0.06874608 1.52721348 1.17629460
102.47288315 11.77859443 11.53840471 0.17388616 0.05540201 0.32356170 0.66011478
83.54477531 18.48460539 9.86056570 0.13917590 0.05293074 1.66527739 1.02114997
104.71168071 17.97108437 10.13773471 0.14510321 0.05638959 0.50367713 0.67479996
106.91259828 12.50142140 11.50395166 0.16304558 0.05937928 0.27634683 0.66053802
74.59920941 22.75338197 11.60618015 0.09771176 0.05741981 1.53445121 1.25016755
77.73946944 23.98443459 10.11948046 0.05892024 0.06826182 1.15392076 0.87116512
68.14201985 21.87566926 11.76397532 0.09238907 0.06537986 1.64981058 1.21076877
54.62545418 8.68323627 4.39536360 0.08669800 0.17984545 0.86563635 0.86563635
104.33054821 14.49370859 10.95598761 0.15022190 0.05521619 0.68924428 0.48931842
78.10997362 22.54690173 11.00897205 0.06857623 0.06972016 1.33144778 0.98518489
40.22935204 5.15619125 2.77580210 0.05106765 0.12586007 0.50573380 0.50573380
99.11356322 19.60820172 9.06578359 0.19043681 0.06022478 1.19010070 0.94222332
40.56514776 5.23846120 2.81357912 0.05189874 0.12711930 0.51412869 0.51412869
96.08210730 16.30783187 10.56021532 0.14570240 0.05937905 0.73259535 0.60696715
50.69865336 7.72117007 3.95359850 0.07697917 0.16511995 0.76746633 0.76746633
107.76214210 13.31330466 11.01487125 0.16258597 0.05202793 0.28966482 0.64247210
78.66527474 22.91500988 10.94389321 0.06493922 0.05384842 1.19163004 1.05246977
102.36940369 13.11235749 11.00731182 0.17131437 0.05807811 0.25277219 0.80569035
103.06849541 16.01808922 10.83913851 0.16141063 0.05477518 0.37091571 0.64218224
33.08086169 3.40481111 1.97159694 0.03337513 0.09905323 0.32702154 0.32702154
109.29890579 13.80550022 11.28252646 0.16281201 0.05555793 0.33211049 0.58567685
23.10646661 0.96108432 0.84947749 0.00868850 0.06164925 0.07766167 0.07766167
83.04058381 21.71535030 11.61277866 0.08988087 0.05701235 1.44827887 1.21787059
81.03841496 22.55190570 11.42570950 0.04127781 0.05594730 1.35862863 0.78743599
83.64790027 16.12704856 10.90583579 0.17117587 0.06416134 1.32523753 0.69906033
110.72195250 13.89690454 10.73991101 0.14880536 0.05502765 0.58159890 0.44572137
33.26751893 3.45054214 1.99259588 0.03383711 0.09975320 0.33168797 0.33168797
107.03414250 12.90559749 11.12485118 0.14657670 0.07513981 0.31637753 1.00690873
85.80860346 19.31352438 8.98481730 0.15893301 0.05325218 1.87900591 1.00674316
106.26782330 12.66202928 11.92368076 0.16227813 0.05913824 0.23865735 0.83521192
53.53951075 8.41718013 4.27319496 0.08401029 0.17577317 0.83848777 0.83848777
101.49638486 15.58124503 11.32691805 0.13871006 0.05598192 0.32317481 0.70383261
100.11910102 13.89433292 11.79955392 0.16063767 0.05706993 0.44764255 0.74832083
103.37215373 13.35053935 11.24443182 0.15830850 0.05473994 0.21725747 0.81539220
98.08934494 13.97705122 11.94914450 0.17074217 0.05248534 0.24665696 0.70238094
77.77749643 27.30283375 10.09048042 0.03997902 0.06185530 1.33993269 0.68075667
68.06566801 24.64946031 11.25019258 0.08475138 0.06202383 1.65568289 1.32621727
123.15670105 14.10577518 10.62935325 0.17760457 0.05704256 0.41060003 0.56203901
108.64072499 12.44744496 11.72879682 0.15874728 0.06071863 0.41008520 0.72279544
32.03395926 3.14832002 1.85382042 0.03078405 0.09512735 0.30084898 0.30084898
122.97572151 15.39762341 10.38633672 0.17220950 0.06379426 0.41797854 0.60290944
108.68448666 11.89937779 11.81553733 0.15987000 0.07316883 0.45063622 0.82840185
68.68544849 22.14646090 10.94589689 0.10825672 0.05570932 1.45161822 1.30320553
105.10873049 13.52181415 10.59634436 0.13500088 0.05321284 0.50253496 0.31796499
28.43331393 2.26616191 1.44874782 0.02187245 0.08162493 0.21083285 0.21083285
122.30429931 14.97912961 10.73085143 0.18358794 0.06087973 0.46043965 0.61439162
106.41566144 12.45743378 10.80787736 0.15696289 0.06500408 0.32996602 0.55504498
106.30989294 15.89812621 10.62210435 0.15554409 0.06819520 0.26343400 0.75058681
69.54041313 21.89968924 10.95737375 0.11929988 0.05917693 1.43984404 1.20427162
29.67233893 2.56972304 1.58813813 0.02493904 0.08627127 0.24180847 0.24180847
89.52686548 17.24672115 10.38664014 0.18220809 0.05652549 1.30461652 0.84735589
34.21558731 3.68281889 2.09925357 0.03618358 0.10330845 0.35538968 0.35538968
101.17695465 13.95522673 11.69042449 0.16906882 0.05909640 0.41756107 0.79941899
112.61979752 12.56460931 11.00249022 0.16906121 0.05502680 0.26722475 0.66413632
95.51309766 18.81228316 9.40119473 0.19373397 0.06716257 1.29797590 1.04480846
108.51703894 13.21678283 10.87371183 0.14556195 0.05302549 0.68002803 0.51497304
80.10656239 15.77102519 10.62685523 0.18040866 0.05328539 1.39416829 0.76199102
25.26891244 1.49088355 1.09275265 0.01404056 0.06975842 0.13172281 0.13172281
109.78968326 13.14815086 11.63686188 0.17655476 0.06239460 0.50988970 0.68236355
99.16549266 15.28680507 11.33642921 0.16249003 0.06568047 0.24539632 0.69734938
69.35251793 24.81406023 10.21874762 0.06115628 0.05755727 1.26778240 0.75091669
72.18347657 21.46070134 11.75717825 0.08919715 0.06451863 1.45951081 1.34263339
75.99339487 27.01515054 9.63398213 0.03120800 0.05060964 1.26558755 0.62772305
108.30479874 12.56245531 11.58036675 0.15070350 0.06199223 0.30877734 0.94160998
99.03010177 16.59199614 11.41706193 0.15829683 0.06649995 0.30538033 0.71749002
71.47746219 21.79028557 11.88344985 0.08354378 0.06282360 1.64292011 1.21778872
81.81138099 17.91364582 9.19832869 0.13887776 0.06785513 1.83042056 1.11440760
73.32347331 22.90541499 10.56625188 0.10611337 0.06007098 1.52074688 1.14114218
80.89245779 20.95551577 11.70558042 0.09329391 0.05417692 1.57936767 1.39976066
101.77352907 12.89512063 11.55375355 0.17721815 0.05402147 0.29432023 0.67476415
84.65915984 16.64586933 10.59083605 0.17452003 0.05640325 1.36963654 0.75359286
86.56656935 18.49843678 9.63841282 0.13525265 0.05220911 1.61516700 1.10859591
103.75793256 13.05165644 11.26536473 0.15158518 0.05492921 0.27933916 0.66588355
