43.08053911 8.95417658 3.57669968 0.07493352 0.06124195 0.35436275 0.40411444
54.93875703 7.85930122 4.34974999 0.06404070 0.05309007 0.34525102 0.88686679
54.07298622 9.73068383 3.80928545 0.05819090 0.05389982 0.17426171 0.49396352
47.51508415 2.17349346 4.94946288 0.01719960 0.15911448 0.91140477 0.86151848
45.01190030 8.41660020 3.60040877 0.06297201 0.05175981 0.65576502 0.24578838
52.35470118 5.51358683 3.56497525 0.04244058 0.12449690 0.88177296 0.26670186
52.67633168 2.10137161 4.74169771 0.07425665 0.12844168 0.81306979 0.79900510
46.21186600 9.15603488 3.99780001 0.06683883 0.05918796 0.59657387 0.23726639
22.15298828 1.94135839 3.97126723 0.01501955 0.19344920 0.49716161 0.43900161
56.41800318 8.49123712 3.37985920 0.06019277 0.05173647 0.27575183 0.78587460
47.88040890 2.19580505 3.06706182 0.08510957 0.15816126 0.09416268 0.34979243
44.02163065 9.99564214 3.64940592 0.04170869 0.05791478 0.47661404 0.59900346
52.59148318 2.94182680 3.45692072 0.03647431 0.07773963 0.73249682 0.15019106
56.65586677 7.83938031 3.30164654 0.06579739 0.06373971 0.36944579 0.09197334
39.10074990 7.89330263 1.38540785 0.07770879 0.17742707 0.30810107 0.26772783
49.24286371 8.02145647 4.75373289 0.07063810 0.06107378 0.44188619 0.47527917
52.67566787 2.66561307 1.81611122 0.00248070 0.15407617 0.36599358 0.36064193
51.27335251 9.75031791 3.26306023 0.05040408 0.05667350 0.42490313 0.70388071
56.56203313 9.58816392 3.39824538 0.05350324 0.05250245 0.24294457 0.72764907
56.06265218 8.11098235 3.94238134 0.04062904 0.05844962 0.30637841 0.69621697
48.08039263 8.13476187 1.17043043 0.08647566 0.10128213 0.02183048 0.36057107
28.11873193 5.69186352 1.36903435 0.07251055 0.11459833 0.31069958 0.69995806
26.08553504 5.36108710 0.71719670 0.06647432 0.06336754 0.30545006 0.60110533
58.68164034 9.99748618 3.65962950 0.06213062 0.05763524 0.12047141 0.55672352
36.89637412 7.07882058 2.26455621 0.06075081 0.05323113 0.97982188 0.51247586
53.35862304 9.37222531 4.28065741 0.07622822 0.05202442 0.20117802 0.48709420
47.75748127 9.20324261 4.10158145 0.09355325 0.05171403 0.16840378 0.54494363
24.88863711 3.07631770 3.01468773 0.03718259 0.14818065 0.93596128 0.54726582
47.14373246 9.83687962 3.63579974 0.04200587 0.07727750 0.29877272 0.83925008
54.78389373 9.13424626 3.18612144 0.05509903 0.05331514 0.30856434 0.21003207
57.12715614 9.31966783 3.05384221 0.04862907 0.07623291 0.41033301 0.09411043
53.53310775 7.66653694 4.26472446 0.06551417 0.05388912 0.20556342 0.48579958
47.53222911 9.64799968 3.54706818 0.06088386 0.05737143 0.40345436 0.42812835
58.85972843 8.81815745 2.77517214 0.05838645 0.06064206 0.30282137 0.65972827
54.31361936 8.37755790 3.54348552 0.04912070 0.06582270 0.24161304 0.60475719
22.19508381 0.57942704 3.52235186 0.00675739 0.08184046 0.01600944 0.37455921
26.26115577 7.96631569 4.48207177 0.00177913 0.05000267 0.80576442 0.48040513
39.41577860 8.96765092 3.99088908 0.08778466 0.18077652 0.03474724 0.85446875
49.05806285 8.41020907 4.15416115 0.06173256 0.13596352 0.12676689 0.83945432
55.49031973 8.24899116 3.40465731 0.06904309 0.05333246 0.42680421 0.11849174
57.57524107 9.92396158 4.15745557 0.04896047 0.05951727 0.18337461 0.84925168
55.18611297 8.52342484 3.94850482 0.03741549 0.06341021 0.12185357 0.77137576
50.73161742 7.75106291 4.09173052 0.07641920 0.06838837 0.06345552 0.42985436
55.09673433 8.16675195 3.77353260 0.04107991 0.07256750 0.09001254 0.82050200
44.56708926 9.41308498 0.51703430 0.02817181 0.17444719 0.45786144 0.30609222
51.24590149 9.41992277 2.84068561 0.05180301 0.05634393 0.55573610 0.46847681
51.26890175 8.56575381 3.51253839 0.06530816 0.05086008 0.75293821 0.25987841
47.67253943 9.10135023 3.77133097 0.07580896 0.05333471 0.44625297 0.43723196
57.10000497 8.23203211 3.70435593 0.07575710 0.06091796 0.29925642 0.62194553
53.85134735 8.83756507 3.61756248 0.07311116 0.05532023 0.29825661 0.73248066
37.85764526 4.05034505 4.72085215 0.02933063 0.18945594 0.83040416 0.48123842
58.53314811 4.21394800 1.39511960 0.09444269 0.10232502 0.83594092 0.55952876
49.05532669 8.53203833 1.05323728 0.05718369 0.12100588 0.93219017 0.68937018
52.04374680 9.66152401 4.13765804 0.04203366 0.06357815 0.31735146 0.78689906
22.44155272 8.81720877 4.19465577 0.08207009 0.08297157 0.48850702 0.52202818
50.33984738 9.47193156 4.04701378 0.07216821 0.05820794 0.06658220 0.42107285
52.61539029 9.39620073 3.54594525 0.06823986 0.06607401 0.47974134 0.69771427
54.99751300 9.38688156 3.40618958 0.04580690 0.07062223 0.35767929 0.21513614
59.67081467 9.10198951 3.97504689 0.07345998 0.07261749 0.26513839 0.89540678
50.21123263 8.52489252 4.11406722 0.06803289 0.05772329 0.33222396 0.06468790
52.37431648 9.69097871 4.26099026 0.07584269 0.05919691 0.17946272 0.48234038
37.06183127 8.35150188 2.00705817 0.01670545 0.05138622 0.19575797 0.83683193
53.53797022 8.46537807 4.13329536 0.05480502 0.05460100 0.24208160 0.53907326
59.43028128 9.14065632 3.48190882 0.07222689 0.05235177 0.26945181 0.84847127
54.42885865 8.41337230 4.05987396 0.04352232 0.07126010 0.19753058 0.57074370
39.08817006 1.34989752 0.64839724 0.09987229 0.10137488 0.86751182 0.62118663
41.24115981 0.86614928 4.71085994 0.02143315 0.17182759 0.95301118 0.98933524
42.48822211 1.21192514 4.56751519 0.06621943 0.13016752 0.41681501 0.07421190
59.32382896 8.61636716 3.27845657 0.08230701 0.05550413 0.54139144 0.14262130
23.42035170 9.76632378 3.56365284 0.07805628 0.16461586 0.15523168 0.06461238
52.47223097 1.40160678 4.05056267 0.07648725 0.19163662 0.83925585 0.09593972
59.30357499 9.31784180 3.74326482 0.05544571 0.05331639 0.14906744 0.60740280
48.53624954 7.88090252 4.01900661 0.07090950 0.05067433 0.27743160 0.39554374
47.22350065 6.89489037 1.88632595 0.03024063 0.05367694 0.58367763 0.73372578
38.71071584 6.44674449 1.88165853 0.05422440 0.14726574 0.57158981 0.50516088
41.43270002 2.29555289 0.77096489 0.08519061 0.19216916 0.48046390 0.69413804
52.98546866 8.58781364 3.57857277 0.07580023 0.05946910 0.08065737 0.49567261
36.17351156 8.08806662 3.28133311 0.02864896 0.13604124 0.78117492 0.67766194
53.83030577 9.59696839 3.55503404 0.08543452 0.06429602 0.27247810 0.42017149
34.04318984 8.80263824 3.49691274 0.07664793 0.05784712 0.54731465 0.92427220
58.05994823 8.73063586 4.46143619 0.05559600 0.05948223 0.18090314 0.78739750
52.54654668 9.16855092 3.08230152 0.05534611 0.05889617 0.38906598 0.19837816
28.24246763 4.71879266 2.04442709 0.01526225 0.15069946 0.37042595 0.65818773
48.95054235 9.37965206 3.92131946 0.04117412 0.06143053 0.40982653 0.59037479
55.77310067 8.37069574 3.05979851 0.05663525 0.05057597 0.53331916 0.48026024
23.64336437 1.98611872 3.90437773 0.04949380 0.13830476 0.63046464 0.91709375
54.27380127 7.83598841 3.93225314 0.05556152 0.05445310 0.14249988 0.84270777
58.81524379 9.92308671 1.40889431 0.04490594 0.15204473 0.08880367 0.62895170
53.07759509 7.64013845 4.42013857 0.03363896 0.06727632 0.20594526 0.02071582
39.37466926 8.94447576 1.91016269 0.05098344 0.14058712 0.31662070 0.72191337
56.05353701 9.08497873 3.48051387 0.05267460 0.06829014 0.30037180 0.26200397
57.60306383 9.48340128 3.27182156 0.05961222 0.06136458 0.09355698 0.63462455
54.44326003 9.65133976 4.22886811 0.06776928 0.05777210 0.25387929 0.88719268
33.95136773 7.66460900 2.94128827 0.04066311 0.19833952 0.82120447 0.55355563
52.32710739 9.72672176 3.94116904 0.08801651 0.05505695 0.17756038 0.52604763
55.22086560 7.40995815 3.84395780 0.07629131 0.05496336 0.42443555 0.53419032
29.01675457 5.03480591 4.84392465 0.07391096 0.06506037 0.39806783 0.72372594
53.87429754 9.58129903 4.23410161 0.04164105 0.05231359 0.20619164 0.74073170
34.71369464 7.44223762 4.97875291 0.01771959 0.17265126 0.42855703 0.59012308
57.48155628 9.84556188 3.63389206 0.04781920 0.05177614 0.37378451 0.73897738
54.83757506 8.44705209 4.32508245 0.05263807 0.05149828 0.32411220 0.20666262
49.13609736 8.35227064 3.86789303 0.07648052 0.07051059 0.06745653 0.34618619
52.58214950 6.06819590 4.10213865 0.08132758 0.11101728 0.61355161 0.65210575
28.13366962 5.85880487 4.74967999 0.02564625 0.06104790 0.34154494 0.39466250
45.68851054 1.07098664 4.71851648 0.05250617 0.09790015 0.55701409 0.07088037
54.85686361 9.30863333 3.04078767 0.05777819 0.07342953 0.21221972 0.49665946
25.67127703 3.77822346 2.01878498 0.05167699 0.11303702 0.64193274 0.26741305
35.12025559 3.49771975 0.50093666 0.05133719 0.17632473 0.92164826 0.68089069
30.34833479 2.34091658 3.12541885 0.08792902 0.08728667 0.90139922 0.26736766
56.66138404 8.54283316 4.44715903 0.04865175 0.06929865 0.20521639 0.60771395
45.63598583 4.50598560 1.36987589 0.08934904 0.10268773 0.40373494 0.82518842
59.40870969 9.43397380 3.35430421 0.09576353 0.06620527 0.20610249 0.55949707
37.70963440 7.52987253 2.36654511 0.08922171 0.09450345 0.60649402 0.69728878
57.40594936 3.26748417 4.02330916 0.01389488 0.17706175 0.59137048 0.27420217
59.04869042 9.23565403 2.82153556 0.06508535 0.07400739 0.30662102 0.72541366
49.08894272 9.74590347 3.23376068 0.04923506 0.05529440 0.35556822 0.54546790
45.38714564 0.58451023 1.05659417 0.04308912 0.11801819 0.84968839 0.70740872
53.86837945 8.63788301 3.95148747 0.07829380 0.05788832 0.09333231 0.51949750
55.14188631 8.33244939 3.62044152 0.05319295 0.06961907 0.22284711 0.58541868
30.29235531 9.98899562 3.60395896 0.06584818 0.19037498 0.26317711 0.82891274
49.35322911 9.87780008 4.37691011 0.07653089 0.06090947 0.33327534 0.56519542
24.47934385 0.40318419 3.61501865 0.00482861 0.07146736 0.01239531 0.14639494
44.89169233 8.92521116 4.20647457 0.05042298 0.05014954 0.64284910 0.16933220
55.49660289 9.52743590 3.83848307 0.05540901 0.06405045 0.31738785 0.96358615
53.11127571 8.78411119 4.40637280 0.03645634 0.05782970 0.07578903 0.01652782
56.76907883 2.65510552 2.48065974 0.08975801 0.07189132 0.54305029 0.24029672
50.98678816 8.20615116 3.39285483 0.06070472 0.05008578 0.46852180 0.68723283
50.55127279 9.72183985 2.94336854 0.08564847 0.12262357 0.69665152 0.95136426
