54.67149846 8.62644347 4.79250828 0.04913313 0.05262453 0.72355824 0.57960526
20.10354898 0.95625312 3.54984439 0.03409775 0.12561352 0.96922096 0.59561143
55.82283703 8.36356783 4.19758937 0.05948825 0.05050651 0.23498874 0.69826318
58.43294207 9.31610627 4.74556107 0.08724061 0.05347642 0.51059541 0.14562774
55.45477362 8.17446096 3.83665638 0.05320977 0.06370030 0.38851190 0.27674176
55.66900429 8.18226717 4.19393018 0.06782485 0.06363842 0.31191223 0.11636476
56.42846300 8.39023930 4.52316857 0.07854788 0.05242953 0.24544995 0.46647597
55.46441516 9.76274231 4.07445527 0.09240051 0.06133294 0.42298179 0.16472021
56.86352592 9.20739561 4.99793689 0.06604247 0.05584156 0.41455407 0.36013955
52.18916680 8.68947078 4.43836188 0.06887506 0.05757127 0.35329199 0.42709804
57.35406843 9.77657876 4.49829637 0.09612431 0.05421609 0.33984188 0.01071476
23.29577355 4.48088078 1.36100246 0.02188980 0.12398991 0.74938855 0.36529438
21.38390677 0.25279463 3.33300440 0.01282027 0.15706930 0.04224705 0.76048279
56.55451457 9.19010964 3.78655342 0.08585673 0.06160573 0.42952159 0.09483795
52.69979419 8.94327635 4.64020667 0.06310662 0.05429802 0.48628791 0.42885875
42.07950439 7.68879932 4.25554296 0.09629444 0.10484492 0.88432663 0.54157379
51.82020273 8.49035507 4.67525734 0.08342686 0.06543890 0.37853053 0.12020765
27.27683542 4.95419821 4.63404759 0.02228244 0.07621706 0.00753818 0.58800227
55.27260507 8.58093637 3.46123390 0.05245961 0.06093450 0.27851442 0.29498238
56.16729811 3.15117929 1.73217952 0.07276954 0.05767364 0.06960081 0.92674633
57.24065118 8.28210486 3.41970166 0.08698188 0.05096435 0.31012340 0.15302754
54.43087950 8.92327080 4.05844769 0.08611514 0.06205838 0.79181441 0.49665308
39.55557299 3.59658006 1.75780800 0.03051331 0.06209545 0.00207201 0.80672167
22.90569538 1.87866707 3.41720261 0.08691389 0.14221651 0.52969636 0.45125740
50.26347351 4.01026899 2.29639654 0.00333623 0.07237480 0.94291118 0.45708179
59.80240955 9.27574493 4.34633004 0.04055345 0.06029442 0.61805580 0.66832143
54.20555598 9.31630878 4.35586838 0.04905540 0.06184860 0.53547330 0.44832085
54.92700344 1.04895695 1.91879195 0.05423339 0.07512672 0.85722596 0.34682944
58.01788714 9.12795363 4.76677200 0.05592817 0.05752323 0.62667455 0.59272819
54.45500024 9.50107153 3.81000652 0.07075018 0.06863436 0.30882753 0.63066194
47.24033480 5.68347220 4.72889052 0.03456786 0.17359760 0.83284097 0.92533715
54.08236729 8.78831513 4.58547186 0.08453678 0.05368100 0.61934138 0.45225256
24.00761205 2.85668252 4.88522608 0.09407144 0.05608679 0.31936442 0.88941192
52.13760789 8.79398453 3.56027335 0.07130697 0.05547302 0.26583886 0.69338549
53.03476452 9.41212629 4.00977600 0.07127301 0.06136801 0.31814351 0.61847253
54.13444958 8.01747488 4.84842876 0.04110784 0.06030663 0.74953295 0.44131070
21.25177320 2.32115773 3.38350910 0.07999665 0.15902947 0.51500542 0.08765651
58.42001245 9.40646150 4.68225389 0.06082351 0.05007941 0.44416142 0.61033534
58.57738419 8.44676792 4.29839831 0.09811721 0.07007999 0.27695884 0.10584263
57.06189051 9.65059790 4.47316289 0.04914690 0.06174077 0.58551561 0.59738458
54.06662676 9.20082942 4.26493909 0.06293779 0.05842868 0.45093674 0.68042110
58.44882829 9.10959135 3.71457302 0.07029942 0.06626762 0.75882332 0.53044446
46.01819881 9.51165800 0.71617081 0.09750874 0.10815321 0.40864015 0.03165305
55.89201513 8.37001517 4.50554867 0.05829731 0.06090339 0.81640486 0.57269238
59.56917719 9.25152544 4.46820641 0.04732277 0.07680513 0.47839648 0.61454121
57.62112412 8.68484541 4.64725531 0.07019273 0.07148709 0.68627260 0.26522429
40.37425314 7.81609060 2.62671125 0.06579795 0.13203624 0.06926092 0.63257012
58.96357239 9.96919494 4.06562571 0.07529571 0.05721566 0.20631984 0.64413648
53.00440395 8.34371720 3.69196694 0.09566437 0.05032635 0.28634533 0.36907632
51.57612695 8.12469940 4.33021610 0.07707077 0.12811131 0.27537368 0.36231859
56.43052805 9.22077668 4.28521338 0.04858874 0.06237184 0.53822911 0.42872198
59.31128991 9.44353810 4.50441137 0.08528531 0.06217293 0.44732703 0.26945677
35.23205450 0.50340661 0.51348632 0.09362942 0.06189630 0.46893808 0.90465214
49.45890127 5.73710494 2.56191179 0.00632551 0.05609654 0.50415630 0.38320923
39.84857885 6.75210219 1.37871996 0.04154317 0.18360749 0.93338828 0.60800684
54.18585972 8.43823055 4.11915488 0.07869321 0.06118152 0.40951726 0.05569403
56.05057395 8.78785346 4.71798572 0.03989889 0.05410565 0.59689924 0.44317792
56.16403378 8.98390933 3.30790687 0.07653057 0.05051083 0.16283537 0.47602009
28.65906662 5.02283996 4.28309847 0.09229280 0.18816137 0.95438448 0.25752658
48.90649981 9.04845114 4.15371587 0.06196347 0.05057569 0.32202962 0.78121807
58.16686002 8.92941538 4.86070236 0.08681787 0.05400982 0.26641149 0.14194219
55.56965833 8.45181675 4.24017551 0.06239404 0.05004974 0.28317069 0.70809562
40.58066940 7.25158799 3.76017151 0.06763477 0.18147097 0.03953328 0.88938360
52.81015587 9.92910854 3.78436277 0.06131609 0.05916298 0.38323803 0.67460236
58.89332750 9.65566581 4.74534436 0.05007754 0.05355764 0.53917646 0.70549571
58.71345375 9.09714296 3.93410051 0.07658779 0.05551293 0.23689312 0.71954919
38.20310344 0.51812119 2.28694192 0.03710327 0.14070717 0.50517893 0.52171804
51.26473235 9.32864975 3.85371627 0.08184363 0.05711366 0.25335982 0.58692623
52.96509316 9.50307737 4.58868545 0.04619907 0.05040444 0.80776023 0.47029533
33.33545297 4.36378694 1.30604071 0.01111022 0.18156490 0.45188049 0.40513679
51.72234951 8.75811488 4.84215672 0.09187819 0.06054234 0.43069193 0.11461151
48.19940094 0.83636794 1.13654705 0.05984719 0.18250300 0.49400535 0.51249464
23.44914093 0.63698511 2.71168430 0.08426988 0.10225314 0.37513389 0.35093180
29.45434836 5.88673642 2.52205394 0.04072067 0.06588730 0.30108764 0.41644781
59.26107681 9.34093070 4.52134508 0.08718154 0.07201106 0.37382266 0.23166276
52.92428408 9.51283356 4.46777299 0.05827605 0.05061226 0.46436027 0.37302224
34.27341897 3.20156306 0.91693839 0.00439635 0.10361288 0.54475708 0.06076578
52.24199815 8.63314797 4.50973974 0.05562030 0.06334724 0.50369430 0.42641580
44.55247070 1.99347059 3.45337713 0.07936591 0.17160118 0.41826209 0.91760293
53.76740479 8.53070069 4.50707883 0.04099751 0.07595785 0.58837939 0.48681772
55.94469455 8.48642162 4.61613131 0.06381194 0.06042602 0.47522300 0.32314828
27.73753748 1.18018693 4.34694760 0.08853050 0.13022006 0.51229670 0.35205494
25.80070208 2.30907596 3.75628120 0.09891049 0.13381588 0.74765886 0.21379700
59.58293188 9.80950900 4.36483299 0.07987470 0.06341502 0.39240234 0.47169109
51.18449686 3.02525570 4.11526513 0.05568768 0.14150311 0.09397511 0.24552294
46.16244394 9.58129430 4.11919746 0.07754495 0.06157319 0.32213895 0.40415653
47.28821218 3.45913709 2.33771186 0.09555852 0.07261132 0.58530415 0.28763691
53.94684543 8.76516352 4.68732640 0.07725928 0.05805853 0.41197351 0.18628237
49.43198100 8.11949858 3.62983682 0.07696481 0.17440081 0.16809674 0.68886533
51.65823699 8.37941122 4.81639012 0.06367665 0.05517956 0.38092062 0.35827364
57.46267087 8.33312416 4.09097058 0.08392220 0.06119763 0.31263324 0.16455338
58.16225651 8.76889487 4.27931178 0.06811291 0.07182423 0.22771030 0.13879709
55.75802798 9.80580759 4.43447402 0.08157211 0.07080781 0.35305848 0.56499065
54.18809864 9.64564982 4.58786353 0.05356566 0.06813899 0.43168911 0.41991983
56.99092415 9.49166484 4.44375231 0.06440278 0.06050596 0.32235918 0.60529785
48.06143091 0.87106291 2.64630088 0.09754095 0.06401494 0.90482377 0.36727746
46.01572825 2.74787592 2.00687702 0.07593609 0.14691769 0.61312501 0.55887145
30.47638619 8.38003116 2.04111164 0.06984941 0.06723192 0.21363964 0.04499335
28.31234840 2.42034917 3.29694674 0.08285698 0.14512775 0.47816158 0.93762856
54.39698550 8.82242867 4.37442672 0.07082117 0.06057070 0.60318028 0.34536785
52.63186312 8.97941251 4.82184576 0.08995617 0.05731460 0.36324021 0.21140290
52.59738460 9.70193288 4.54358469 0.07362802 0.06753353 0.75782641 0.32474348
48.26768712 7.72873774 4.19812192 0.07974051 0.14059966 0.43735144 0.40179254
52.84171295 7.62233190 4.86519779 0.07378776 0.05110088 0.38946594 0.66606891
59.87757625 9.22399744 4.09856630 0.08896082 0.06434233 0.44292822 0.15852391
54.01663896 8.17558551 4.63393834 0.07721609 0.05184805 0.33946791 0.08501111
59.13903962 4.82144355 0.57692508 0.03089840 0.19313705 0.85046814 0.92163016
35.11374687 8.34689094 4.07017054 0.08191243 0.10804327 0.20689136 0.96681132
54.77889649 8.66491082 4.82966877 0.04355551 0.06043416 0.52966307 0.41531627
53.82538865 9.20269167 4.74726720 0.05842375 0.05240652 0.34781055 0.35243872
55.81554340 8.51918279 4.64341109 0.08110109 0.06943870 0.70085273 0.43944149
56.57887582 8.10951929 4.65400527 0.06409148 0.06316326 0.84075487 0.60321456
27.52471990 6.11640108 1.27381839 0.04639938 0.07252241 0.11375238 0.57777114
51.25333132 8.02167304 4.53517108 0.05664161 0.06398201 0.36659167 0.37577436
46.76903955 8.04394072 1.60642252 0.02083996 0.16326002 0.38228884 0.07749422
58.12517364 6.53313447 3.30268372 0.01765891 0.19207537 0.73703357 0.39677278
55.69428294 9.87992448 3.07599038 0.07929381 0.06176133 0.16360796 0.45114393
59.60554564 3.25265676 1.61533648 0.07359858 0.13814031 0.04906256 0.77941133
59.47490296 9.91526089 4.19860231 0.06846202 0.07138199 0.68583458 0.34540310
52.91971459 8.94292582 4.56590588 0.05955391 0.06776774 0.41197794 0.38551661
57.26042239 9.16365244 3.33487825 0.06275823 0.06830565 0.41554563 0.39448577
55.33146887 8.59549772 4.49639881 0.09271471 0.05637530 0.35670192 0.09940853
59.37124765 9.83614685 0.50612512 0.06296738 0.06131671 0.44106168 0.08640642
51.39930081 9.21423116 3.32951251 0.06293750 0.06844910 0.62958554 0.36815618
53.09185123 9.27272104 4.49437412 0.06475889 0.05930270 0.39922356 0.48723609
50.11000797 8.09626611 4.83271399 0.09190352 0.06390938 0.44953848 0.11671362
52.78035682 7.87947924 4.52620636 0.09893815 0.05039323 0.34703251 0.06104582
54.90595722 8.59783065 4.46016694 0.08632150 0.05935403 0.36995248 0.22259477
