52.02436010 1.10090698 4.93703561 0.05277584 0.11043044 0.46173060 0.64722432
46.30394177 8.25482996 4.24689031 0.05631778 0.06197015 0.43253019 0.32205152
58.92460693 8.84927558 4.08510462 0.09228563 0.05829462 0.50711332 0.59716819
33.98043455 5.25919817 1.00278824 0.09872926 0.13275470 0.91671353 0.04084746
56.87602851 7.39608328 4.25524255 0.05199641 0.07881097 0.44367948 0.47330264
52.72015025 9.51643394 4.81630294 0.06085535 0.07464816 0.51988584 0.61573804
55.46896584 9.81038075 4.04304314 0.08032981 0.06137717 0.94873533 0.19538370
57.89352333 2.30139939 0.61124307 0.01819298 0.16637243 0.54789543 0.71537383
50.60408216 9.71554507 4.80024993 0.05210795 0.05146517 0.62633814 0.41147514
54.13749055 8.17860807 4.24620031 0.06770643 0.06169264 0.44770780 0.05692645
46.20211586 9.75646151 4.15437710 0.09473443 0.05925809 0.62174226 0.72236895
53.10252130 8.91287678 4.16823332 0.08050074 0.05924825 0.29760091 0.09034613
48.80000461 9.62005658 4.15596778 0.05216719 0.06065536 0.51447036 0.01831559
43.04586698 1.95990534 2.27700999 0.07180177 0.11596549 0.40107895 0.21601746
56.14909518 8.54092537 4.60793961 0.07728157 0.05968608 0.39124326 0.15051030
59.03391712 9.11828747 3.79171508 0.08581718 0.05317042 0.43375162 0.65319240
59.87660428 8.54099329 3.99907275 0.08434039 0.07596075 0.98447515 0.08158625
54.47563579 9.25515388 4.47892689 0.08603229 0.05886047 0.79585077 0.05998990
50.34537689 8.69604400 4.47779151 0.08022559 0.05198720 0.91555613 0.18617564
48.72017093 5.30641037 4.88849435 0.06027145 0.07833733 0.56532984 0.51932601
48.15640896 8.53266066 4.18216368 0.05916423 0.05478850 0.92237234 0.24587688
58.08301290 9.05264685 4.56887355 0.08071960 0.05534145 0.87538982 0.35773089
55.55924774 8.99106927 4.52228453 0.09361909 0.05114970 0.48361049 0.00825685
54.06884487 8.50888628 4.62713132 0.07781080 0.06558340 0.81214371 0.00310262
47.59957450 9.92123635 3.94062202 0.08800781 0.05300367 0.94367526 0.00938734
42.38001775 4.19682731 1.72073853 0.00319740 0.15551474 0.66492652 0.22363706
33.82514659 4.97598905 4.19846246 0.09980718 0.10732789 0.33134516 0.02015355
55.45024186 9.65707755 3.88180485 0.08453650 0.05341179 0.97821938 0.05792952
30.41501022 7.69855304 1.30061550 0.06832968 0.10248208 0.98539588 0.16292611
58.29019691 8.93202438 4.36948971 0.08604658 0.05138899 0.83825516 0.18651277
52.81117180 9.37084289 4.56969963 0.06534098 0.06159524 0.39112384 0.53160668
26.08416327 2.21508992 4.70036678 0.02130024 0.15300327 0.69571362 0.31946016
50.18785526 9.35402625 4.99596414 0.05647148 0.05917870 0.53906834 0.55267540
56.66918130 9.29506654 3.63443783 0.09832099 0.05299111 0.54077789 0.23423069
55.06552064 7.85131641 3.90924723 0.08490358 0.05483692 0.23015435 0.15962612
53.53904175 9.34673114 4.14395892 0.05989882 0.06577395 0.55078678 0.43733259
52.59803513 8.72046699 4.58196004 0.09053062 0.05290016 0.28587794 0.10938528
29.10569945 7.10853071 1.98286684 0.03421104 0.17195827 0.91369416 0.07299477
58.08304145 8.80562301 4.44453589 0.07245628 0.06163269 0.79655616 0.31029911
56.73523172 9.33558627 4.02956910 0.08157261 0.07295711 0.88903787 0.10623576
54.18154135 9.01744261 3.75974911 0.08966878 0.06438817 0.65185099 0.14224565
57.17484730 8.63179823 4.00432988 0.07863522 0.05017810 0.85338237 0.71479641
54.11328068 9.15984814 4.91569295 0.08158346 0.05228094 0.73548798 0.61989213
58.57100002 9.63291434 3.88045257 0.08719938 0.05517804 0.31435662 0.22453096
39.33704542 7.72825751 2.83130218 0.00593348 0.13357797 0.00715141 0.11458446
40.97320212 1.67081743 1.38363646 0.08198807 0.17490026 0.12322248 0.70281832
55.30463614 8.34730067 4.14941381 0.05216685 0.06477898 0.86770235 0.07091490
52.60477336 9.32372333 3.99163707 0.06726296 0.07083011 0.77120459 0.27845652
50.59220385 9.79372509 4.05729879 0.09656028 0.05680260 0.46339051 0.05604321
46.94021983 0.48182276 0.77996516 0.03276044 0.08864187 0.95923968 0.22825087
48.11392819 8.47567537 3.95786865 0.04622103 0.05888625 0.58000823 0.02875356
36.17600515 6.98346970 3.13868945 0.03586959 0.19963691 0.81908611 0.45547030
51.54592009 9.54331852 4.30632440 0.08763524 0.05021916 0.91891262 0.17542457
57.11837904 8.78140274 4.38318189 0.05941434 0.08544652 0.42021374 0.60191016
57.19295637 8.26239997 4.08857147 0.08355121 0.06179901 0.75992014 0.17736110
40.66138449 2.33439675 3.36953953 0.02214489 0.18114983 0.30276286 0.59162295
21.81271917 3.86397130 4.69723559 0.09954854 0.12559110 0.06738741 0.84746894
47.09227949 3.76173941 1.54191763 0.01224045 0.12209729 0.92968003 0.99118993
54.05922593 8.72157888 4.14278749 0.06075811 0.06456830 0.86886625 0.19878952
20.32740476 4.96084423 3.98921525 0.04558805 0.14854996 0.41018560 0.75376127
42.41663337 7.25583696 2.30887172 0.09415844 0.12556339 0.88557795 0.26768153
52.52075855 9.83714098 4.76085996 0.07454415 0.06047878 0.60753218 0.63358813
57.37348223 9.00572925 4.67992170 0.07547634 0.06170843 0.46908313 0.10803586
54.89786583 9.89909230 4.77058051 0.05527524 0.06013448 0.76685307 0.53987038
51.45610879 8.90906475 4.53468619 0.07877153 0.05858457 0.88877329 0.27974735
53.23840295 8.78391109 4.59017171 0.07498232 0.05591502 0.60692611 0.53682484
51.23429623 9.79329920 4.15039841 0.09346380 0.05451592 0.58671605 0.51258942
55.83505930 9.29259567 4.22356017 0.04681586 0.06224604 0.66072615 0.37780662
31.84192649 3.68407204 1.00485851 0.06257473 0.05733968 0.42395055 0.12850516
53.25712239 5.08562540 4.13451458 0.08029285 0.05215238 0.84019276 0.29928588
49.18515443 9.88452990 4.52220298 0.09622024 0.06877822 0.43913378 0.06830532
53.64609710 8.09366134 3.78379009 0.05893967 0.05983686 0.85380596 0.19632812
58.86675992 9.03819920 4.50846916 0.09292829 0.05990556 0.89740251 0.19577636
22.22175938 9.74813402 2.67928820 0.05827077 0.16510959 0.30364597 0.21919130
59.89554006 9.94266599 4.05499723 0.08384463 0.05670221 0.92783675 0.31440126
56.81005276 9.04990053 3.87780047 0.09273813 0.05649974 0.58912511 0.07701293
49.71214521 9.70360588 4.11965170 0.09137997 0.05195758 0.62390281 0.71495125
55.20011754 9.22021995 3.78774030 0.06701756 0.07213847 0.76691275 0.61327639
53.39002960 8.14320223 4.22095301 0.05987284 0.06083582 0.90743443 0.20320180
32.95706208 4.08498075 1.10340693 0.08629660 0.16616192 0.15631432 0.09768902
53.42115325 8.54070374 3.96728736 0.05926574 0.05954740 0.85419832 0.13250461
52.98825982 9.44712666 4.56297488 0.07840256 0.05411346 0.82515234 0.28251360
52.99883200 3.55082815 3.36006332 0.00809079 0.06445886 0.56253534 0.21193040
59.58963801 9.26638479 4.15445551 0.08277802 0.05373540 0.86224726 0.04639247
41.61425364 9.82311431 0.87855947 0.02263737 0.16848309 0.65699369 0.64510797
52.31620812 3.50793475 1.21586672 0.03096845 0.10092354 0.33978579 0.70161286
57.91683480 9.55810445 4.24348584 0.06978718 0.06667187 0.78456447 0.61519070
56.64658597 7.73508604 4.37500140 0.07994208 0.05494659 0.31004021 0.25599861
25.83770133 5.60067393 3.46473000 0.05884779 0.09946424 0.83696321 0.83547145
24.10681426 9.23210211 3.51686955 0.05941436 0.08490914 0.16887321 0.15587160
42.53113963 5.37480464 1.45897375 0.07232683 0.13680820 0.90145881 0.24056684
46.82140182 9.43209919 3.72595316 0.05827754 0.06150831 0.46045086 0.34955201
57.78061302 8.17305442 4.48976294 0.08859802 0.05511443 0.72895608 0.51292973
52.51536566 9.15389282 4.08859145 0.08067987 0.06057597 0.64574901 0.31327719
29.10450162 4.37954003 1.89378843 0.08396808 0.09717430 0.44793667 0.24984362
51.94556566 9.27219451 4.23222481 0.09271674 0.05577307 0.39659530 0.03518241
52.20173592 8.24302579 4.01678433 0.08087825 0.05296178 0.61118678 0.08484075
36.15839401 0.76763234 2.04446008 0.05367721 0.14233341 0.60890992 0.01027022
56.52935803 9.92844384 4.42440784 0.06923315 0.05227617 0.39162485 0.71530996
40.87654580 9.39693388 0.88742352 0.04632840 0.07590316 0.66165426 0.19313427
55.02463094 9.27487462 4.42511041 0.03844921 0.06176132 0.53598915 0.35577157
55.89635421 8.62896690 4.15733888 0.05599263 0.06484817 0.95286577 0.17249547
33.84407840 6.09655195 2.85120695 0.08657229 0.14754624 0.60665843 0.92810650
38.27453295 9.68362309 4.43323854 0.00541452 0.17954346 0.14056018 0.68588474
54.93198243 9.59977440 4.06600506 0.05356563 0.07959998 0.39967896 0.31913354
54.52940121 4.69201434 1.09098426 0.07612100 0.13671749 0.85505761 0.52349063
53.58146925 9.07854353 3.97111565 0.05825616 0.05052942 0.91851240 0.20858436
35.62013413 0.58017578 2.97121051 0.01721695 0.17129978 0.94928865 0.03475243
56.56067032 8.52574409 2.13036133 0.04373189 0.10401191 0.12638422 0.37932342
51.29270803 9.35012652 4.81237576 0.06703543 0.06606665 0.63333638 0.53450649
38.65543459 8.92859874 0.59038232 0.07267820 0.08365925 0.00747073 0.42045695
52.66012274 9.32180331 4.29034705 0.09563213 0.07524109 0.63660446 0.55804662
56.73766893 8.39236880 4.35617264 0.07867801 0.05862554 0.75314349 0.61265471
57.24281893 8.69350784 3.97968656 0.07386121 0.07414691 0.69703596 0.65493198
50.67491448 9.46105139 4.67960220 0.05754237 0.07323272 0.40580630 0.38522504
45.99233792 9.37927919 3.89291534 0.08777927 0.06350647 0.97862884 0.07671547
36.24334916 8.59134860 4.61407335 0.02160266 0.13826457 0.24656109 0.55610591
59.34411835 9.71338300 4.47024120 0.08513958 0.06375805 0.94301734 0.32874882
22.26382672 0.98130679 0.71679649 0.01424400 0.10757092 0.11275528 0.73569438
57.99712787 9.30450247 3.86692608 0.09757466 0.06356231 0.53295457 0.09624021
31.39733881 4.84761805 0.51448561 0.02441731 0.10166037 0.94559433 0.90256311
53.86946597 7.46072214 3.76317880 0.06099166 0.05343058 0.93233624 0.16488133
46.37038990 5.28920323 3.37095511 0.02660933 0.11080918 0.18947599 0.92276841
52.33321679 8.47015260 4.42120415 0.08412997 0.06860195 0.36874751 0.07939279
49.96493620 9.46271926 4.09836294 0.06109426 0.06948059 0.30237401 0.29066214
57.85068135 9.89944080 4.38315243 0.06639100 0.05461786 0.66892719 0.70134224
42.68096625 7.35060523 1.62801396 0.00101150 0.12746054 0.68525440 0.48640915
50.57512510 8.43174703 1.12614767 0.07585625 0.05250382 0.00645249 0.05984847
