55.07233337 8.61918871 4.56760530 0.07913502 0.06476668 0.44886440 0.39297152
53.91093460 8.70589867 4.07829622 0.09383957 0.05845602 0.44321473 0.40833576
47.17006080 8.69190071 4.12198998 0.07812476 0.06035171 0.36250840 0.36953063
41.95544686 4.87288396 1.68485045 0.06901365 0.16097189 0.12497964 0.28516407
50.43511966 3.24410954 1.24133093 0.08111961 0.09445636 0.85458928 0.20301060
58.31666653 8.95259769 3.75547384 0.06847970 0.05214016 0.36924594 0.50692905
54.62545651 7.99100564 4.97567135 0.08877599 0.05214261 0.42943097 0.43938424
28.58840736 3.29854214 4.45036986 0.06112865 0.11145216 0.19891022 0.46630301
58.35245940 4.83483656 4.83119714 0.04495411 0.12158766 0.16454446 0.10380221
55.22841912 9.62493044 4.76526436 0.06314417 0.05514642 0.03569270 0.44110496
27.11667885 1.17954366 1.25394673 0.06066148 0.15381295 0.56510743 0.35329792
52.85609233 9.68736973 4.16388263 0.09081136 0.06868717 0.41502095 0.39467918
54.14313621 8.71174294 4.28164019 0.07477829 0.06905906 0.46478738 0.03239657
56.34101665 8.25393380 4.52331192 0.08729155 0.06596199 0.18440570 0.38614764
56.01926183 9.92190080 4.57038454 0.07146925 0.06824148 0.23632573 0.54326806
55.30810500 9.48024005 4.20875995 0.09513033 0.05635242 0.26417765 0.11019023
50.04004367 8.84750550 3.57539120 0.08062708 0.05680602 0.71129293 0.62444277
52.79277032 9.68764097 3.94431125 0.05105742 0.05165695 0.45381229 0.44972148
31.36586858 0.54520264 4.65066005 0.05425087 0.19555063 0.81377067 0.15187408
56.46980655 8.31712527 4.23483941 0.06348945 0.07080813 0.74027550 0.61181881
56.21060122 7.93816132 4.42466900 0.07494237 0.06008686 0.38806557 0.33480003
44.73331745 2.05698396 3.21890157 0.09088289 0.06232595 0.16267678 0.82347347
58.47658951 8.53455176 3.88299943 0.07141367 0.05509759 0.02728381 0.52707166
53.22326980 9.12672208 4.49338628 0.08795711 0.06988410 0.40792891 0.42177200
56.92494243 8.89319486 4.12708176 0.08448005 0.05161318 0.41873760 0.16578342
57.53971470 7.38106027 4.02835892 0.08536494 0.06073939 0.23326852 0.43350519
36.69858256 7.66259410 2.45052093 0.05356128 0.16552635 0.68392746 0.99085178
56.83630343 8.69718300 4.38301993 0.05194813 0.07376869 0.81522122 0.55255120
49.70518074 9.68047784 3.09914133 0.05548058 0.06031917 0.67269101 0.19313007
57.19662386 8.59581433 2.85107213 0.05958171 0.06599761 0.04221390 0.50354806
49.76152061 9.23129806 4.19028837 0.08121314 0.06184534 0.47287851 0.51549248
22.66063639 2.19182037 4.52533072 0.06653791 0.13081277 0.62596815 0.55239628
44.13372433 7.98698899 2.28519388 0.04547044 0.17088173 0.19750660 0.28713593
56.23976707 9.35176144 4.88911734 0.06065046 0.06153385 0.78344216 0.60807869
51.80846526 9.16188249 4.15726016 0.07619933 0.05104964 0.28936037 0.44330819
58.15755640 8.17208169 4.32130408 0.08290259 0.05417347 0.34107993 0.45291167
59.11608658 7.78769730 4.39677230 0.07792946 0.05799707 0.26855684 0.51899354
33.31520051 4.41631217 0.83877320 0.05371801 0.05672413 0.32950910 0.11000824
55.14671025 9.77123342 4.45617555 0.09005762 0.05390081 0.53487211 0.59789512
55.32296821 7.74817237 4.46574673 0.09420628 0.06728915 0.45853286 0.34508704
46.66369731 8.65508387 1.10708605 0.06790670 0.06928356 0.60240793 0.37470271
54.20070820 8.08444713 4.93785373 0.09913688 0.06478302 0.40912226 0.31174233
20.77489050 9.48085860 4.64998029 0.08188476 0.06785240 0.17619870 0.50283664
51.46293754 9.04125998 3.71458475 0.07599948 0.05870647 0.23449509 0.59753837
53.50657927 7.26754314 4.28551147 0.09116607 0.05935415 0.39245187 0.00828659
54.57654314 9.22665539 4.46480721 0.08539529 0.05847264 0.38798648 0.24295077
54.83664858 8.11802765 4.64837810 0.08409525 0.05680857 0.21620142 0.39833244
53.51648508 9.08269400 1.67233196 0.07745295 0.15499837 0.69879191 0.34971879
53.11888949 3.90649273 2.00884496 0.08521449 0.09389614 0.10347221 0.98841807
36.40021470 0.57631382 4.41232606 0.09626986 0.05461737 0.26998160 0.12412336
38.57520374 0.56870826 3.89398931 0.08434377 0.07836583 0.16871142 0.34029311
59.60218172 7.99279176 4.13690475 0.06665113 0.06298662 0.30783372 0.45061198
53.05827222 9.45852479 4.38753309 0.08049063 0.06090272 0.39292737 0.39163586
52.89502525 8.89303220 4.44546465 0.08124790 0.06677564 0.17093372 0.42080370
54.74631198 8.04000376 4.33961647 0.08150088 0.05850956 0.38507131 0.24291006
59.90149225 7.88727470 4.71599470 0.07706732 0.11107428 0.65895014 0.00319119
54.75446564 9.25172107 4.00199868 0.09198316 0.06930732 0.41776447 0.30750346
20.37803725 2.54508583 4.48097246 0.07171323 0.07225240 0.49406922 0.04281426
52.19012587 1.43448976 2.09662932 0.09065854 0.11547886 0.85505336 0.64681526
56.08206739 8.43038031 3.89029578 0.07003147 0.05070837 0.36809151 0.40687426
53.49072783 8.22862272 4.16363775 0.06926502 0.05849539 0.76810252 0.47952549
56.02694554 9.75313244 4.84500811 0.08711477 0.05299222 0.39555765 0.38352810
49.31880350 8.77231201 3.89914836 0.07754367 0.06314607 0.23048242 0.45576564
59.38132460 9.69440698 4.08642529 0.07538502 0.05815038 0.18481311 0.46983533
54.98965525 9.32532614 4.55089859 0.08319134 0.05224050 0.49330470 0.14841631
53.11694147 0.72093462 2.95488048 0.08738502 0.17470561 0.62256900 0.44328275
44.40405618 3.38894624 1.02697625 0.00396778 0.12745125 0.86906624 0.07725488
56.28966898 9.64931869 4.90775829 0.08634593 0.07027815 0.56636791 0.55607291
56.57232929 8.29453153 4.53051612 0.08268246 0.06632498 0.49253618 0.38858535
26.12810191 2.44167227 1.11360321 0.00920592 0.08029682 0.22019241 0.95640404
48.56152306 9.97646067 3.65603834 0.05716027 0.05509108 0.54139743 0.40095536
26.64137312 4.63657776 3.96333961 0.07777155 0.17402791 0.02516128 0.49085546
31.80039815 6.24655103 1.81484226 0.01688867 0.05522526 0.59803936 0.76067889
26.89840238 9.16173680 0.89860935 0.06277491 0.09050560 0.47459699 0.64146122
57.39177367 8.53832817 4.51984358 0.07705792 0.06490805 0.24403268 0.54276407
26.24450949 3.97973135 0.97857500 0.03116412 0.19810555 0.88908252 0.79748744
52.92865338 9.31873761 4.44748845 0.02273814 0.05088890 0.50606716 0.65975632
58.16402236 2.90797923 4.66353317 0.06443878 0.15628287 0.15753404 0.11039427
58.28967568 9.14603266 3.75400044 0.06255089 0.06022170 0.28843142 0.52448037
58.67186201 8.83265158 4.34627171 0.08018236 0.06803767 0.49618839 0.24632126
57.69660020 9.43092515 2.67999455 0.09187970 0.15018669 0.25218666 0.97284724
39.69403489 7.55709624 2.35902632 0.03680566 0.15372429 0.90202190 0.03785992
55.24304808 7.71290426 4.30850836 0.08753931 0.05766508 0.36831655 0.10251650
47.69327550 5.56922662 2.39948016 0.09307538 0.05147300 0.58352509 0.33230968
25.22420067 7.06622152 1.11075493 0.07027647 0.08479790 0.45174647 0.87796139
57.24353231 7.19039392 3.87160585 0.08707087 0.06020077 0.34155595 0.02360782
39.05611913 8.48411106 0.88310258 0.02817202 0.15793183 0.44055080 0.54407127
48.33887362 3.21888522 3.79936295 0.09534415 0.18521365 0.17524283 0.60287763
54.43333035 8.23941824 4.87659901 0.07655729 0.06394460 0.48516246 0.34629445
43.14369959 1.83876154 4.60287029 0.00917281 0.05280669 0.44405022 0.54685109
59.63477628 6.83593432 4.29080658 0.03345953 0.12188902 0.34619619 0.17026346
52.92007685 9.93541867 4.89732369 0.08024734 0.05512514 0.47393871 0.36048722
52.06332125 8.80046145 3.92022795 0.07695499 0.07152627 0.31121953 0.66076403
57.39113724 9.77349046 4.70728563 0.09847611 0.05904855 0.43653870 0.33911158
51.06482884 6.83343036 3.99254080 0.07765452 0.05654196 0.20464184 0.32495049
21.09992374 3.88329589 1.40982354 0.00911229 0.07802954 0.26250745 0.15610150
50.73101071 7.99897939 2.44939080 0.08021892 0.17143235 0.85389955 0.44365293
59.33364227 4.22718276 3.19332086 0.01222930 0.15456953 0.28784970 0.62710163
54.82777811 9.19855489 3.63584662 0.09910989 0.06287977 0.33511139 0.08464828
25.61909308 1.93181688 3.23195183 0.06502788 0.11924479 0.46548891 0.01645625
28.12168887 2.27176517 0.79268158 0.07939059 0.05174270 0.87990514 0.16884755
55.27866050 8.12391449 4.85151924 0.09703282 0.05690094 0.47296980 0.28949285
53.74317235 9.91960599 3.57280670 0.07103471 0.07516313 0.49890551 0.52068432
52.03580122 8.94276375 4.36834528 0.08741716 0.06176650 0.34876569 0.35335472
35.68785237 9.22780881 4.60332677 0.03529262 0.16383337 0.48494391 0.36151707
57.63083022 9.28086172 4.50783866 0.08902946 0.06375056 0.05735615 0.43116009
35.44452312 1.16027573 4.03042337 0.07218982 0.07588750 0.53187595 0.16766314
23.05155289 0.33839599 4.03565759 0.04460093 0.07817216 0.36673970 0.34523305
59.99559820 7.90845175 4.31954409 0.09488589 0.06517922 0.52187750 0.36037680
52.77370663 8.63065133 4.14381630 0.08058268 0.07315292 0.60171360 0.44167818
50.47337839 8.13668346 4.52085553 0.08402892 0.05965976 0.26102072 0.28025160
54.00692633 8.65016604 4.24293852 0.06878214 0.06268283 0.18028567 0.53536323
47.56220716 8.42720316 3.58771263 0.09542496 0.05881666 0.50652968 0.17553908
56.01396687 7.52028209 4.10797812 0.09247242 0.06072315 0.24603831 0.39738026
55.51154616 8.67193785 4.50802200 0.05778969 0.06366302 0.69772282 0.54356935
52.79694420 9.31706407 4.49310450 0.07705794 0.06033521 0.05536481 0.46094921
59.57196494 8.34613378 4.54328680 0.07931240 0.05333854 0.33621825 0.33071023
56.41183973 7.92375633 4.53472180 0.08255744 0.05821429 0.40608887 0.14439267
25.09015332 5.08576152 3.28644699 0.06553540 0.15520557 0.74232670 0.08137748
22.74343106 3.32661071 3.34904666 0.09883193 0.06028434 0.59980698 0.90282462
31.51864024 5.04108463 3.29668033 0.01306032 0.08386803 0.56051336 0.99856825
54.25522492 9.44601735 4.31107778 0.06740664 0.05345084 0.37973885 0.19442843
53.40251665 9.62251312 3.78048216 0.07697629 0.06075265 0.30502255 0.47528030
53.05518827 8.66215562 4.27065514 0.08541691 0.06596952 0.48577617 0.21152873
53.93163115 8.08172772 4.67980486 0.08917123 0.05662278 0.39860960 0.32565512
21.47822292 1.60069783 2.39256045 0.05715919 0.09548732 0.12644036 0.97693009
42.43954062 5.56549491 0.79314462 0.01227486 0.16770119 0.39377816 0.87586677
59.21493775 8.16097466 4.49326889 0.06900965 0.05976414 0.32122448 0.54829499
