32.31630895 3.21749569 1.88558476 0.03148286 0.09618616 0.30790772 0.30790772
130.04592553 18.03170117 17.71061652 0.19290036 0.05647069 0.99867714 0.18140853
90.71481702 22.66656330 18.62623092 0.20259386 0.05974277 0.72003303 0.73191709
127.49180699 12.30727170 17.50170164 0.20686274 0.05770703 0.81580855 0.06573133
96.05624224 23.80402409 17.58929200 0.25877733 0.05473931 0.93871325 0.64770333
67.53340506 32.88122302 12.56329559 0.14719005 0.05113284 1.65501395 1.41813200
91.98519230 21.83103526 17.32887366 0.20315610 0.06088478 0.54475326 0.75999127
102.58187344 21.37032672 17.21646304 0.26468398 0.05468237 0.75484587 0.72221943
100.70764525 22.18628805 17.34298742 0.24952030 0.05451528 0.72269629 0.75427728
87.55577354 20.89984101 17.35350470 0.22163692 0.06142390 0.76708154 0.57285467
66.35257197 33.07114980 13.20123052 0.13932547 0.06009323 1.86593893 1.28249989
55.62618277 8.92841478 4.50794556 0.08917480 0.18359819 0.89065457 0.89065457
50.08151454 7.56997106 3.88417039 0.07545175 0.16280568 0.75203786 0.75203786
78.25039879 25.89263327 13.08736229 0.24265770 0.05501921 1.43821772 0.49984218
89.86736273 22.01289777 16.02503205 0.23879220 0.06041893 0.83251131 0.76943557
114.04737579 17.74511569 17.93529445 0.19359490 0.05581095 1.20181945 0.36467549
99.96752195 24.35490442 15.98119261 0.27522683 0.06051142 0.88456597 0.74096917
94.84623875 22.00725839 17.14186441 0.29133221 0.06878513 0.93637979 0.58974565
98.88337447 22.57164035 17.24627427 0.23609516 0.05704959 0.81650941 0.59747916
37.35131663 4.45107258 2.45202312 0.04394451 0.11506744 0.43378292 0.43378292
127.82102536 12.17930664 17.59471994 0.19683978 0.05316196 0.83266926 0.04230699
59.53829802 9.88688302 4.94805853 0.09885729 0.19826862 0.98845745 0.98845745
29.44756647 2.51465378 1.56285123 0.02438273 0.08542837 0.23618916 0.23618916
66.51104053 32.62830679 12.47242602 0.13861704 0.06236096 1.76307840 1.28501806
89.59006199 22.93759302 17.99797419 0.21999368 0.06481422 0.55286085 0.53705473
74.95916126 26.47471889 13.44467166 0.24457391 0.05843771 1.33268663 0.51589618
128.89204310 17.46025693 18.12355161 0.18905376 0.07357651 1.15375662 0.13625083
79.29977844 22.84685341 15.86658150 0.24331339 0.06107391 0.88305935 0.85398816
66.31002147 33.04689420 12.87541364 0.13834952 0.06088600 1.84897074 1.30823842
66.06162164 32.05318982 13.39784979 0.12979328 0.06701855 1.61476223 1.19021899
27.53668785 2.04648852 1.34787738 0.01965330 0.07826258 0.18841720 0.18841720
21.29696704 0.51775692 0.64590879 0.00420999 0.05486363 0.03242418 0.03242418
117.28229022 16.21161386 18.01060496 0.19970988 0.05091408 1.25338935 0.18696977
56.71585097 9.19538349 4.63053323 0.09187173 0.18768444 0.91789627 0.91789627
94.28706747 21.29085874 17.74767680 0.21602199 0.05043529 0.68428249 0.59314070
89.22677939 21.26333824 16.90250261 0.26336856 0.05363480 0.73437351 1.14881646
101.18673246 22.54910652 17.01003991 0.24547658 0.05621834 0.77876858 0.75272034
115.05980621 15.56360228 17.62192367 0.19748643 0.06162977 1.35486294 0.27675799
41.68175866 5.51203087 2.93919785 0.05466235 0.13130659 0.54204397 0.54204397
52.02913757 8.04713871 4.10327798 0.08027212 0.17010927 0.80072844 0.80072844
38.11683020 4.63862340 2.53814340 0.04583915 0.11793811 0.45292076 0.45292076
125.78320769 11.63314111 16.99771917 0.20093517 0.05615446 0.80661034 0.10631670
65.80644334 31.81538491 12.68612188 0.13612354 0.06340990 1.74901190 1.35931244
126.08055771 18.49570480 17.49497980 0.19302117 0.05095887 0.99332838 0.12783192
43.54326766 5.96810058 3.14861761 0.05926959 0.13828725 0.58858169 0.58858169
93.50524291 22.21171851 17.64756097 0.24829579 0.05231033 0.78173170 0.67219894
91.50509956 23.12325314 17.91975965 0.20994658 0.05059087 0.50552064 0.55331443
43.59405108 5.98054251 3.15433075 0.05939528 0.13847769 0.58985128 0.58985128
121.26947500 17.16862400 17.88437402 0.19433631 0.05388882 1.30497474 0.29951773
115.42010992 18.03258701 17.91715590 0.20481393 0.07605116 1.40078086 0.36195495
92.14942793 21.59582192 17.90194122 0.20608082 0.05745964 0.72736899 0.60277753
51.37868451 7.88777770 4.03010201 0.07866224 0.16767007 0.78446711 0.78446711
112.69498629 16.59698610 17.24603150 0.21368142 0.05382590 1.48104994 0.16340204
127.95946207 17.23984505 18.14434952 0.19419933 0.06323368 1.00472230 0.19065421
92.61500100 21.12416588 16.62354406 0.28701357 0.05121248 0.92126209 0.54390619
59.92819400 33.03075270 12.18501876 0.14819833 0.05165542 1.67081013 1.37070345
59.48478336 29.75006430 14.04334042 0.13773593 0.05062891 1.49177356 1.52129753
41.94287163 5.57600355 2.96857306 0.05530861 0.13228577 0.54857179 0.54857179
98.74272431 21.80609678 16.90307244 0.26875188 0.05121415 0.86312232 0.53469055
63.47798970 30.43004127 13.82282356 0.13890680 0.05422108 1.50231351 1.59717701
53.79221872 8.47909359 4.30162461 0.08463574 0.17672082 0.84480547 0.84480547
120.76966353 17.07258848 16.79491744 0.21199185 0.06003150 1.23146365 0.04709048
87.80276840 22.51483086 17.38581672 0.20727967 0.05415711 0.63860553 0.72185608
21.17522673 0.48793055 0.63221301 0.00390869 0.05440710 0.02938067 0.02938067
67.40945559 32.64353340 13.38314339 0.13718872 0.06079248 1.62545126 1.23749596
25.35110096 1.51101974 1.10199886 0.01424397 0.07006663 0.13377752 0.13377752
45.01371668 6.32836059 3.31404313 0.06290895 0.14380144 0.62534292 0.62534292
68.18156089 32.00365147 13.24805240 0.15490594 0.05349091 1.73705168 1.53385173
88.66975391 21.77126460 16.63210158 0.23258891 0.06381446 0.89028092 0.82739158
111.04114404 17.07078723 17.76749479 0.20220789 0.05698335 1.50737595 0.32693395
90.25641649 22.72777702 18.24647410 0.22684763 0.05680238 0.72759796 0.68334871
88.86395882 21.18930870 17.37632144 0.20598788 0.05708695 0.59934160 0.74083074
30.85801807 2.86021443 1.72152703 0.02787359 0.09071757 0.27145045 0.27145045
44.69817638 6.25105321 3.27854484 0.06212799 0.14261816 0.61745441 0.61745441
99.27236396 22.44264737 17.41668154 0.25008491 0.06296853 0.72064222 0.75519103
112.60417762 16.63803059 17.44877659 0.20277606 0.05285620 1.45253978 0.21440914
83.78458260 20.80466252 17.61676025 0.22434113 0.05281081 0.85303821 0.56580416
81.66207128 22.78067332 16.04485900 0.24353472 0.05510024 0.78764933 0.92216837
123.46513729 11.66702691 16.62494170 0.19284377 0.06622341 1.16249990 0.35237540
89.31595577 19.92305695 17.20070463 0.21716167 0.06183201 0.78912775 0.64111632
23.21178625 0.98688763 0.86132595 0.00894917 0.06204420 0.08029466 0.08029466
63.40266852 29.24462393 13.90548970 0.12399028 0.05184573 1.56514740 1.18812861
76.65558606 27.04958458 12.72693448 0.24155613 0.05949026 1.27463334 0.47924031
89.31489557 22.30488599 18.07651718 0.20612249 0.07002256 0.71871149 0.67535732
125.01179566 17.41919907 17.28885059 0.16504024 0.06699166 1.20082373 0.05711819
113.12354181 18.00747875 16.98092197 0.20068855 0.06474258 1.09505701 0.02803144
116.69492647 17.05161690 16.84585324 0.21025422 0.05471956 1.11742432 0.08454606
127.13524121 11.57625027 16.59751087 0.20769930 0.05576787 0.67035719 0.06666694
119.65059657 15.71222100 17.50221690 0.21399582 0.06182141 1.21158878 0.38003815
51.68886060 7.96377085 4.06499682 0.07942993 0.16883323 0.79222151 0.79222151
95.40989942 23.84124497 17.45963531 0.25379249 0.05709310 0.82860571 0.69813595
51.00506968 7.79624207 3.98807034 0.07773755 0.16626901 0.77512674 0.77512674
124.38971170 11.48635608 17.73220411 0.20686001 0.07137690 0.71069800 0.17638725
89.19983912 22.77174519 16.74470119 0.28159541 0.05184173 0.74244379 0.59728313
92.10605801 22.43458779 16.40511534 0.24436340 0.05311605 0.91489930 1.03510457
20.13556661 0.23321382 0.51525124 0.00133553 0.05050837 0.00338917 0.00338917
77.11340988 23.38717402 15.96365305 0.23318153 0.05017911 0.82864132 0.96550799
52.22721317 8.09566723 4.12556148 0.08076235 0.17085205 0.80568033 0.80568033
87.38390005 22.08319624 17.00231462 0.21581655 0.06656940 0.64720237 0.69280932
115.55599657 18.05064702 17.85856257 0.19638722 0.05206656 1.25463256 0.27520698
112.13406240 16.55095696 17.41542477 0.20253602 0.05950075 1.56258172 0.20186412
130.56210906 14.71637961 17.44619605 0.19238542 0.05367774 1.48280671 0.40280255
20.14698639 0.23601167 0.51653597 0.00136379 0.05055120 0.00367466 0.00367466
121.55816125 15.94896979 17.64656437 0.18935597 0.05168261 1.01445378 0.14041807
43.88070860 6.05077361 3.18657972 0.06010475 0.13955266 0.59701772 0.59701772
23.10140965 0.95984536 0.84890859 0.00867599 0.06163029 0.07753524 0.07753524
44.14536143 6.11561355 3.21635316 0.06075977 0.14054511 0.60363404 0.60363404
93.27779394 22.17314478 17.87859132 0.22578933 0.05121206 0.71436967 0.63536110
22.35027951 0.77581848 0.76440644 0.00681694 0.05881355 0.05875699 0.05875699
65.75077313 33.79622052 12.99122757 0.13664340 0.06072874 1.93272609 1.28542232
121.98638035 16.66219106 17.67471398 0.19448502 0.05084804 1.15850231 0.21127156
66.53563733 32.35144766 13.24403463 0.15184700 0.05259550 1.70819134 1.44401358
82.56547225 22.28093009 17.67411078 0.21286502 0.05242349 0.69452072 0.76382624
112.53705483 18.08686791 17.75132209 0.19867013 0.07651280 1.41774061 0.39431119
86.56556255 22.92460638 18.22628501 0.21812668 0.05663994 0.76114929 0.70823797
72.61273922 24.99330471 13.78461023 0.24692566 0.05020214 1.30574245 0.40609453
46.88120065 6.78589416 3.52413507 0.06753097 0.15080450 0.67203002 0.67203002
91.98974491 20.50146026 17.64403786 0.21721436 0.06156688 0.78794912 0.55943929
111.19455092 16.56195241 17.62737985 0.20355486 0.05554773 1.56178480 0.19399930
80.19650755 21.81878256 15.68832512 0.23591652 0.05849634 0.93948336 0.89648880
99.57361827 22.05386364 17.47397720 0.24544489 0.06333777 0.81383922 0.75026594
127.79508771 15.51904554 17.66704943 0.19522387 0.05577868 1.46758553 0.35565809
52.77117426 8.22893769 4.18675710 0.08210866 0.17289190 0.81927936 0.81927936
36.29431148 4.19210631 2.33311004 0.04132842 0.11110367 0.40735779 0.40735779
126.99253218 18.58958396 17.69589839 0.19045774 0.05372894 1.04895785 0.05257134
34.13974068 3.66423647 2.09072083 0.03599586 0.10302403 0.35349352 0.35349352
46.64492736 6.72800720 3.49755433 0.06694620 0.14991848 0.66612318 0.66612318
123.22302608 16.49710869 17.24809675 0.17824537 0.05562301 1.10952748 0.00578293
