82.03510141 19.50263165 9.82395001 0.08084039 0.06699220 1.48221512 1.05442069
103.48216861 12.13689401 8.86170186 0.15275447 0.05587882 0.68697727 0.61350233
29.67986166 2.57156611 1.58898444 0.02495766 0.08629948 0.24199654 0.24199654
91.54180096 17.90069602 8.85331734 0.13280443 0.05807127 1.36887843 0.77079020
55.00747372 8.77683106 4.43834079 0.08764350 0.18127803 0.87518684 0.87518684
87.91724704 18.52107724 8.26576643 0.14019481 0.05904666 1.13505561 0.92699185
73.83786757 20.21725404 9.86773115 0.06400040 0.06073032 1.53906014 1.00600305
84.96888266 16.86766077 8.60449345 0.14664827 0.05854547 1.19004422 0.87450251
75.25687468 17.17913483 8.27477814 0.13399096 0.06621925 1.50710859 0.98694975
98.97064050 16.06121414 8.73181719 0.15847412 0.05047831 1.42442434 1.16278010
75.62031236 19.40919577 10.01624751 0.09365057 0.06451957 1.79142858 1.00071550
45.98994293 6.56753602 3.42386858 0.06532511 0.14746229 0.64974857 0.64974857
71.29291318 22.34666331 9.29111471 0.04653829 0.05504640 1.20603604 0.98515291
98.45738901 17.02499923 8.00273279 0.13897780 0.05564981 1.47231117 1.05594971
55.24983516 8.83620961 4.46560646 0.08824334 0.18218688 0.88124588 0.88124588
100.13489715 14.80315196 8.34348293 0.16409634 0.05543448 1.27387622 0.97454462
77.86992002 19.79231290 10.02804322 0.09634032 0.05615361 1.83249757 1.02516217
52.02536669 8.04621484 4.10285375 0.08026278 0.17009513 0.80063417 0.80063417
98.49672617 15.44791015 8.79718350 0.14880338 0.06097971 1.51228122 1.08898807
82.18273683 17.55262890 8.50482372 0.14694800 0.05171919 1.48550642 0.83120613
35.43203807 3.98084933 2.23610428 0.03919429 0.10787014 0.38580095 0.38580095
103.62171346 16.38488071 8.58653859 0.15890299 0.06878290 1.27744267 0.92188137
93.49486851 16.80103994 8.95572555 0.14831566 0.05341118 1.55365586 1.09674083
77.67238866 17.69738493 8.80659690 0.13776669 0.05072038 1.48055514 0.91857624
42.41056063 5.69058735 3.02118807 0.05646614 0.13403960 0.56026402 0.56026402
28.08296002 2.18032520 1.40933300 0.02100533 0.08031110 0.20207400 0.20207400
81.56014811 23.35204209 9.79436126 0.09563450 0.05010666 1.68369308 0.83491954
75.02649246 24.15909529 8.74833301 0.04575719 0.05189245 1.13183867 0.92580997
28.27206585 2.22665613 1.43060741 0.02147336 0.08102025 0.20680165 0.20680165
102.14529594 15.28858112 8.32175137 0.15957602 0.05620987 1.23811049 0.98834305
101.24607577 11.71362547 9.30661834 0.16683835 0.06982395 0.75983519 0.66716688
102.05903100 11.77723040 8.47408027 0.14818156 0.05674279 0.68431841 0.68726863
106.88667272 14.76789762 9.62847163 0.15747828 0.05354917 0.62529667 0.44858316
108.33175779 14.05348089 9.88417998 0.16637173 0.05433709 0.63036273 0.50390454
101.96521805 13.99943283 9.55290364 0.15744358 0.06684148 0.51662960 0.61143733
53.48375874 8.40352089 4.26692286 0.08387230 0.17556410 0.83709397 0.83709397
103.48425856 11.20057862 8.94395593 0.14892506 0.06796703 0.61595306 0.61874457
52.17522373 8.08292981 4.11971267 0.08063368 0.17065709 0.80438059 0.80438059
22.64688428 0.84848665 0.79777448 0.00755104 0.05992582 0.06617211 0.06617211
39.75068792 5.03891854 2.72195239 0.04988295 0.12406508 0.49376720 0.49376720
71.47787661 25.71973557 8.49997130 0.04981870 0.06199863 1.11476369 0.97442460
22.84414448 0.89681540 0.81996625 0.00803926 0.06066554 0.07110361 0.07110361
92.86832651 16.43484453 7.85711612 0.14607437 0.05412773 1.77036370 1.05861212
48.67526145 7.22543906 3.72596691 0.07197127 0.15753223 0.71688154 0.71688154
70.62217986 19.31352038 9.93533078 0.07502500 0.05597606 1.48294923 0.99879808
74.84779226 20.37680879 9.92928714 0.10243219 0.06108456 1.73974594 0.99417738
77.16907012 18.65410899 8.16799119 0.13292810 0.05690520 1.44742029 0.92367646
78.24011639 19.30365183 9.80005114 0.07563272 0.05490984 1.45777973 0.99867160
103.86378469 13.58675136 10.48760237 0.16007743 0.05604975 0.49975607 0.56825248
41.52503645 5.47363393 2.92156660 0.05427447 0.13071889 0.53812591 0.53812591
97.96263379 17.19808911 8.27538113 0.14708619 0.05032496 1.71489667 0.85530812
99.96356617 11.18051768 9.42557502 0.17224020 0.05542238 0.80290983 0.67384305
65.32158209 20.59923778 11.32826659 0.04240637 0.05036046 1.49062942 1.03281846
76.97476063 19.99490135 10.27264479 0.09039794 0.05400973 1.84309205 1.06620752
106.06795718 14.25827088 9.75894277 0.16045828 0.05081779 0.55765437 0.56503134
36.88652663 4.33719902 2.39973425 0.04279415 0.11332447 0.42216317 0.42216317
46.43926429 6.67761975 3.47441723 0.06643718 0.14914724 0.66098161 0.66098161
32.32799962 3.22035991 1.88689996 0.03151180 0.09623000 0.30819999 0.30819999
71.06705279 21.33911364 9.14670160 0.08201923 0.05102648 1.36609456 1.06579242
104.86388943 11.96868897 9.22351438 0.16346987 0.06368211 0.45546553 0.53683560
72.20832409 19.85593070 9.92484423 0.06546153 0.05898748 1.43616546 1.23038838
47.87909920 7.03037930 3.63639866 0.07000077 0.15454662 0.69697748 0.69697748
103.62834803 11.98913439 9.38257006 0.15472427 0.06674996 0.68751797 0.48256512
81.12226669 22.09516830 9.44709706 0.08884356 0.05203001 1.57430138 0.86798226
71.49105644 21.09290389 9.69147179 0.08798515 0.05466495 1.46023054 0.74376512
104.82504260 15.01903594 7.97414514 0.16060895 0.05768199 1.29491470 1.00064745
79.06616479 19.47117408 10.03917899 0.06637151 0.06606739 1.54161412 0.88693936
58.43703916 9.61707459 4.82416691 0.09613167 0.19413890 0.96092598 0.96092598
75.07673478 17.33756057 8.49173895 0.13778367 0.05252576 1.40341229 0.94844955
71.37599964 21.29002097 9.44299881 0.08157283 0.05317342 1.57869893 0.94474791
107.79212719 11.70960885 8.87680545 0.17174707 0.05221436 0.74254098 0.80299171
67.07196914 20.36131373 10.94546269 0.04698875 0.05633599 1.55006291 0.97671604
79.21917875 18.51744072 10.23600845 0.07679340 0.05417119 1.40105176 1.04075001
73.15022975 21.40501091 9.33298096 0.07416597 0.05700513 1.43083238 0.96985566
74.31536512 21.28413154 9.74166016 0.09467920 0.05507482 1.66465179 0.91470006
34.66182274 3.79214657 2.14945506 0.03728801 0.10498184 0.36654557 0.36654557
75.14805222 20.35701162 9.60384289 0.07345939 0.06543182 1.48284411 0.91964266
31.32087750 2.97361499 1.77359872 0.02901917 0.09245329 0.28302194 0.28302194
38.89878358 4.83020198 2.62611315 0.04777449 0.12087044 0.47246959 0.47246959
35.92004584 4.10041123 2.29100516 0.04040211 0.10970017 0.39800115 0.39800115
74.79583779 19.72629375 10.15867465 0.09241041 0.05418175 1.85197588 1.01526754
72.81712385 20.86682569 9.39315888 0.07214240 0.05625152 1.35806551 1.09766627
104.37002282 12.42692645 9.36756468 0.15622966 0.05029865 0.41642478 0.60769237
72.57025382 23.00368270 8.71361222 0.05562611 0.05066369 1.13081581 0.89270049
76.26891483 20.36346571 10.16136712 0.08249289 0.06321267 1.39918351 0.93707995
74.26631791 21.30479999 9.96831561 0.08664856 0.05316636 1.49358963 0.80259352
40.78630091 5.29264372 2.83845885 0.05244609 0.12794863 0.51965752 0.51965752
98.03065142 14.86212590 8.78007355 0.17411444 0.05575850 1.31165023 0.87950470
23.11166068 0.96235687 0.85006183 0.00870136 0.06166873 0.07779152 0.07779152
76.96932565 20.04594619 10.02484868 0.09290951 0.05351431 1.72838717 1.14766152
105.94911536 11.05524383 8.69546613 0.14306208 0.05337358 0.63684417 0.51702380
44.29365099 6.15194449 3.23303574 0.06112679 0.14110119 0.60734127 0.60734127
99.50833349 16.44363416 8.29129235 0.15051377 0.05974965 1.28613473 1.01438160
45.93985931 6.55526553 3.41823417 0.06520115 0.14727447 0.64849648 0.64849648
44.20441726 6.13008223 3.22299694 0.06090593 0.14076656 0.60511043 0.60511043
103.82093936 13.59601215 10.31881472 0.15721856 0.05835576 0.50311153 0.66537814
88.98234234 18.37325664 9.16164454 0.15028068 0.06194453 1.52236771 0.78497158
101.62105149 15.61428313 8.29809812 0.15283306 0.06064740 1.25533531 1.01997213
30.99115005 2.89283176 1.73650438 0.02820310 0.09121681 0.27477875 0.27477875
98.15789508 16.13973322 8.81104705 0.15376924 0.06400160 1.58323057 1.08125300
99.95883515 13.64106868 9.46454487 0.16037528 0.06280635 0.57977504 0.73644840
28.76654871 2.34780443 1.48623673 0.02269721 0.08287456 0.21916372 0.21916372
73.89516263 23.75706978 9.02626236 0.05394310 0.06377697 1.19390991 0.88280176
67.18778438 19.40731572 10.90472991 0.04211571 0.05030752 1.48749978 0.98107211
79.49191450 22.87641469 9.69811112 0.10019620 0.05459969 1.60276288 0.91868547
73.54558100 18.02904843 10.91853592 0.08340744 0.05282155 1.42367078 0.95689373
74.26630231 21.36328697 9.83313648 0.07194046 0.06875146 1.49005646 0.86015677
110.20391048 12.09170471 8.41230437 0.16644351 0.06164027 0.68799919 0.72957753
108.92541601 10.86957629 8.74453888 0.17162169 0.05972224 0.74165568 0.74019547
50.23227421 7.60690718 3.90113085 0.07582488 0.16337103 0.75580686 0.75580686
75.57360821 18.74824325 8.09239435 0.15211944 0.06874666 1.38263155 0.94465711
21.15966947 0.48411902 0.63046281 0.00387018 0.05434876 0.02899174 0.02899174
103.03398390 11.48815940 9.01430720 0.14457035 0.05186803 0.67160121 0.67457179
22.13935373 0.72414166 0.74067729 0.00629490 0.05802258 0.05348384 0.05348384
103.34492178 13.05877022 9.08229171 0.15083451 0.05402785 0.67520174 0.51130013
53.91444425 8.50903884 4.31537498 0.08493825 0.17717917 0.84786111 0.84786111
45.61865918 6.47657150 3.38209916 0.06440618 0.14606997 0.64046648 0.64046648
102.03145178 15.64094604 8.01324952 0.17900974 0.06909098 1.49192037 1.06233969
107.03605331 16.67269592 8.63858499 0.15957043 0.05561365 1.38016518 0.90960819
40.46840940 5.21476030 2.80269606 0.05165931 0.12675654 0.51171024 0.51171024
70.70125269 22.42936916 8.93954098 0.08934182 0.05454487 1.67480170 0.93437518
103.32146672 13.42603539 9.97995707 0.16106804 0.05249951 0.57300555 0.57511552
51.16759868 7.83606168 4.00635485 0.07813981 0.16687850 0.77918997 0.77918997
102.30764932 14.78759727 8.17873571 0.16389741 0.05232579 1.33762170 0.89530513
80.71116089 16.88832531 8.43648239 0.13639836 0.05517623 1.66642089 0.83320250
89.36344907 17.58750475 8.69948679 0.14936687 0.05169435 1.42965010 0.82492699
73.79948110 22.62957985 9.30485181 0.08095172 0.05368104 1.55015019 1.05391583
59.36053693 9.84333155 4.92806040 0.09841733 0.19760201 0.98401342 0.98401342
