51.60209611 9.83715917 4.20419752 0.09560330 0.06273391 0.25962654 0.30813892
53.49808157 9.72405135 4.46570490 0.09255797 0.05773107 0.19368238 0.10971850
55.47788367 8.18852167 4.05241202 0.08998467 0.06412804 0.21504966 0.47242379
27.06530267 0.95507070 4.68756530 0.08874344 0.13300286 0.48128222 0.59272920
59.69034018 9.24929383 3.56219223 0.09225423 0.05633803 0.37977063 0.30114430
39.03898549 4.61768576 2.24338966 0.04020864 0.09049083 0.44614125 0.06717174
58.16420025 9.41938106 3.44918191 0.03009693 0.06211108 0.53042374 0.70106518
56.81759616 9.81028291 4.02588588 0.03228603 0.05618883 0.48388305 0.69782052
52.09487233 9.23754472 4.29016662 0.07660635 0.05986803 0.27005968 0.30550777
56.77742087 8.18185054 4.55741471 0.07539761 0.05618237 0.34694220 0.18335769
55.57897836 4.83283448 2.49591390 0.01081929 0.06062546 0.09900957 0.29144157
53.09515630 9.85493509 4.26188005 0.08848421 0.08026001 0.14551006 0.06527927
55.81557441 8.57298818 4.57462017 0.08496616 0.06361922 0.55674022 0.30785364
57.95592372 9.38748940 3.92038974 0.08844104 0.06429329 0.16051697 0.38856459
53.51290529 9.26983018 4.31428558 0.06464121 0.05993327 0.28061243 0.26309340
57.74527885 8.62365152 4.33522216 0.07611459 0.06117525 0.36908051 0.12413757
41.44637592 8.35287889 2.70498681 0.03071476 0.08911004 0.48997359 0.87508896
56.69063592 7.80422110 4.40087478 0.09922375 0.05308212 0.18878662 0.54488380
58.25874245 8.89131881 4.38858750 0.08043598 0.07131068 0.14910049 0.03551744
21.33981465 8.03451972 3.06425700 0.00244687 0.08997678 0.75152223 0.99056280
46.72690193 9.24715263 4.36125101 0.04428406 0.05121422 0.74655703 0.53726980
59.09670898 8.51676273 4.39032938 0.08425762 0.05853079 0.27439560 0.32137345
45.29015348 3.97634711 2.01385489 0.09694273 0.15983238 0.80180690 0.78270108
39.83304626 1.88658137 3.73452656 0.03261317 0.07619922 0.68830754 0.74606600
55.70104956 8.48362108 4.62534303 0.08698199 0.06764799 0.41739074 0.32194905
34.00430401 7.37536882 2.55526353 0.02218203 0.13326688 0.52656683 0.20455322
49.18470733 3.82401813 4.84050812 0.08117623 0.12502654 0.57512103 0.61027973
40.62454880 7.54630735 1.20576104 0.01694664 0.14363789 0.90616180 0.65297124
49.77770026 8.68319876 4.82221799 0.08729909 0.06433556 0.30459946 0.43447691
58.87535955 8.76600028 4.84747661 0.08101964 0.06131252 0.39824842 0.24559156
52.47741859 9.14512365 4.34718309 0.06320843 0.05708889 0.06545109 0.59761712
43.07346399 9.80510331 4.94111009 0.06528740 0.15594488 0.71475742 0.58477030
50.79645966 8.60247535 4.34396162 0.08634299 0.06480116 0.45236474 0.44932845
52.21473398 8.25696534 4.11117955 0.09020781 0.06236147 0.29529909 0.30532614
53.45341935 9.61740787 3.67899014 0.09984860 0.05604619 0.27858586 0.39872750
54.64472773 9.19710813 4.30698548 0.09475000 0.05924417 0.25825200 0.21824255
56.36406031 8.34218755 4.29666076 0.09639575 0.05543648 0.08232676 0.43376171
55.25015258 9.04163626 4.42334446 0.07838484 0.08140544 0.25187048 0.32018999
55.81985058 8.10200442 4.21356840 0.09848081 0.05563746 0.11717167 0.45623563
38.26089590 6.76252357 2.30122521 0.05412725 0.12555206 0.01722838 0.28471400
51.66228141 6.88560876 4.82296000 0.04433199 0.15768893 0.24943491 0.06540216
35.48458553 5.16423703 3.71060251 0.08947568 0.17958195 0.96342415 0.73212452
59.47270337 2.14698363 1.61503427 0.02698299 0.13370597 0.13966606 0.40052698
20.36520946 8.42956900 2.94323145 0.07875928 0.13373061 0.74798416 0.59441496
51.22210127 9.87340337 4.10508576 0.04680652 0.05746736 0.61659949 0.57213871
55.88113835 7.11943671 4.79312162 0.09361623 0.05639196 0.19587862 0.42662193
48.12972606 8.80412711 4.39669119 0.08764813 0.06324039 0.29167162 0.41096617
54.17028980 1.30450606 0.57633151 0.05125607 0.08692770 0.31635566 0.68175894
52.64050410 8.61873547 4.76372645 0.08750114 0.05648729 0.29688001 0.18890724
52.90781721 9.80548331 3.54606003 0.09217103 0.06905068 0.41795066 0.24567560
55.20286711 9.08600960 4.14757295 0.09691332 0.06590163 0.12865609 0.38405443
54.06283506 8.25303502 4.21634217 0.09318323 0.05035967 0.32133816 0.33050997
53.32875475 9.51800469 4.87739758 0.04501094 0.05359755 0.63208029 0.58695930
49.12127535 9.09361324 4.34630850 0.07813185 0.05127965 0.22033612 0.16760820
56.13588337 8.33803585 4.70602688 0.06525488 0.05524117 0.36174637 0.35368253
59.35439605 7.28627192 3.53746658 0.02455561 0.14680187 0.49571661 0.06491243
54.26662504 9.38941050 4.23949505 0.09854023 0.06240988 0.29651032 0.27889338
56.69885410 8.45775797 4.47928346 0.09301137 0.05546389 0.18556331 0.42721091
48.29774843 9.00323211 4.92424641 0.09146098 0.05219422 0.35155632 0.31096939
57.01933540 9.74466146 3.94329688 0.08405879 0.07292235 0.37564503 0.40873329
55.38881706 6.88604579 4.47396931 0.08817350 0.05112992 0.30323069 0.38324307
57.94967443 6.04423241 4.35547564 0.08922125 0.06230343 0.34566850 0.49954128
56.37654749 9.30774306 3.46862310 0.09510289 0.05843737 0.17483325 0.41046040
52.70744479 5.67194926 1.39346231 0.06399488 0.14900664 0.51933691 0.51436813
58.07649455 9.80093632 3.83957967 0.09117822 0.06273651 0.48226090 0.27975131
54.09986836 9.32412183 4.59771157 0.07545080 0.05423270 0.36919025 0.27589938
51.46422441 9.01179509 4.07933177 0.09317455 0.06787543 0.35411718 0.22448737
57.97306915 9.03994411 4.68023660 0.08986457 0.05566899 0.27158635 0.42639673
54.51117062 7.80696401 1.68615460 0.01190544 0.07716944 0.86752242 0.86143225
56.43456754 8.09154179 4.61082354 0.07274857 0.05873771 0.21196137 0.34788669
57.88453835 9.08703695 3.92027610 0.09163038 0.05618513 0.29075593 0.32268611
56.14744747 8.64368019 3.81575839 0.08791124 0.06670859 0.19439159 0.42236006
57.20862953 7.53995681 4.41559419 0.08134935 0.06047035 0.32954559 0.08707762
34.85589434 7.76243277 0.95764793 0.03182788 0.09755047 0.49278638 0.86108185
59.38926302 9.93082575 4.76485628 0.08037695 0.06575052 0.39532417 0.20305427
58.28799121 4.31155289 0.86841899 0.04389771 0.15173595 0.20426532 0.03984721
57.55543288 9.43592539 3.98074066 0.03672200 0.06330685 0.56920387 0.62450537
48.36966334 9.74165525 4.47512889 0.07717447 0.06516335 0.39350088 0.55166395
38.25259644 4.17361066 1.02957887 0.04559887 0.12715579 0.44783409 0.94539683
52.16206258 8.00414768 4.90994118 0.09731118 0.05388458 0.40018796 0.11232257
54.82999078 9.02652598 4.59961487 0.08963388 0.05659002 0.22696988 0.22087922
36.35673192 9.91967931 2.96591542 0.05259389 0.18692218 0.44709321 0.88507068
52.75657647 8.52058355 4.31823735 0.05793654 0.05907915 0.18384617 0.58418702
22.87130624 7.63115021 2.16889426 0.05906258 0.08482067 0.02439126 0.42688733
56.71526770 7.76810346 4.63819846 0.09790778 0.08096527 0.31834103 0.27892367
39.48244797 9.82358048 4.01952495 0.05621168 0.17364627 0.90050767 0.48051643
51.90833494 8.90133105 4.91131697 0.08620542 0.05839230 0.31334365 0.42798779
34.16551068 4.69738159 1.76575503 0.00379455 0.14428937 0.92611279 0.08967199
54.58472551 8.64057834 4.68540293 0.07641211 0.06119413 0.30088014 0.21311401
58.91781522 6.44867436 3.91437429 0.09698406 0.12801025 0.76070450 0.22154945
52.53739730 8.25307898 4.81307261 0.09840751 0.05827516 0.42082384 0.00869121
54.38791938 8.59537466 4.69090072 0.06365391 0.05792871 0.34443304 0.30399871
21.51593881 9.77274943 2.23745083 0.03983198 0.08068172 0.88426413 0.39998457
55.93974845 9.50743882 4.60591255 0.07640444 0.07392423 0.47591735 0.28751504
56.51800608 8.37341083 4.68349162 0.06121515 0.06209026 0.37580713 0.37447829
52.65021388 2.35260657 0.61616367 0.05429884 0.14713410 0.89206881 0.68396304
53.13779058 8.21219907 4.74729630 0.08505678 0.06929611 0.47671264 0.21887509
52.79896718 8.32028309 4.24296171 0.08609146 0.07031929 0.48637212 0.18053127
53.74099872 8.17104672 4.85331940 0.07562006 0.05611899 0.43660959 0.14865774
53.06116940 9.59029824 4.12489546 0.03322475 0.05839909 0.48281949 0.51861355
50.54176465 8.95210757 4.24414775 0.08252436 0.06739900 0.48423120 0.21346120
48.05649087 4.16781565 4.15564609 0.01076135 0.15518889 0.92174608 0.62671014
44.39650092 2.97979891 0.96737122 0.07442522 0.19088384 0.51552525 0.64911077
52.92187854 9.09516308 4.50521491 0.08132570 0.05984229 0.36559332 0.31543204
25.43533893 7.75166739 2.42531875 0.04640376 0.05144191 0.34252772 0.72345847
52.79813764 8.66653823 4.37383924 0.09212619 0.07617660 0.11441902 0.09620005
57.23606781 9.94574406 3.41902789 0.09567210 0.06607156 0.42910934 0.26775324
52.98194160 9.36346695 4.19909578 0.08769191 0.06951450 0.18164592 0.04996155
32.08894297 6.59622212 4.95271007 0.07525287 0.10666775 0.03903782 0.58656423
50.69239015 9.84765018 4.02279790 0.05312109 0.06427092 0.21314371 0.40674116
54.58218157 8.85763207 4.43511014 0.08297280 0.05559726 0.21131739 0.10567723
56.23620861 9.19410037 3.23534277 0.05581004 0.05755544 0.25460110 0.27289023
54.30256285 8.19887059 4.31168936 0.08024759 0.06907802 0.11923006 0.13219705
52.79548023 9.05014031 4.02630509 0.05264784 0.07140087 0.30940531 0.37963938
54.03061501 7.80967481 4.58362238 0.07686598 0.06326186 0.60689691 0.27616815
54.08670226 5.03635914 4.23195347 0.06414041 0.14329506 0.42545994 0.36868374
58.13672746 9.14617950 3.83234691 0.09629262 0.06052771 0.27492078 0.40108560
53.99136375 7.65146473 4.89307774 0.09921638 0.05061306 0.27250904 0.30392077
51.59302047 9.27890450 4.09224210 0.04560173 0.05953613 0.29775657 0.33774598
51.49827994 8.94917249 4.21511764 0.07346997 0.07765513 0.48428099 0.18056835
30.27281589 3.35115792 2.95808612 0.06787815 0.16061456 0.39693933 0.47214885
52.34157422 8.61217253 4.08877130 0.09926056 0.05638885 0.05426027 0.39427574
53.06021309 8.36866246 4.83206712 0.09027040 0.05722493 0.30664117 0.07263724
25.44352370 8.99296117 2.58153436 0.03210078 0.18997428 0.98665119 0.54090444
54.20474518 9.20252006 4.03976880 0.08855617 0.05414844 0.31593928 0.17857549
48.03054507 9.10804725 4.53754358 0.06689006 0.05984306 0.34430894 0.22954250
52.97280994 8.18675389 4.73463399 0.06323502 0.06738158 0.19395610 0.28290489
53.19558419 8.86256441 4.43919682 0.08738946 0.05913667 0.23082337 0.18908906
