76.00348150 24.39278785 10.29666867 0.05499870 0.06997766 1.18808336 0.91112831
102.46836038 12.06306776 9.50610871 0.15895687 0.06054372 0.77347098 0.65691783
78.72810348 19.99524319 10.41514302 0.09867392 0.06144550 1.52242121 1.17774323
46.25182797 6.63169785 3.45333065 0.06597327 0.14844435 0.65629570 0.65629570
79.44468431 22.40238028 9.37729391 0.08837109 0.05487433 1.63646805 1.01398450
78.15258306 20.57725037 10.06622925 0.09239205 0.06358091 1.81784219 1.07230406
20.57699030 0.34136262 0.56491141 0.00242805 0.05216371 0.01442476 0.01442476
108.38449226 10.63688223 9.25622773 0.16536185 0.06946849 0.65858134 0.80264535
82.99250706 16.85664644 8.74799456 0.13942590 0.05310587 1.33463049 0.78046854
79.30012542 24.02395025 9.26987865 0.04210069 0.05165423 1.10326272 0.84476714
86.17403692 17.68551566 8.56487240 0.15489591 0.05200880 1.89070841 1.04575882
72.00443514 23.37811816 9.87676987 0.05577557 0.06054936 1.23083355 0.86601093
34.51575488 3.75635995 2.13302242 0.03692649 0.10443408 0.36289387 0.36289387
111.92667606 10.35361694 8.75574256 0.17118874 0.05803001 0.69661967 0.69530968
105.58311012 13.76079575 10.07476011 0.13681105 0.05897346 0.38981343 0.52981426
37.03034413 4.37243431 2.41591371 0.04315010 0.11386379 0.42575860 0.42575860
21.98727889 0.68688333 0.72356888 0.00591852 0.05745230 0.04968197 0.04968197
94.05199689 16.27539688 8.40899950 0.12921785 0.05489602 1.61003609 0.90503980
106.37772709 11.76223943 9.62503759 0.16216712 0.07217922 0.73032484 0.61785590
110.44638921 13.30658273 10.47100634 0.14713488 0.06395638 0.45788514 0.46889539
78.62846313 20.10530285 10.50968961 0.09933941 0.05511840 1.62470154 1.16597772
111.94465247 13.41976089 9.92745633 0.16225509 0.06106728 0.33255202 0.57561824
53.66449294 8.44780077 4.28725546 0.08431962 0.17624185 0.84161232 0.84161232
103.01538770 13.44855662 9.55617074 0.14165371 0.05779926 0.13772322 0.57443441
107.07417190 13.79607858 9.41661928 0.16135016 0.05926738 0.34969292 0.59201833
26.90967925 1.89287142 1.27733892 0.01810146 0.07591130 0.17274198 0.17274198
35.52665006 4.00402926 2.24674813 0.03942846 0.10822494 0.38816625 0.38816625
34.29013667 3.70108348 2.10764037 0.03636809 0.10358801 0.35725342 0.35725342
41.29701528 5.41776874 2.89591422 0.05371011 0.12986381 0.53242538 0.53242538
78.26916789 24.57195860 9.61808380 0.05382292 0.05677306 1.10884429 0.93450804
105.97658221 14.00797162 9.80794106 0.13582483 0.05415286 0.24793030 0.57564441
40.26644104 5.16527805 2.77997462 0.05115944 0.12599915 0.50666103 0.50666103
41.40985071 5.44541342 2.90860821 0.05398938 0.13028694 0.53524627 0.53524627
57.42697003 9.36960766 4.71053413 0.09363175 0.19035114 0.93567425 0.93567425
71.39487077 20.39303582 11.31027397 0.05831711 0.06763267 1.56543413 0.97721471
74.87495561 23.56604962 10.17024894 0.05699060 0.05311638 1.10880950 0.90546232
75.34051473 20.37799816 10.04391287 0.09166376 0.05683438 1.79708856 1.14157328
79.99816158 20.00596568 9.31197686 0.07480370 0.06085752 1.22372743 0.99184117
54.13580209 8.56327151 4.34027774 0.08548611 0.17800926 0.85339505 0.85339505
50.21518561 7.60272048 3.89920838 0.07578258 0.16330695 0.75537964 0.75537964
99.84138162 14.09895869 9.56181121 0.15682692 0.05320603 0.51418460 0.63385204
74.29144372 23.04276112 9.90245111 0.05790904 0.06156901 1.24712210 0.80913930
82.80647414 17.31407926 8.93731308 0.13881852 0.05313591 1.41148180 0.87235718
50.85209238 7.75876263 3.97086039 0.07735893 0.16569535 0.77130231 0.77130231
85.44178068 22.45167350 9.45850183 0.09268922 0.06078573 1.50477278 0.94210175
47.01026954 6.81751604 3.53865532 0.06785042 0.15128851 0.67525674 0.67525674
73.61829924 23.10434640 9.84692137 0.04811997 0.05926431 1.09333252 0.77788722
112.80100936 10.79288074 9.14508127 0.16645123 0.05774358 0.74651551 0.75012284
26.09097073 1.69228783 1.18523421 0.01607515 0.07284114 0.15227427 0.15227427
89.68295512 17.65317888 9.11567468 0.14160565 0.06383932 1.67844458 0.99941718
80.37437411 20.39079579 9.63909922 0.09338638 0.05013651 1.78979206 1.16460323
28.60129611 2.30731755 1.46764581 0.02228821 0.08225486 0.21503240 0.21503240
81.45166406 16.57788304 8.69093411 0.14372491 0.05121525 1.27126307 0.85898308
78.28762689 20.67417528 10.15546318 0.08211030 0.06358726 1.78119351 1.14977020
111.08812649 11.60337773 8.72343215 0.16492419 0.05431077 0.72743228 0.79578452
80.64576538 23.72029674 9.73391666 0.06003018 0.05973641 1.12783988 0.80894124
70.49113158 23.34358974 10.14094212 0.07367620 0.06826453 1.26126581 0.99675796
98.74651652 15.78476921 10.92066431 0.14990219 0.05401038 0.67808639 0.64283581
78.31914706 24.30901323 9.91031676 0.05676692 0.06831234 1.21266945 0.88800871
105.99775193 10.54762740 9.09250189 0.17398569 0.06704139 0.65064042 0.75466193
91.56174637 17.58763484 8.24492463 0.15518398 0.07092902 1.71692219 1.06466242
78.12973149 20.75535908 10.95351571 0.10702092 0.06312096 1.54906148 1.23491040
102.71977440 14.22939599 9.90437904 0.16157975 0.06328311 0.50082751 0.70617891
54.01482867 8.53363302 4.32666822 0.08518670 0.17755561 0.85037072 0.85037072
103.86877385 14.32175334 10.51803900 0.15007933 0.05872980 0.43950299 0.64146620
75.66018864 20.12025145 10.73306095 0.09799906 0.05830485 1.60326160 1.21495814
37.04708921 4.37653686 2.41779754 0.04319155 0.11392658 0.42617723 0.42617723
94.64097208 16.03980728 9.09585312 0.16757930 0.05895415 1.29944151 0.88087020
102.07452260 12.62403139 9.43286104 0.14763407 0.06296371 0.19173029 0.56003577
71.60929193 23.65356842 9.75138542 0.04839973 0.06994883 1.24963866 1.02078852
95.00139653 14.48630650 9.32128357 0.16683161 0.05183691 1.27097168 0.82414439
51.10484226 7.82068635 3.99929475 0.07798448 0.16664316 0.77762106 0.77762106
81.71419327 20.76196522 10.12244003 0.10660897 0.05655803 1.76322680 1.17685825
24.68530291 1.34789921 1.02709658 0.01259612 0.06756989 0.11713257 0.11713257
98.95437340 13.56156359 10.36820015 0.16708062 0.06233644 0.45660351 0.64306789
78.27338814 24.53481847 10.32280742 0.04955814 0.05729748 1.08862418 0.94516479
32.95336418 3.37357423 1.95725347 0.03305958 0.09857512 0.32383410 0.32383410
112.81870257 16.54765941 10.26793378 0.16618003 0.05193642 0.51941736 0.55812037
102.51245492 13.55333982 10.67898668 0.16030239 0.06433226 0.53222099 0.65697367
86.56487958 22.36781257 9.53427404 0.08757046 0.05187017 1.61605826 0.86813719
111.60467997 11.63837043 9.09837502 0.16263347 0.06379743 0.87262771 0.66579154
95.17079337 17.14585217 8.46559845 0.12261570 0.05806280 1.57655549 0.85437765
80.97739780 19.80507281 10.40987847 0.11596405 0.05486880 1.49140639 1.23904207
86.09953357 17.71745683 8.52752720 0.13452944 0.05252472 1.69475090 1.07357326
75.01513746 20.24427269 10.39000333 0.09934689 0.06284714 1.41813204 1.19812982
94.09728240 14.68038472 8.87543621 0.16896165 0.05259848 1.21307577 0.87832787
25.13387514 1.45779941 1.07756095 0.01370634 0.06925203 0.12834688 0.12834688
91.88956501 17.49648713 8.92591285 0.14067650 0.06832892 1.56880142 0.94763024
87.00803248 16.35731002 9.34061639 0.13958866 0.05579655 1.50072461 0.81013253
41.35514355 5.43201017 2.90245365 0.05385398 0.13008179 0.53387859 0.53387859
79.39064903 16.98437254 9.65449437 0.13148469 0.06213805 1.40186132 1.01783241
32.19235960 3.18712810 1.87164045 0.03117609 0.09572135 0.30480899 0.30480899
94.94552338 15.57301530 10.22105807 0.14674874 0.05999198 0.63545585 0.64589254
94.65858100 14.25953674 9.00271958 0.17787335 0.05036232 1.22025055 0.81307370
108.17532310 13.82384420 10.54941309 0.16147137 0.05422817 0.45381161 0.62437935
107.06301318 13.19761556 9.21568986 0.14528439 0.05734593 0.22812942 0.53680333
47.72520926 6.99267627 3.61908604 0.06961989 0.15396953 0.69313023 0.69313023
80.34057927 24.80300395 9.32503917 0.03946705 0.05063276 1.24162477 0.90012298
97.12176315 16.13830835 8.83214589 0.12746728 0.07039598 1.54358283 0.94444927
72.96930778 23.60134660 10.17277312 0.06037304 0.06863740 1.23360636 0.89729284
72.75684223 23.87934653 9.37111761 0.04894765 0.06793732 1.05116112 0.93730008
77.60948291 20.62923657 9.94068806 0.08053024 0.06336947 1.19344978 0.99346129
71.64877046 21.25199653 10.19649274 0.08899346 0.07489272 1.67202531 0.84503359
84.41549793 24.25109746 9.49065575 0.04456833 0.06339445 1.23401690 0.82955561
78.97421874 16.48495957 8.72393649 0.12907344 0.05193991 1.37387466 0.99999546
102.62221828 12.55519248 11.03009810 0.16630081 0.05906303 0.50762992 0.62338643
41.88463813 5.56173634 2.96202179 0.05516448 0.13206739 0.54711595 0.54711595
105.75580244 14.10802602 9.77757142 0.15416630 0.06379581 0.33779175 0.48399203
56.54613166 9.15380226 4.61143981 0.09145168 0.18704799 0.91365329 0.91365329
95.76163690 16.03707551 9.31986979 0.16064618 0.06993726 1.32679594 0.91562457
51.63776849 7.95125328 4.05924896 0.07930348 0.16864163 0.79094421 0.79094421
50.10255775 7.57512665 3.88653775 0.07550383 0.16288459 0.75256394 0.75256394
56.96522395 9.25647987 4.65858769 0.09248893 0.18861959 0.92413060 0.92413060
93.82143926 17.96361918 8.27212178 0.15093262 0.05287036 1.80435489 0.90487588
27.32226469 1.99395485 1.32375478 0.01912261 0.07745849 0.18305662 0.18305662
92.77661743 18.82917703 9.01100273 0.15455101 0.06471516 1.65763095 0.87652138
104.65809867 14.52248054 10.53312101 0.15068690 0.05391864 0.48838917 0.67114943
27.42043596 2.01800681 1.33479905 0.01936558 0.07782663 0.18551090 0.18551090
92.89906595 13.66684812 9.30455239 0.17498455 0.06493775 1.23136750 0.83819829
96.45470163 15.44253535 9.17596792 0.16860540 0.05673975 1.30555403 0.82344589
25.42577124 1.52931395 1.11039926 0.01442878 0.07034664 0.13564428 0.13564428
29.70196072 2.57698038 1.59147058 0.02501235 0.08638235 0.24254902 0.24254902
107.68023166 13.32047963 9.53797450 0.14980082 0.06793774 0.28944122 0.60005280
58.98041593 9.75020190 4.88529679 0.09747653 0.19617656 0.97451040 0.97451040
74.96656890 24.18199648 10.27168562 0.05144038 0.05291579 1.13135654 0.87710769
89.19287417 16.86185479 8.36473002 0.14593118 0.05806139 1.74421154 1.01885129
76.23611069 24.45175343 10.34488153 0.04813029 0.06331975 1.16419591 0.87986282
101.40445873 14.06451592 9.89740870 0.14821031 0.05201024 0.24768083 0.52906502
