57.51045352 9.39006111 4.71992602 0.09383837 0.19066420 0.93776134 0.93776134
54.02944893 8.53721499 4.32831300 0.08522289 0.17761043 0.85073622 0.85073622
44.50949332 6.20482586 3.25731800 0.06166100 0.14191060 0.61273733 0.61273733
87.95612370 22.13279512 17.66604850 0.30427173 0.06815246 0.47661076 0.34427181
103.30853726 15.97845422 17.91411934 0.21831644 0.05324980 1.64325875 0.15317665
108.12519257 21.01212462 18.56258199 0.21150583 0.05765898 2.04512429 0.16376297
88.99663213 21.13171804 18.07306526 0.30612509 0.05014423 0.44490412 0.34840873
72.76157506 27.91600299 13.92847893 0.25327491 0.06134429 1.53924599 0.05240639
96.44155533 19.74055016 18.15856741 0.19714219 0.05525464 1.40152226 0.14028531
68.88608201 27.40169838 13.71215918 0.23785819 0.05199534 1.61120783 0.09768231
48.69600704 7.23052172 3.72830079 0.07202262 0.15761003 0.71740018 0.71740018
50.19897405 7.59874864 3.89738458 0.07574246 0.16324615 0.75497435 0.75497435
100.14215521 16.84351236 18.30101750 0.21828599 0.05125729 1.47317193 0.21571309
73.29582778 26.67732046 13.35518666 0.25349076 0.06115922 1.59236416 0.36890638
74.38874999 27.49178559 13.39377924 0.25652926 0.05845574 1.57419056 0.41191965
73.27892034 30.56697459 15.26067138 0.18356564 0.06530969 1.56829630 1.21465223
91.17550663 24.53730340 17.04276516 0.28555971 0.06272163 1.02362719 0.66355662
67.95204444 32.16087634 15.56482061 0.14701868 0.05811394 1.60002347 0.81433636
22.23425560 0.74739262 0.75135376 0.00652978 0.05837846 0.05585639 0.05585639
83.22233678 24.29829395 18.01745743 0.29514074 0.06140896 0.50476844 0.21149258
62.62914391 32.85908939 14.36243111 0.15117920 0.06384824 1.83094721 0.85081705
72.90611619 31.44403545 14.47618368 0.14820968 0.06240889 1.55146077 1.17918563
63.29080713 31.65943410 14.41811978 0.14842829 0.05048462 2.05309726 1.12930685
69.50171160 31.76751244 15.38891603 0.16138792 0.05915157 1.51816810 1.13355975
52.17183407 8.08209935 4.11933133 0.08062529 0.17064438 0.80429585 0.80429585
85.77721072 25.38065588 17.86475897 0.29660470 0.05361448 0.47717908 0.25250174
87.86216735 22.69711314 18.22575636 0.29013522 0.05700008 0.78394865 0.50084639
55.27945693 8.84346695 4.46893890 0.08831666 0.18229796 0.88198642 0.88198642
92.90422075 22.68371657 19.46101086 0.25540029 0.06497611 0.77982537 0.41198819
86.36694957 26.89929246 17.89221314 0.29479879 0.06498458 0.66829221 0.30284911
79.51945256 27.04636517 13.02847056 0.25559873 0.06937030 1.50341036 0.35375473
74.91887176 26.54861025 18.60777934 0.28119332 0.06135076 0.63582243 0.48571177
63.75420015 32.08391722 16.03935264 0.15546981 0.06042193 1.50379073 0.93578479
68.66748421 27.07423891 13.67678746 0.23379841 0.05243448 1.59973967 0.45256133
93.29497390 19.36663112 18.71082440 0.19194740 0.05141728 1.38123700 0.14856093
87.93690382 24.01659236 20.10614088 0.29047277 0.05277619 0.67828273 0.57459199
93.04930670 22.00680829 19.42070393 0.26726155 0.06464638 0.68608875 0.42083417
98.13468441 24.63363595 17.39609924 0.27395496 0.05265230 0.87884692 0.37448530
31.21393363 2.94741374 1.76156753 0.02875449 0.09205225 0.28034834 0.28034834
77.93732927 27.02612693 13.79285413 0.25022795 0.05490816 1.56585664 0.36848215
40.52893323 5.22958864 2.80950499 0.05180911 0.12698350 0.51322333 0.51322333
85.85752906 22.67700107 18.86146055 0.29550427 0.05645136 0.77292092 0.47717357
69.98050250 30.93065698 14.66837187 0.17660794 0.05941161 1.63192927 1.28449625
75.96084308 25.68269204 18.09810393 0.28405993 0.05030669 0.51123719 0.48743171
60.57567134 33.17759609 14.63324197 0.18307617 0.06423934 1.81371129 1.09663217
68.79028574 32.92514992 15.71722886 0.17793532 0.05772789 1.60544157 1.20767593
71.64065023 31.90587118 14.77232181 0.16926952 0.06900319 1.65736013 1.10403791
94.61295575 23.27683496 18.22043163 0.30817411 0.06012899 0.61225704 0.35970484
92.06972126 23.12664491 19.53618188 0.26195054 0.05783048 0.81708088 0.48449595
100.13436584 19.54938881 17.60803066 0.21984231 0.06030636 1.84928836 0.44813415
87.90727764 24.00222556 19.65186863 0.29195338 0.06845007 0.84943804 0.44409469
71.81508082 27.26739726 13.99291247 0.23861603 0.05407076 1.53404100 0.43805918
85.15076358 23.47184040 19.11469128 0.28593647 0.05846556 0.76824586 0.47610733
49.89658902 7.52466431 3.86336626 0.07499406 0.16211221 0.74741473 0.74741473
82.29931060 27.49447254 14.10117644 0.26774678 0.05153024 1.35292122 0.57184181
87.11513653 25.74076678 18.30587399 0.29128814 0.06571229 0.42814924 0.37585917
40.11785444 5.12887434 2.76325862 0.05079169 0.12544195 0.50294636 0.50294636
22.38400694 0.78408170 0.76820078 0.00690042 0.05894003 0.05960017 0.05960017
58.57758721 32.27411434 14.46605033 0.17917034 0.05633039 1.75367907 1.12382447
25.29216793 1.49658114 1.09536889 0.01409812 0.06984563 0.13230420 0.13230420
97.81178665 20.02714695 18.34457022 0.19146053 0.06319519 1.36615453 0.09061604
71.20697113 30.71904395 14.75812701 0.14916041 0.05361039 1.63764982 1.14784188
93.57059669 22.61454901 18.90192476 0.26307107 0.05677476 0.78947994 0.43332335
28.76901108 2.34840771 1.48651375 0.02270330 0.08288379 0.21922528 0.21922528
88.89529942 21.36838988 17.88793581 0.28548127 0.05065588 0.70679031 0.71202717
26.15468860 1.70789871 1.19240247 0.01623285 0.07308008 0.15386722 0.15386722
28.75912269 2.34598506 1.48540130 0.02267883 0.08284671 0.21897807 0.21897807
97.25611904 18.84464405 18.25694611 0.19090102 0.05472199 1.45738297 0.12269985
89.45711909 26.56615549 17.85622979 0.30393485 0.05367471 0.58429999 0.35489034
65.58432076 32.58167810 15.21762023 0.16855637 0.05109726 1.60398204 1.19546333
65.68620596 32.77434625 15.12319823 0.16450383 0.05371640 1.53752147 1.08891661
71.44396661 26.05372859 14.59477159 0.25834394 0.06798530 1.41818340 0.28410179
69.25723631 28.00826897 13.45034241 0.24238672 0.05986351 1.54704217 0.13624726
59.74691178 32.01422484 14.95595531 0.18351091 0.06133307 1.76970626 0.96582653
61.99627406 31.28344616 15.21141926 0.15838159 0.05983526 1.52319870 0.95177309
89.12432556 26.20761300 18.16171960 0.29082666 0.06751582 0.60210403 0.43914210
20.92643855 0.42697745 0.60422434 0.00329294 0.05347414 0.02316096 0.02316096
55.79854612 8.97064380 4.52733644 0.08960140 0.18424455 0.89496365 0.89496365
76.54698937 26.14012705 13.45438504 0.24510080 0.05733894 1.53601825 0.28945037
98.17309211 20.51455967 17.86777321 0.19287353 0.06671188 1.92533598 0.44584549
72.05152233 25.92708212 14.93959129 0.24462007 0.05675569 1.47607639 0.41880382
88.04825732 25.30602984 17.42433412 0.28200884 0.06345664 1.05819323 0.57000916
88.64163546 25.16056516 17.31123944 0.28852884 0.05431140 1.06710670 0.67315733
85.57976642 25.64799831 17.90871177 0.28497143 0.06150944 0.42212368 0.50203129
96.46194956 23.17299006 19.39552903 0.26661940 0.07145901 0.70218714 0.43845930
88.02027930 23.12359101 18.81195331 0.26806886 0.06539957 0.80821802 0.39615422
38.02667239 4.61653474 2.52800064 0.04561601 0.11760002 0.45066681 0.45066681
71.76302579 26.66648588 14.24659279 0.26118169 0.05322582 1.35557500 0.33652373
37.26068214 4.42886712 2.44182674 0.04372019 0.11472756 0.43151705 0.43151705
87.33204538 26.49972859 17.89714206 0.29040605 0.06626126 0.56056045 0.31963941
86.57037485 22.38706787 17.92442888 0.29294079 0.05170368 0.84825256 0.34432599
55.66209827 8.93721408 4.51198606 0.08926369 0.18373287 0.89155246 0.89155246
104.64683170 16.34877404 18.42650606 0.22413263 0.05836066 1.59552174 0.18987565
83.77282333 25.27657594 18.15637963 0.30024864 0.05372506 0.61557495 0.16132510
65.11129410 31.85115092 14.84940082 0.15472842 0.06544990 1.65691812 1.03838206
105.56055713 20.56355019 18.72317064 0.22886573 0.07065253 2.02207170 0.11629190
72.68353747 27.93874400 14.32016438 0.23429377 0.05864295 1.58325959 0.34565972
90.57846386 22.12896518 17.70159129 0.30204940 0.06027200 0.64123475 0.64227896
38.01799389 4.61440850 2.52702431 0.04559453 0.11756748 0.45044985 0.45044985
90.78990873 26.41508102 18.44769624 0.29048260 0.05764030 0.57407860 0.48527618
70.64467730 31.88120052 15.28657897 0.16102172 0.05792853 1.63479454 1.17304208
71.51688679 31.73853529 14.78648234 0.16369527 0.06017619 1.69689752 1.06681472
66.79871175 32.33393083 15.22925723 0.17082297 0.06702361 1.65802606 1.04056718
49.26824520 7.37072007 3.79267759 0.07343891 0.15975592 0.73170613 0.73170613
90.93061025 23.57626262 19.27116306 0.26194246 0.06482769 0.70477064 0.37391217
40.43146201 5.20570819 2.79853948 0.05156787 0.12661798 0.51078655 0.51078655
68.49332258 26.26584274 15.06748559 0.25699405 0.05961561 1.41719325 0.44214012
41.93390497 5.57380672 2.96756431 0.05528641 0.13225214 0.54834762 0.54834762
92.71954670 23.46382227 19.03138718 0.25253104 0.05331550 0.54383321 0.41026692
20.84652821 0.40739941 0.59523442 0.00309516 0.05317448 0.02116321 0.02116321
24.57231713 1.32021770 1.01438568 0.01231648 0.06714619 0.11430793 0.11430793
74.21489816 25.90785479 13.57317941 0.25108890 0.06186313 1.58173329 0.53182689
79.73745769 26.46896373 18.34664091 0.28603921 0.05276554 0.70670024 0.48534828
40.49492139 5.22125574 2.80567866 0.05172493 0.12685596 0.51237303 0.51237303
42.71437512 5.76502191 3.05536720 0.05721808 0.13517891 0.56785938 0.56785938
54.25398049 8.59222522 4.35357281 0.08577860 0.17845243 0.85634951 0.85634951
98.82342217 25.56465786 16.96721005 0.26756796 0.06016904 0.94870010 0.39763813
82.95744573 24.02193386 17.76759288 0.29731403 0.05778127 0.39517568 0.19121080
24.98782650 1.42201749 1.06113048 0.01334487 0.06870435 0.12469566 0.12469566
84.28195009 24.82157997 17.82091364 0.28994047 0.05241230 0.50358402 0.13702992
59.70234285 9.92707400 4.96651357 0.09926330 0.19888379 0.99255857 0.99255857
98.90903149 19.35659577 18.14544462 0.21589638 0.05244765 1.98421546 0.37197188
97.76477951 25.43214809 16.86574337 0.26710430 0.05221591 0.79570193 0.27525865
20.85279591 0.40893500 0.59593954 0.00311067 0.05319798 0.02131990 0.02131990
56.35127653 9.10606275 4.58951861 0.09096941 0.18631729 0.90878191 0.90878191
98.26561490 20.15418832 18.41241145 0.23064745 0.06191848 1.71926922 0.48026917
85.66498369 28.51942899 13.62525661 0.25753055 0.05448549 1.42468098 0.69628036
56.24280202 9.07948649 4.57731523 0.09070093 0.18591051 0.90607005 0.90607005
