41.17353348 5.38751570 2.88202252 0.05340450 0.12940075 0.52933834 0.52933834
110.80185709 17.50798143 17.82502181 0.22277260 0.05879770 1.22004059 0.03911049
41.20801476 5.39596362 2.88590166 0.05348984 0.12953006 0.53020037 0.53020037
30.68634228 2.81815386 1.70221351 0.02744870 0.09007378 0.26715856 0.26715856
64.52096028 29.29073855 14.02757781 0.22193297 0.05757015 1.33731238 0.32970434
115.23939749 18.87298565 19.11301041 0.21293828 0.06075336 1.38320724 0.11294261
119.36931893 18.33728151 18.56839175 0.22667524 0.05144838 1.49054318 0.20196232
107.92079802 21.31516906 17.58237438 0.25810047 0.05380701 1.02959744 0.55222182
68.80962997 33.41795364 13.14743260 0.16486511 0.05436188 1.92036369 1.36320476
107.89432786 17.70413573 17.44045102 0.22482542 0.05430699 1.71766223 0.16339133
78.80405093 26.66391225 13.40747723 0.24565856 0.06161504 1.35524996 0.50994475
63.43934858 31.79851580 13.50582529 0.15778636 0.06219874 1.74616833 1.18201038
42.49159912 5.71044178 3.03030490 0.05666671 0.13434350 0.56228998 0.56228998
73.91298369 25.01687245 16.59157308 0.20158392 0.05139781 0.53184693 0.55983333
102.13586231 16.74954409 17.49848479 0.18156175 0.05638147 1.45459745 0.10080492
58.05098640 9.52249167 4.78073597 0.09517619 0.19269120 0.95127466 0.95127466
103.91369127 16.55343508 17.36125287 0.20165821 0.05661787 1.49449280 0.00833063
103.72244801 21.88239050 17.79955986 0.27503884 0.05130457 0.75517090 0.62934083
51.73081942 7.97405076 4.06971718 0.07953378 0.16899057 0.79327049 0.79327049
65.31290242 32.32778652 13.98106764 0.15358213 0.05709283 1.77081673 1.17239118
108.64432066 19.06916518 17.91025761 0.25664947 0.05349988 0.85372075 0.35956020
53.36730193 8.37498897 4.25382147 0.08358407 0.17512738 0.83418255 0.83418255
81.08563352 26.96630431 13.28406867 0.24175020 0.05344211 1.51679016 0.29616085
58.18260138 9.55473734 4.79554266 0.09550194 0.19318476 0.95456503 0.95456503
82.40682031 27.32905078 13.97537005 0.23177602 0.05732551 1.47751084 0.31831119
88.22083367 22.41771977 15.96495870 0.26701402 0.05427655 0.92433199 0.52816998
45.99963969 6.56991172 3.42495947 0.06534911 0.14749865 0.64999099 0.64999099
74.53401947 27.18167388 13.31992191 0.24453925 0.05456806 1.38198721 0.38256827
76.95065932 26.46942227 13.53899256 0.23576202 0.05026372 1.54509433 0.36615598
34.89774916 3.84994854 2.17599678 0.03787193 0.10586656 0.37244373 0.37244373
80.97369871 22.14915578 17.11870154 0.28030391 0.06951444 0.93084997 0.40463554
42.74321075 5.77208663 3.05861121 0.05728945 0.13528704 0.56858027 0.56858027
104.63531765 17.11906414 17.74291250 0.18553050 0.05652210 1.47616799 0.24162229
112.89611830 20.37315693 19.10821273 0.20190910 0.06175994 1.56668229 0.21833709
102.93170262 16.69616975 18.21892950 0.18670052 0.05739252 1.59248597 0.06338977
85.00629346 26.70014561 14.20780995 0.25261883 0.07207440 1.50812050 0.56700871
91.88118861 23.38510237 17.03198210 0.29014263 0.05882369 0.82271124 0.42441758
77.32652774 26.57798650 13.18623488 0.24476961 0.05719695 1.39689419 0.40121102
79.64027192 24.68851859 17.14810555 0.20697433 0.05742152 0.65386563 0.42975735
101.34418915 16.27120610 17.82659752 0.18985758 0.05280317 1.63464431 0.12793642
110.55820301 16.53381740 17.60792895 0.22770943 0.05164783 1.81824204 0.15237605
112.58399414 17.29209352 17.70965111 0.20717278 0.05533322 1.63513359 0.18259508
111.01160962 17.09809036 18.14007308 0.22312974 0.05775197 1.30832697 0.16101583
35.84396102 4.08177045 2.28244561 0.04021380 0.10941485 0.39609903 0.39609903
83.60846570 26.54315873 13.98662803 0.24481125 0.05883269 1.46380759 0.30369806
80.41578861 26.34097839 13.21997034 0.25379477 0.06128393 1.36500739 0.57381809
21.50706720 0.56923146 0.66954506 0.00472999 0.05565150 0.03767668 0.03767668
116.35333953 18.73498661 18.28736956 0.23168076 0.06407277 1.44937697 0.34144218
105.48049745 17.34713822 17.60650234 0.21886107 0.07652677 1.61688344 0.25344135
87.45429451 21.99127741 15.73757593 0.29015442 0.05461625 1.06620238 0.43762132
42.82151634 5.79127150 3.06742059 0.05748325 0.13558069 0.57053791 0.57053791
99.79359048 23.41492637 17.27835805 0.26980781 0.06682816 0.81988678 0.49290118
81.03968463 26.89374902 13.44746361 0.25662593 0.05356177 1.32296274 0.51490769
67.69404337 32.84032730 14.11523217 0.16334312 0.05762745 1.72025623 1.21413033
42.69417270 5.76007231 3.05309443 0.05716808 0.13510315 0.56735432 0.56735432
42.78941709 5.78340719 3.06380942 0.05740381 0.13546031 0.56973543 0.56973543
107.50277669 17.14578439 17.36682052 0.20811479 0.06081862 1.66089344 0.24954763
82.44396098 25.89664601 13.61737667 0.23475856 0.06174169 1.48707836 0.30419593
25.98040165 1.66519841 1.17279519 0.01580149 0.07242651 0.14951004 0.14951004
99.60740856 23.95077399 17.83600692 0.26943305 0.06289114 0.85502300 0.44876942
82.61173216 22.18551212 16.70152971 0.28218710 0.06186918 0.88091731 0.35111425
62.85846794 32.67063690 14.09292974 0.17466117 0.06134551 1.70368407 1.26939524
115.05502002 19.23992251 18.28712257 0.22681997 0.05120361 1.51754335 0.27336038
27.67875076 2.08129394 1.36385946 0.02000491 0.07879532 0.19196877 0.19196877
112.09038836 18.00047983 17.77328852 0.23770431 0.05638714 1.17939743 0.07281735
109.47309567 17.81952713 17.64250232 0.22297442 0.06517137 1.82108754 0.25406041
105.14013153 21.99225961 18.00436567 0.27626247 0.05692314 0.70415217 0.76320542
66.26378017 33.83461253 13.60550245 0.16955012 0.06270116 1.85160278 1.36870800
114.19042931 17.39305690 18.00809739 0.21024888 0.05750291 1.42521462 0.25738322
50.67122615 7.71445041 3.95051294 0.07691128 0.16501710 0.76678065 0.76678065
22.16452801 0.73030936 0.74350940 0.00635721 0.05811698 0.05411320 0.05411320
43.53311275 5.96561262 3.14747518 0.05924445 0.13824917 0.58832782 0.58832782
103.05245310 16.63715803 18.11797531 0.20723727 0.05525044 1.70547345 0.22722399
50.82270131 7.75156182 3.96755390 0.07728619 0.16558513 0.77056753 0.77056753
129.00796528 18.26071012 19.07935449 0.21375120 0.06760633 1.38993908 0.09204646
84.64777728 26.41638224 14.12188167 0.23371706 0.07466508 1.58200638 0.29659990
110.67818376 19.92083289 18.82249085 0.19518436 0.06504337 1.50635784 0.18629206
111.11025602 16.92883659 17.55722566 0.21771474 0.06616908 1.24265313 0.16336905
109.94151562 17.15993394 17.44343590 0.19699198 0.06346636 1.63306154 0.10191625
109.00547013 20.32267108 19.52248933 0.20474110 0.06572246 1.33203371 0.25377748
83.26167816 26.03019103 14.02401187 0.26137318 0.06244719 1.37670715 0.51676104
107.36595543 17.16263025 17.51357890 0.18762044 0.06003427 1.44388648 0.18496671
68.79904956 33.04848396 13.72025878 0.16495100 0.06311560 1.87324715 1.39691525
64.14672239 30.68098522 14.08337722 0.16403107 0.05344882 1.71865885 1.26825326
86.43698300 23.88292023 16.99345421 0.20057801 0.05597441 0.71192551 0.59924315
67.59620488 33.36203726 13.19173311 0.16537252 0.05583721 1.93342111 1.31259879
106.25877507 22.17011919 17.72430270 0.25896868 0.05744315 1.07800521 0.55379593
113.09193371 18.14435497 18.04756379 0.23506900 0.06154907 1.24044121 0.11786794
112.51423403 17.61372202 17.68416007 0.22048545 0.05617134 1.75494472 0.32895816
90.43848844 23.87703950 17.23635299 0.26169315 0.06721033 0.79400468 0.39597935
80.96731158 25.39547508 17.18642083 0.20140219 0.05478401 0.65172142 0.51713848
91.95534669 23.66436928 17.10233574 0.28908190 0.07590441 0.86117778 0.40328872
27.05285379 1.92794918 1.29344605 0.01845581 0.07644820 0.17632134 0.17632134
41.51228347 5.47050945 2.92013189 0.05424290 0.13067106 0.53780709 0.53780709
115.72096599 17.29763093 17.84417030 0.23358907 0.07094858 1.28177737 0.07677761
27.98859318 2.15720533 1.39871673 0.02077177 0.07995722 0.19971483 0.19971483
110.84402864 17.26533687 17.65640734 0.22423462 0.05544117 1.71611029 0.21377971
80.12550826 26.38747879 13.76904388 0.26090563 0.05252131 1.44938428 0.44868982
79.24376027 22.43753658 16.01965653 0.27575463 0.05032895 0.84184214 0.43961130
80.74741106 26.95626943 13.15549361 0.25553732 0.06851878 1.39903485 0.45894045
83.00841591 25.38107205 13.75023948 0.24801887 0.06022400 1.60882283 0.30289645
81.40458103 24.58897677 17.07555633 0.21167868 0.05407054 0.57678215 0.46325295
107.88349809 19.14645555 17.32210505 0.25041436 0.05742655 0.93462131 0.43028783
50.23541887 7.60767762 3.90148462 0.07583266 0.16338282 0.75588547 0.75588547
104.37913484 17.44272126 17.30419337 0.21998381 0.07857876 1.75705200 0.31904960
75.93068366 24.80376638 16.44757134 0.20128492 0.05254692 0.60519126 0.62443955
90.35146230 21.62897623 16.43314378 0.28819432 0.05364163 1.08665724 0.42353745
103.90297159 16.90726326 18.12383595 0.20032273 0.05800297 1.62954056 0.34737880
85.41716223 21.19453773 15.93721320 0.29619460 0.05019242 1.10435828 0.47674249
112.86714739 16.93767012 18.31629387 0.22840150 0.05891019 1.34658429 0.12435732
83.80154550 24.36312887 17.26090802 0.20089973 0.05530087 0.55636954 0.44222604
78.12919745 24.89640519 16.39714725 0.20197223 0.05687372 0.48888518 0.59549694
28.13460167 2.19297741 1.41514269 0.02113314 0.08050476 0.20336504 0.20336504
81.82377649 23.71200080 17.53918821 0.20686664 0.05093104 0.52791357 0.63029499
49.45475175 7.41641418 3.81365957 0.07390051 0.16045532 0.73636879 0.73636879
49.66000490 7.46670120 3.83675055 0.07440851 0.16122502 0.74150012 0.74150012
105.51887091 20.59461075 16.96048270 0.26749807 0.06271092 1.17416622 0.49101232
55.19587632 8.82298970 4.45953609 0.08810979 0.18198454 0.87989691 0.87989691
25.24939509 1.48610180 1.09055695 0.01399225 0.06968523 0.13123488 0.13123488
65.18903078 31.97925806 13.91009999 0.16666651 0.06439130 1.61482459 1.28003396
74.41793756 25.29272657 17.15032351 0.20331600 0.05933506 0.47056907 0.53730372
24.63120971 1.33464638 1.02101109 0.01246224 0.06736704 0.11578024 0.11578024
34.02087948 3.63511547 2.07734894 0.03570168 0.10257830 0.35052199 0.35052199
104.81674915 17.65370868 17.46054888 0.18846121 0.05085181 1.39488516 0.17638729
105.37240446 21.20462294 16.76761950 0.26327881 0.06201245 1.06408741 0.45500501
62.14362592 31.69442657 13.28683763 0.15246199 0.05939174 1.77345148 1.19632270
111.27587798 16.90338448 17.64381263 0.22206317 0.06133622 1.85291971 0.13381737
81.22510646 24.03049673 16.90750648 0.20102774 0.06152318 0.60404413 0.47428240
