47.74097120 8.93888557 3.43123831 0.01154725 0.16662716 0.81741145 0.10598643
56.31430243 9.06172017 4.95992952 0.09477527 0.05870075 0.20097922 0.29813608
53.09235050 8.89133828 4.65295201 0.08075418 0.05422633 0.40460176 0.04491407
55.14013238 9.05197022 3.97370068 0.05980609 0.05582363 0.46167877 0.24991675
51.10707735 9.74024126 4.33825690 0.05944134 0.05782440 0.54258139 0.36215058
53.76176092 8.90065132 4.45374845 0.07965136 0.05240990 0.39855485 0.39365109
49.31678011 6.40482899 4.09757696 0.03551537 0.10917408 0.21027993 0.71254114
59.59353001 9.05352418 4.68838592 0.08604678 0.05456184 0.16321649 0.15007817
25.74371897 0.26063781 2.25282536 0.09563246 0.15013087 0.66728961 0.14256143
41.75532058 7.73869244 2.07523455 0.01599578 0.18216067 0.36653436 0.09280224
58.23592814 9.58515412 3.56915138 0.07639298 0.06154478 0.02197913 0.31090304
54.37531208 8.33963290 4.30086540 0.04897693 0.05847847 0.60383038 0.37278566
32.09030969 6.33251872 4.22864487 0.07379604 0.16266873 0.50292564 0.09672531
52.31184786 9.34956491 4.66518671 0.08662097 0.05780936 0.45729157 0.33571544
41.71154500 2.08634424 1.49878843 0.06193772 0.06905557 0.38862476 0.81301161
59.13145059 8.53861773 4.27756376 0.09552735 0.05105904 0.10813533 0.09055271
52.11164538 9.08839708 4.27799898 0.09644605 0.06277446 0.37723943 0.17936369
51.60084146 8.03997605 4.70941751 0.06525869 0.06063048 0.48956385 0.65238690
57.69917765 9.57045776 4.54750129 0.07852622 0.05734680 0.38304790 0.20499486
57.15771331 3.88576793 4.47325647 0.08068300 0.09573236 0.20390727 0.82467214
54.12565798 9.63184227 4.75842712 0.09607157 0.06737237 0.24286489 0.34490362
28.78817644 6.74618104 4.08767158 0.04171653 0.18482161 0.31376655 0.68509387
24.92907603 3.11357982 2.39288515 0.00695467 0.08799690 0.72882937 0.80628842
54.91471833 9.73126073 4.89101453 0.09752089 0.07428904 0.42255692 0.30562972
50.23781701 2.54605095 0.79584277 0.06431790 0.12557776 0.51969898 0.13035993
21.23124610 0.93119779 3.07389026 0.09475605 0.17968725 0.36200679 0.17866251
58.38717970 9.01635547 4.16820454 0.06896808 0.06056557 0.63824018 0.44366028
54.88672912 8.87229412 4.59466038 0.08197578 0.05962744 0.22862484 0.09142563
48.65625368 9.54268026 4.30777088 0.06966019 0.06413944 0.37730006 0.36726208
51.79523485 8.93539711 4.54266846 0.06259796 0.06744636 0.33292784 0.11325039
51.27652335 9.35348820 4.05360478 0.09308542 0.06441827 0.11234341 0.19639144
55.39020614 8.12987311 4.24558607 0.07587843 0.05857786 0.15767231 0.55111656
52.25668178 7.93389017 4.16890223 0.07762482 0.05226352 0.35519163 0.30838763
54.51858400 8.49123651 3.88687876 0.06303949 0.05744004 0.27652163 0.13844923
53.08464678 8.60430236 4.35166316 0.08404202 0.05666045 0.49678542 0.09229552
44.89693523 7.11259692 3.10323105 0.08226772 0.07946454 0.05690212 0.46313110
26.80999084 7.46590678 4.58937191 0.07050978 0.13188610 0.68120910 0.49309541
53.46374478 8.24183547 3.93521514 0.05926606 0.06552344 0.69009601 0.35558248
21.15435525 5.19503917 3.80604901 0.02665394 0.19271164 0.02787404 0.08491600
58.90518588 7.99237242 4.58686728 0.09376901 0.05689419 0.55869496 0.50162791
54.68160483 9.92561005 4.43058790 0.05464372 0.06624553 0.22939066 0.09806457
24.28071104 2.47644502 2.26144894 0.01633356 0.13946489 0.03318366 0.63682193
52.83384082 9.01066153 4.52812222 0.09138621 0.05343685 0.30622097 0.09727547
53.23100498 8.64144307 4.39055590 0.08812269 0.05233254 0.37422030 0.21984326
52.87346244 8.10836482 4.54857440 0.07277985 0.06776879 0.57567225 0.36317590
27.80626692 0.63241904 4.39368723 0.09191283 0.15614983 0.11460604 0.17590145
49.56687623 8.73501360 4.54681584 0.01518458 0.07979345 0.59139142 0.16876993
27.47984624 9.90628594 4.14026276 0.02328183 0.17592304 0.21811391 0.56292675
57.02659976 9.01917617 3.73975515 0.07494780 0.05951995 0.69237823 0.31976298
20.02311481 5.52669956 3.13614515 0.03409967 0.07699823 0.39227994 0.84177702
52.35727478 8.43130701 4.45919693 0.05995415 0.05869801 0.70531853 0.30128718
53.24597688 9.70500251 4.38782441 0.08837152 0.06135287 0.35031806 0.20002392
29.38931186 2.03312407 2.66714863 0.01639849 0.07061870 0.31058496 0.52433083
54.04621086 9.61831740 4.91746399 0.07669658 0.05272947 0.41731130 0.09098168
46.35952741 4.86532028 1.97551459 0.02441853 0.06549157 0.59861999 0.81290066
58.78836734 9.70891680 3.80704662 0.07843984 0.06202201 0.59254250 0.41910455
58.13595941 9.53546121 4.48475718 0.08348664 0.07202975 0.55823639 0.37417317
54.60286963 7.25285508 1.55962692 0.01188883 0.17201701 0.72983589 0.90553311
52.73355242 9.34122500 4.07024632 0.06191916 0.05079996 0.24842418 0.11881210
52.67687112 8.38528900 4.38628168 0.06056505 0.06158123 0.61177566 0.32399927
58.47119754 9.83264979 3.42454526 0.08166044 0.15752363 0.13295743 0.71178667
32.59063082 5.07355296 4.02950879 0.06704109 0.14386305 0.38744615 0.16339395
30.31393300 3.33792716 1.74639590 0.00111717 0.10732426 0.15912841 0.34018702
56.21180568 1.58442348 3.85361826 0.00842970 0.05239739 0.14711735 0.05174893
46.02524104 8.99586508 2.60587516 0.09179859 0.07276828 0.75066932 0.53061665
56.50043055 9.48942313 4.74278885 0.08964686 0.07430658 0.52985569 0.43095811
57.99419749 9.31743784 3.71088245 0.06266446 0.05169470 0.37614946 0.14198235
48.90126025 8.86941334 3.44906304 0.04465782 0.16611618 0.46482439 0.15771467
23.25446611 6.99747412 3.62547819 0.08903744 0.16585976 0.45299847 0.27611190
52.53719006 9.32436528 4.35395158 0.08136994 0.05083026 0.31506160 0.27242535
58.24089636 8.61815198 4.81212909 0.09738181 0.06264159 0.44009880 0.41000762
52.27002943 7.75875995 3.99498175 0.09833015 0.06361301 0.08615619 0.12215176
57.18944092 9.15429821 4.49303687 0.09078709 0.05970340 0.14632984 0.32033273
57.18469963 7.10501659 4.39277884 0.08330644 0.05843702 0.64253035 0.34858352
36.24151751 9.49913470 1.62180948 0.04466463 0.10040650 0.66410162 0.70061575
51.72587076 8.89669761 4.12355147 0.07778228 0.06048955 0.08245805 0.38856206
59.27464447 9.46208861 4.80879017 0.08411605 0.05952206 0.39887985 0.31127454
56.25444876 8.67956014 4.57144266 0.06322881 0.05495535 0.56560102 0.44524036
24.61795701 1.19400635 2.16427660 0.01227598 0.19288723 0.83825769 0.94933679
55.93583311 8.45419125 3.81609745 0.05666296 0.05973037 0.35258083 0.19969709
53.64692932 9.66713997 4.47121068 0.07239651 0.09441841 0.33731074 0.26337256
56.95458185 4.44613849 2.96970153 0.06255680 0.16720433 0.50704283 0.00655811
58.94854090 9.96297849 4.50918258 0.06829377 0.06583802 0.32316914 0.46811622
53.31687128 9.87395270 4.62822001 0.06493949 0.05154856 0.35009618 0.29840730
59.96053966 9.30533970 3.33246906 0.07397246 0.06265460 0.10331461 0.25448475
54.92527832 8.65771974 3.94184955 0.06385674 0.15684423 0.47173492 0.73391073
35.25289016 1.74708718 2.25283993 0.07653940 0.06649350 0.07046422 0.73910458
59.61398534 8.62120686 4.15461818 0.06867711 0.05704657 0.68699181 0.46293618
57.91845484 9.82575410 4.48460996 0.08697617 0.07121226 0.25979142 0.46781293
57.11785383 9.09441857 4.71857118 0.07192827 0.06074126 0.35154266 0.17086936
51.71437922 8.83997344 4.37301885 0.09461252 0.06562060 0.57186461 0.35810925
50.49977211 5.35004713 3.85375011 0.09881008 0.08431356 0.18309115 0.84745686
54.51047370 7.41731181 4.58569250 0.07633398 0.05677055 0.32783749 0.29026241
59.95789809 7.27471978 2.16837168 0.09408273 0.19803970 0.12886706 0.43177132
43.97522885 8.76635164 3.12506292 0.07023415 0.06921780 0.19312233 0.89318592
47.45589019 5.24716611 4.19793458 0.06637337 0.06703642 0.15774526 0.25441898
49.78584292 0.58613554 3.58783431 0.03570667 0.13272861 0.74357959 0.71120545
58.57381613 9.50900498 4.90222860 0.06417830 0.05231107 0.16881723 0.47526501
58.16118594 9.13330425 4.08816589 0.06259495 0.08135391 0.21868516 0.07753195
50.47220774 2.20966669 3.11512696 0.08461762 0.12200369 0.61202617 0.58023508
40.19298869 5.19357719 3.44923908 0.08635380 0.06311566 0.77414037 0.95359040
25.06441855 8.53430508 3.43006114 0.02095204 0.08266758 0.77113347 0.34321986
57.11816789 8.93898850 3.46923862 0.09715143 0.07598982 0.46935528 0.27300099
54.34313055 9.21778092 4.66111136 0.07067846 0.07508319 0.34228277 0.40422576
49.29987820 8.96329963 4.36599616 0.09190390 0.06916440 0.12777972 0.10700640
56.87412100 9.04208253 3.65343855 0.06059463 0.05823352 0.32763002 0.17247164
32.03200383 2.01917561 3.41896669 0.08064041 0.12884444 0.63391369 0.59633007
51.40322307 9.85304000 4.41175907 0.07132776 0.05017523 0.41464822 0.30515520
58.35401291 9.01710925 0.61303078 0.03050534 0.07534012 0.72191013 0.32372226
56.81454920 9.66295072 1.46383183 0.05275524 0.13997691 0.50362251 0.49897136
53.99675323 5.59609125 0.50171491 0.04638911 0.18055368 0.90206565 0.38116488
57.92920140 8.93350240 3.66311665 0.05762622 0.05652244 0.73814626 0.45067029
55.05602754 8.77810392 4.83190353 0.07503838 0.05572934 0.28382895 0.12461813
55.87930955 0.72427184 1.05739940 0.08676641 0.07149091 0.96089844 0.26711310
58.86532130 8.97512280 3.62185109 0.05006398 0.05517170 0.33894784 0.19268349
56.90366176 9.18971475 4.07864895 0.08266211 0.06260506 0.00430147 0.64043993
53.43065084 9.38489004 3.83897965 0.03828064 0.06232446 0.37484096 0.03395205
56.62055507 8.71477000 4.31818775 0.07668378 0.06242432 0.27995660 0.27448656
59.81529283 6.76705501 4.86664029 0.08615200 0.07023095 0.39178006 0.40473158
34.22865375 4.34977417 3.55131843 0.08413754 0.08869964 0.51063840 0.52702292
55.72724703 8.79096535 4.61712037 0.07980845 0.05999957 0.61660361 0.62368502
47.36058972 6.93243914 1.00358313 0.00517573 0.11357237 0.67513511 0.30891368
57.47977473 4.85906091 0.69430287 0.01130426 0.13184128 0.08897838 0.98712693
50.23762669 8.45346490 4.76497601 0.07673251 0.05887342 0.26227937 0.09711234
53.01409802 8.67745589 4.48819950 0.08021297 0.05712363 0.47710000 0.66545198
27.02207551 9.38566071 4.78290476 0.09294778 0.14710925 0.81082076 0.03384175
58.32450196 6.87065991 4.71852874 0.06966610 0.05528387 0.31806766 0.14741799
56.03080373 9.94419253 4.37068784 0.07023976 0.06413594 0.38197409 0.42375339
