66.66774380 11.90706039 5.53059911 0.00931885 0.05713919 1.16321291 0.83255132
65.64249494 11.50884139 4.78947492 0.10453092 0.05458930 1.05653757 0.83724633
20.27040264 0.26624865 0.53042030 0.00166925 0.05101401 0.00676007 0.00676007
59.53764776 14.33436894 5.78476444 0.01553501 0.06860345 1.31320767 1.04950774
68.47770512 11.90995703 4.49425991 0.10127242 0.05776437 1.09821402 0.85888425
59.77077041 12.16031169 5.54252700 0.10246743 0.06382866 0.99016743 1.03771949
63.05734004 12.99923701 5.32894714 0.02482842 0.06115029 0.81109389 1.11922587
72.81765592 12.05310277 4.85776047 0.11740259 0.05575822 0.74565038 0.98687964
68.38856130 9.92900856 5.89910003 0.12266657 0.06412840 0.67439092 0.99543382
66.24381893 10.09958426 5.64728811 0.08269526 0.06674249 1.17978329 0.84782994
24.14825740 1.21632306 0.96667896 0.01126694 0.06555597 0.10370643 0.10370643
42.29828595 5.66308006 3.00855717 0.05618826 0.13361857 0.55745715 0.55745715
69.61688484 11.04090397 5.98201111 0.10759893 0.05899888 0.54332599 0.91473745
61.39894779 13.87247594 6.20510085 0.10810143 0.06611902 0.94343772 1.01391884
62.12148542 12.47571835 5.16184398 0.11103518 0.05008496 1.09124965 0.93583970
58.40550909 9.60934973 4.82061977 0.09605364 0.19402066 0.96013773 0.96013773
66.83432838 12.09832849 4.42594143 0.11523380 0.06665189 1.07352238 0.81918227
59.41476680 11.91128488 6.39126720 0.02585212 0.06802044 1.31032539 0.92097160
58.10213626 11.81021575 6.22118697 0.01624663 0.05281645 1.17517571 1.02319666
60.79101950 9.29875892 5.74894982 0.14076756 0.06423752 1.15000327 1.11854145
47.33856483 6.89794838 3.57558854 0.06866295 0.15251962 0.68346412 0.68346412
58.92002683 10.94778394 6.04781316 0.11150620 0.05145264 1.02986808 0.84014366
68.81954633 11.27089678 5.28251795 0.11061625 0.06439169 0.99670800 0.76272634
60.69613483 12.25249473 5.95204571 0.02740288 0.05545825 1.27732382 1.03825606
42.03537082 5.59866585 2.97897922 0.05553754 0.13263264 0.55088427 0.55088427
61.66810967 14.68310715 6.32818181 0.02220180 0.05969517 1.29382526 1.13023113
46.94758236 6.80215768 3.53160302 0.06769527 0.15105343 0.67368956 0.67368956
67.04524793 11.58824319 4.91036918 0.11242027 0.06738946 0.70959051 0.94094487
55.72876412 11.83911489 5.80744076 0.10266859 0.05475073 1.08141307 0.87206086
58.71497143 9.68516800 4.85543429 0.09681955 0.19518114 0.96787429 0.96787429
42.11709414 5.61868806 2.98817309 0.05573981 0.13293910 0.55292735 0.55292735
60.91988907 12.66808768 6.20258303 0.01335936 0.06414083 1.34452301 1.05923247
69.29955776 9.59799849 4.65608064 0.11952074 0.05424492 0.94070404 1.01219974
60.40057031 13.01287971 6.66694410 0.02391459 0.06325119 1.15366801 0.75637237
70.64413940 10.79832388 4.74908541 0.09481261 0.07470488 0.90038736 0.83314815
70.17740149 11.75301282 5.78808427 0.02185651 0.05024254 0.73833330 0.78743206
61.67817207 12.40885907 5.48629407 0.10875806 0.05502046 0.79087126 0.91780576
61.94868238 12.98136604 6.00566610 0.01966370 0.05646864 1.27956466 0.90784760
61.07223070 12.20811245 4.54981049 0.03317977 0.05098422 0.92474521 0.95002579
59.53676067 12.27694416 6.33802477 0.00406097 0.06940489 1.11927184 1.00293677
74.13349812 9.68122040 5.99655513 0.11783512 0.05283107 0.77603973 0.94507182
68.29500889 8.82946475 5.93919180 0.10903312 0.06254753 0.69096998 0.70723470
53.27146500 8.35150893 4.24303981 0.08334688 0.17476799 0.83178663 0.83178663
67.66317144 12.35973502 5.29916616 0.00441799 0.05623807 0.86475264 1.08902758
60.98750117 13.27701121 6.00616085 0.01007254 0.06622822 1.29781586 1.00281910
63.25788573 12.61781992 5.74180758 0.00708105 0.06919629 1.06670033 0.93900697
22.58228807 0.83266058 0.79050741 0.00739116 0.05968358 0.06455720 0.06455720
28.86665525 2.37233054 1.49749872 0.02294497 0.08324996 0.22166638 0.22166638
59.78458793 11.70936644 5.96488154 0.10645919 0.07410382 0.92839865 0.90104415
63.63560588 13.23835966 4.83390123 0.03095592 0.06370100 1.18963412 0.94353306
66.58070688 8.35437182 5.99835634 0.12469609 0.05597794 1.12401407 1.00174577
64.87112473 12.57625279 5.78776879 0.11945742 0.05973053 0.77193493 0.92872985
69.28971614 10.99171847 5.00260847 0.04059474 0.06179142 0.75190712 0.99382699
63.18295530 14.07570779 6.15250120 0.10413409 0.07830389 0.87571691 0.97567557
66.04211955 13.41465749 4.54915691 0.04765267 0.06090455 0.94450285 1.01228191
55.59450787 13.91767660 5.39843231 0.10127295 0.05633380 0.95322858 0.88271558
56.03083843 13.12480580 6.44331776 0.03066581 0.05450541 1.03230709 0.81190814
64.94242673 12.12511619 5.66916123 0.11094010 0.06822434 0.64798786 0.92932032
40.06740895 5.11651519 2.75758351 0.05066684 0.12525278 0.50168522 0.50168522
67.26432881 11.94560949 5.89370886 0.00439699 0.05796469 1.21682141 1.08867985
69.18611000 8.56949317 6.10898462 0.10547441 0.05637289 0.78297289 0.79116124
31.57230226 3.03521405 1.80188400 0.02964145 0.09339613 0.28930756 0.28930756
62.35636927 12.94291931 6.34199938 0.09924624 0.05953866 0.98484348 0.97753061
57.64735348 11.56042747 5.93941542 0.01150061 0.06221498 1.23456017 0.95604057
65.40618780 12.82894268 4.40173663 0.04331730 0.05033846 0.97390224 0.92952766
69.00227759 8.21900381 6.13619384 0.13398995 0.05745155 1.20296591 0.96654489
61.69732995 13.85245442 6.99493722 0.02988052 0.05921520 1.27127904 1.03700550
60.63989131 13.07051819 6.12911206 0.10379142 0.05275565 0.88108988 0.85712883
21.10904875 0.47171694 0.62476798 0.00374490 0.05415893 0.02772622 0.02772622
44.14567391 6.11569011 3.21638831 0.06076054 0.14054628 0.60364185 0.60364185
35.09193865 3.89752497 2.19784310 0.03835255 0.10659477 0.37729847 0.37729847
63.30351878 13.79915936 5.76788781 0.01420042 0.05305554 1.38276277 1.16630658
55.75412373 12.30981736 5.74448036 0.10764855 0.06336248 1.09862967 0.91538172
50.06856848 7.56679928 3.88271395 0.07541971 0.16275713 0.75171421 0.75171421
56.39413510 11.64268477 5.84390802 0.01261331 0.05094351 1.27313035 1.17303905
47.39558686 6.91191878 3.58200352 0.06880408 0.15273345 0.68488967 0.68488967
29.81236268 2.60402886 1.60389080 0.02528560 0.08679636 0.24530907 0.24530907
65.96127147 11.76202194 5.74379100 0.10971926 0.06881220 0.59623676 0.93250475
63.26575904 12.25820545 6.10995964 0.01114708 0.06832686 1.20092208 1.08454249
65.46907061 14.31457382 6.36932788 0.01784049 0.06331015 1.28725810 1.02699767
61.16405337 12.68045770 5.76262867 0.10949741 0.05331819 0.98595931 1.02858462
37.29688311 4.43773636 2.44589935 0.04380979 0.11486331 0.43242208 0.43242208
64.10210853 11.75972454 6.14657274 0.01664993 0.05326940 1.36088966 1.04502786
69.11796697 11.89402888 5.45465482 0.02145381 0.06661906 0.76764749 0.95222849
61.16497829 13.09745483 6.33746825 0.02621214 0.05768954 1.32909469 1.11777474
25.29896785 1.49824712 1.09613388 0.01411495 0.06987113 0.13247420 0.13247420
72.46996760 11.96497830 5.02441870 0.04103774 0.05719058 0.81320809 1.16538434
67.10372959 13.77947622 6.94328406 0.02228736 0.05468360 1.32606819 1.10927990
60.91355570 13.98972883 5.96936373 0.01791857 0.07460884 1.23365788 1.00789694
59.04954700 12.20688850 5.86753708 0.10550222 0.05930522 0.94525475 0.96165595
66.48179441 12.12791357 5.18910872 0.00948315 0.06157754 0.86452587 0.90670781
35.80317812 4.07177864 2.27785754 0.04011287 0.10926192 0.39507945 0.39507945
73.96840414 10.76632177 4.85258600 0.12819106 0.05826938 0.90448096 1.04509195
59.28295884 9.82432492 4.91933287 0.09822532 0.19731110 0.98207397 0.98207397
63.28906303 13.05700653 6.19265572 0.02206852 0.06205833 1.20207539 0.85539761
56.22981576 11.79779232 5.70606971 0.09249896 0.06546533 0.99190697 0.86952875
62.04464421 14.27673711 6.88248439 0.01280772 0.06600423 1.21829093 0.95160883
57.45062890 9.37540408 4.71319575 0.09369031 0.19043986 0.93626572 0.93626572
68.63555178 11.81884981 5.27353921 0.10911604 0.05243573 0.96206585 0.85713844
56.30738488 9.09530930 4.58458080 0.09086078 0.18615269 0.90768462 0.90768462
60.34635560 12.46569430 5.92605775 0.01554868 0.06392452 1.27963811 0.90028254
64.81913091 10.75631388 5.34179290 0.03270054 0.05686979 1.11100006 0.81204583
61.37792572 12.40726803 5.35831948 0.11396936 0.05641364 1.03838967 0.76190482
58.45428598 13.53675693 5.89938256 0.01442985 0.05437134 1.43126401 0.97933927
66.47878033 11.32066226 5.26036802 0.00782108 0.05321311 0.78896885 1.07997493
44.60687652 6.22868475 3.26827361 0.06190202 0.14227579 0.61517191 0.61517191
64.48609431 12.66968367 4.77148358 0.01433569 0.06324977 0.79516180 0.87702457
71.22060304 8.06770575 5.58265832 0.09941693 0.06628285 0.70822024 0.67698071
40.65166656 5.25965831 2.82331249 0.05211287 0.12744375 0.51629166 0.51629166
60.19653231 11.70072965 6.02118461 0.01655143 0.06329371 1.17098603 1.04674354
60.28318753 12.64383498 5.85681434 0.01903005 0.06584635 1.25081318 1.07439127
61.16176232 13.67709323 6.35152060 0.02762207 0.05386077 0.99117907 0.87593633
49.33974146 7.38823666 3.80072091 0.07361586 0.16002403 0.73349354 0.73349354
68.76229410 12.67677068 5.13021405 0.01496591 0.06021095 0.77279601 0.84030861
56.15098086 13.08492066 5.66078570 0.08717691 0.05556010 1.10056364 1.04067123
34.30077651 3.70369024 2.10883736 0.03639442 0.10362791 0.35751941 0.35751941
67.04267757 12.92028178 4.73602714 0.01347848 0.05373376 0.79368246 0.85126491
57.96450996 11.20736067 5.97802450 0.11178509 0.06198905 1.16296595 0.90164560
67.16696689 12.47737910 5.15463974 0.01303353 0.05584410 0.86683093 1.04887407
63.01151269 12.42983009 5.29111194 0.02521381 0.06843249 1.15083197 1.06550409
71.26182332 8.23908529 5.69125130 0.10333972 0.05282003 0.63223310 0.79953059
62.07493735 13.29620542 5.30519083 0.10622227 0.06645066 1.08628929 0.82771197
62.78802018 10.66992196 6.14099841 0.02504062 0.05878077 1.22309494 0.81374004
56.39637110 9.11711092 4.59459175 0.09108102 0.18648639 0.90990928 0.90990928
60.91992622 12.27586069 5.73116971 0.02889742 0.05004451 1.29499921 0.89343243
61.99199488 11.94546574 6.47038962 0.00181512 0.07252111 1.03878722 1.14280316
59.22602981 9.81037730 4.91292835 0.09808442 0.19709761 0.98065075 0.98065075
65.19853257 13.46115642 5.18648140 0.00356218 0.06994801 0.75606590 1.08209201
