103.99491469 17.56885491 18.18892644 0.22454136 0.07384852 1.77992511 0.17764594
36.73765546 4.30072559 2.38298624 0.04242570 0.11276621 0.41844139 0.41844139
42.43026323 5.69541449 3.02340461 0.05651490 0.13411349 0.56075658 0.56075658
90.60099998 21.86701503 17.65240759 0.32168340 0.05038091 1.08085550 0.45869259
103.34124807 16.07546201 18.47727751 0.21290532 0.06631228 1.87056564 0.31468908
98.59232225 22.68222081 20.30272897 0.32493923 0.05525707 0.73687637 0.36871234
80.87889091 22.46508251 18.38137883 0.30325428 0.06536051 0.72378230 0.27313533
38.19779860 4.65846066 2.54725234 0.04603955 0.11824174 0.45494497 0.45494497
79.93767549 25.39249616 14.36642645 0.27029397 0.06664384 1.62784676 0.32889982
104.99976262 16.07598855 18.12369580 0.21574842 0.05710597 1.79683849 0.29612474
73.51633915 29.66236102 14.05808611 0.24659576 0.05183527 1.49855091 0.36637129
107.19220757 16.53179309 18.35932429 0.22359682 0.07107192 1.82113989 0.21117177
99.65942028 25.15070175 20.06550381 0.31351956 0.05364433 0.63716027 0.26222046
74.71031697 24.53271158 17.72741754 0.29408690 0.06408328 0.44128566 0.33713234
98.44542311 24.99829348 19.50612324 0.30998972 0.06144013 0.45915772 0.35054938
82.95145946 26.30763720 14.00832201 0.26437154 0.06382077 1.83657985 0.31565837
93.93021027 23.12305877 18.91478429 0.30107087 0.06691987 0.67853611 0.32360965
37.94805847 4.59727433 2.51915658 0.04542144 0.11730522 0.44870146 0.44870146
30.06318220 2.66547964 1.63210800 0.02590638 0.08773693 0.25157955 0.25157955
97.34342992 23.96576829 19.75790660 0.30938026 0.05616924 0.78476897 0.39721640
98.51414163 22.85817178 20.34060528 0.31879013 0.06550577 0.68237509 0.49504509
40.05260245 5.11288760 2.75591778 0.05063019 0.12519726 0.50131506 0.50131506
84.02245632 26.47176935 14.05497927 0.26542242 0.06454564 1.65923344 0.31692021
105.60106480 16.11470084 18.42302916 0.21474023 0.05801540 1.76700970 0.25221384
107.60985877 16.27959329 18.51587686 0.24094303 0.05492750 1.75964140 0.13592477
85.71817539 21.58391714 18.16313856 0.30634743 0.06514351 0.65311250 0.33253380
99.17003844 24.14441068 19.58609537 0.31438440 0.05165606 0.72215222 0.34085285
91.00926805 23.41825172 17.60832574 0.32016003 0.06158572 1.00499120 0.35104933
80.64767667 26.09851332 18.17586827 0.27013308 0.05066506 0.67241624 0.69011663
55.53985989 8.90726567 4.49823424 0.08896115 0.18327447 0.88849650 0.88849650
104.35719128 15.43074878 17.94625621 0.21837916 0.06705382 1.78168682 0.21033072
69.64071672 32.72580454 14.32250714 0.16660866 0.05093253 1.99284881 1.00936304
77.49892696 23.39127996 17.62569467 0.29463354 0.06524062 0.39397473 0.27741767
86.41632600 22.44028086 17.18895963 0.32040921 0.07071557 1.00886743 0.47687565
70.21234500 29.36929827 14.08765905 0.23266001 0.06041197 1.53978701 0.43398480
91.65033712 24.00496901 19.21193134 0.29666224 0.06094814 0.49974927 0.26740235
81.44234289 24.79239430 17.20591056 0.28456658 0.06090249 0.60968256 0.63428152
38.37939244 4.70295115 2.56768165 0.04648900 0.11892272 0.45948481 0.45948481
101.91360006 24.32841706 19.62852447 0.31274152 0.05395111 0.61390000 0.31933365
47.19339020 6.86238060 3.55925640 0.06830364 0.15197521 0.67983475 0.67983475
32.91751648 3.36479154 1.95322060 0.03297085 0.09844069 0.32293791 0.32293791
64.99087125 30.49819529 15.93928904 0.16072404 0.05426661 1.67117633 1.12902181
80.78206885 23.46593825 17.76484207 0.28005794 0.05937936 0.55700801 0.42677038
100.08018204 23.09189461 19.96862306 0.31704910 0.06021354 0.70643441 0.45689482
55.13810801 8.80883646 4.45303715 0.08796682 0.18176791 0.87845270 0.87845270
80.81552323 23.64126588 18.19295213 0.27813864 0.05515762 0.64627424 0.40927164
85.44936512 22.93062132 18.09025758 0.31806777 0.05618529 0.47058149 0.47009740
52.13408332 8.07285041 4.11508437 0.08053186 0.17050281 0.80335208 0.80335208
96.39297181 23.36306523 19.32027606 0.29511787 0.05751334 0.65856339 0.41615529
27.25027272 1.97631682 1.31565568 0.01894442 0.07718852 0.18125682 0.18125682
44.50873964 6.20464121 3.25723321 0.06165913 0.14190777 0.61271849 0.61271849
94.16870951 23.80425740 19.67271393 0.31085777 0.06490191 0.80858903 0.45898833
45.69512899 6.49530660 3.39070201 0.06459544 0.14635673 0.64237822 0.64237822
97.73108279 22.71309993 20.61528193 0.31324934 0.06316636 0.68377200 0.39063710
73.77431975 27.48333299 13.48289275 0.25329252 0.05218984 1.66919560 0.37061489
79.97507570 27.21848639 14.07785216 0.26178444 0.05430887 1.75141392 0.29871872
74.48389956 24.86841550 17.84238355 0.29786026 0.06500221 0.42135180 0.31709017
94.50000278 24.42018275 18.43583764 0.31296511 0.05884729 0.59310120 0.31335236
80.70458144 26.40041108 18.13045720 0.27635025 0.05993574 0.68816464 0.75409669
58.19783041 9.55846845 4.79725592 0.09553963 0.19324186 0.95494576 0.95494576
89.88321483 22.85145620 18.44537721 0.31860814 0.05886952 0.42917797 0.30438745
93.94766573 23.86406177 18.23359196 0.31984117 0.05614750 0.66304171 0.32630570
95.85650671 23.46468241 19.21670315 0.31228387 0.06464431 0.47419260 0.46613049
49.11168647 7.33236318 3.77506473 0.07305142 0.15916882 0.72779216 0.72779216
98.13594747 23.00376456 20.29116559 0.31337370 0.06994792 0.66137675 0.49251359
77.13319019 25.73262195 14.11198568 0.26131262 0.05576527 1.74004230 0.40790146
66.67869337 32.26803543 14.08249743 0.15601276 0.07322206 1.95874997 0.99830133
104.36878527 16.57828778 18.26569289 0.20915999 0.06158720 1.90801117 0.21530102
25.33233684 1.50642253 1.09988789 0.01419753 0.06999626 0.13330842 0.13330842
98.05056595 23.57106039 19.40615932 0.31190515 0.05329633 0.32606664 0.34257176
87.52346086 22.73848597 17.65531712 0.30353124 0.05234099 0.97609916 0.34905190
81.14130272 25.31062320 13.94747596 0.26252902 0.05699430 1.70733457 0.47312708
41.03957101 5.35469490 2.86695174 0.05307294 0.12889839 0.52598928 0.52598928
34.58908227 3.77432516 2.14127175 0.03710798 0.10470906 0.36472706 0.36472706
105.71165668 17.00642512 17.58152171 0.21793994 0.08011426 1.75617339 0.20600633
100.48247300 15.77033597 18.18039964 0.21714453 0.06637993 1.69824551 0.25446568
78.01343443 25.17656894 14.28751894 0.25053100 0.06455619 1.69621005 0.39928790
61.32439688 32.20689256 13.91508795 0.16841180 0.05852219 1.85010814 1.07693740
84.38388204 22.19657395 18.43673337 0.30834690 0.06160556 0.73996316 0.32240247
52.15947569 8.07907154 4.11794102 0.08059470 0.17059803 0.80398689 0.80398689
47.08102921 6.83485216 3.54661579 0.06802555 0.15155386 0.67702573 0.67702573
93.74839831 23.62376268 19.04090838 0.30180489 0.06185296 0.77113184 0.35851661
44.31256162 6.15657760 3.23516318 0.06117359 0.14117211 0.60781404 0.60781404
45.74382422 6.50723693 3.39618022 0.06471596 0.14653934 0.64359561 0.64359561
67.87284978 32.04471820 13.80682587 0.15624445 0.05701307 1.89366892 0.94360894
87.50250139 21.42751912 17.81946063 0.30969774 0.05247407 0.56036675 0.25099524
77.93205798 25.68683496 13.83488195 0.26822132 0.06438249 1.66551407 0.38157970
39.79033187 5.04863131 2.72641234 0.04998107 0.12421374 0.49475830 0.49475830
69.50189368 33.24495903 13.97697326 0.15468672 0.06332981 1.87523949 0.95066224
22.53762703 0.82171862 0.78548304 0.00728063 0.05951610 0.06344068 0.06344068
105.54652159 17.53954114 17.98514600 0.22057181 0.06357518 1.75449012 0.05272262
74.13626020 29.07734405 14.56717207 0.25216530 0.05766688 1.42870964 0.38162549
76.23605770 24.07710950 17.81786807 0.28070273 0.05068507 0.59456989 0.55160744
82.01426548 25.26256597 14.22997732 0.27610925 0.06148041 1.56815189 0.32476737
90.95100288 22.70383554 18.24972673 0.30819615 0.06839789 0.54132957 0.29690609
44.58869429 6.22423010 3.26622811 0.06185702 0.14220760 0.61471736 0.61471736
70.25058793 28.95437827 14.01089419 0.24266133 0.05315621 1.51512350 0.37529058
77.79892917 27.89626058 13.40759403 0.26188934 0.05034782 1.66864507 0.37043341
71.86089067 28.69397994 13.74915237 0.24253351 0.05655656 1.47245214 0.21917938
95.35251601 23.51230744 19.10007655 0.30308987 0.05656721 0.55973406 0.39615017
58.79964151 9.70591217 4.86495967 0.09702911 0.19549866 0.96999104 0.96999104
92.90747635 23.27079691 18.03334736 0.31108357 0.05400512 0.37318629 0.22909585
22.16118632 0.72949065 0.74313346 0.00634894 0.05810445 0.05402966 0.05402966
51.07594256 7.81360593 3.99604354 0.07791296 0.16653478 0.77689856 0.77689856
82.16150691 24.33276979 17.52205378 0.28398703 0.07229927 0.60832528 0.50735312
101.36826599 15.16380672 18.40724763 0.21083780 0.05906172 1.81748271 0.28815013
99.51067916 21.63236755 18.83651154 0.30529691 0.05641173 0.61511309 0.25320974
30.23434930 2.70741558 1.65136430 0.02633001 0.08837881 0.25585873 0.25585873
83.25243990 21.64817530 18.23352621 0.30620338 0.06594696 0.77679172 0.34119169
48.01834220 7.06449384 3.65206350 0.07034540 0.15506878 0.70045856 0.70045856
83.94179855 26.04575002 13.66107018 0.28045536 0.06726503 1.63847935 0.23297009
47.34307213 6.89905267 3.57609561 0.06867410 0.15253652 0.68357680 0.68357680
82.61446916 24.85367137 17.39282567 0.27823441 0.05105462 0.56605900 0.53283953
97.84198724 23.41093074 20.13893206 0.30892962 0.07531545 0.67801398 0.41323404
65.96274134 29.57217135 13.47773685 0.24188977 0.05665951 1.50254383 0.08944038
51.98599003 8.03656756 4.09842388 0.08016533 0.16994746 0.79964975 0.79964975
40.26596885 5.16516237 2.77992150 0.05115827 0.12599738 0.50664922 0.50664922
101.02881455 23.82944019 19.77748731 0.30927614 0.05388299 0.67580549 0.32076798
81.01018890 25.91730559 18.06881496 0.27889196 0.06589406 0.65375981 0.70512094
64.67299788 30.02552976 15.35789306 0.16584496 0.05011782 1.62721739 1.07518260
33.35741695 3.47256715 2.00270941 0.03405961 0.10009031 0.33393542 0.33393542
67.09187601 29.17197213 14.30338976 0.24614350 0.05979771 1.69227308 0.22021200
42.09726010 5.61382873 2.98594176 0.05569072 0.13286473 0.55243150 0.55243150
91.75028468 21.84345655 17.17464666 0.32088207 0.05905863 1.03858298 0.33157689
61.68397568 29.54287835 16.26044559 0.15794701 0.06442977 1.67873017 0.93152294
81.65818598 24.84270174 14.14384021 0.25832508 0.05871642 1.67435722 0.24153012
87.12971265 23.50639077 17.11767255 0.30783601 0.06876718 0.97505586 0.41403549
26.54833094 1.80434108 1.23668723 0.01720712 0.07455624 0.16370827 0.16370827
