51.62657345 8.17808270 2.99888215 0.03942286 0.06324866 0.13819875 0.89095129
53.10491191 9.17463272 3.64351838 0.00997132 0.18851289 0.31721996 0.71719026
33.06318873 9.99924907 1.40021544 0.09262821 0.09998679 0.40775481 0.83362440
53.75667366 7.27341133 3.96757630 0.08304299 0.10660697 0.79644270 0.70637823
53.66923333 9.74917676 3.72876202 0.08636658 0.17783970 0.44432031 0.85997716
47.89504603 8.88137377 3.52923141 0.05319678 0.09438490 0.37689207 0.49547321
49.95524149 3.09503663 2.15903027 0.02150542 0.17987271 0.89303148 0.52111100
52.32856761 8.20254130 2.56406750 0.02480794 0.06287445 0.15781727 0.69530043
55.30253795 7.77664692 2.15362201 0.03847287 0.05367038 0.17031767 0.87921049
45.39951055 8.69535569 2.82578733 0.02168483 0.05903222 0.57592353 0.53433713
44.30983159 9.63174044 3.38012912 0.05651374 0.06561494 0.15579080 0.43824771
40.47561017 8.42404961 2.94172414 0.06018407 0.06577186 0.28633022 0.39556286
50.56752241 8.96273321 3.47208105 0.06731384 0.07952084 0.46381735 0.69485612
51.87768520 9.98257047 2.82988421 0.03428302 0.05729374 0.48052489 0.36473620
53.22855540 9.58223058 2.26529714 0.05948052 0.05683933 0.23333079 0.68675101
50.26623983 8.84298282 2.35947874 0.04345144 0.07970466 0.51980447 0.63969655
50.98222195 9.35228876 2.41828705 0.03272914 0.06451646 0.58397085 0.54521838
43.79165095 8.38971843 2.40136047 0.03915228 0.05244697 0.30499502 0.82271515
51.66282949 8.81207932 2.72358861 0.01733038 0.06653502 0.15499364 0.59593748
48.64940380 8.08951179 2.88851746 0.02854557 0.05899910 0.64635729 0.45107004
45.00934274 8.77293509 3.30533136 0.05774523 0.05784122 0.25212366 0.49702760
55.86806658 2.67859401 3.79773635 0.05595233 0.12094470 0.32115175 0.79567355
50.36674327 7.73681516 2.70180227 0.02607906 0.06925604 0.26639382 0.74804832
47.81861311 8.45145868 2.96523114 0.06870350 0.07775433 0.42708963 0.33821374
47.51916650 8.60953560 2.49548169 0.02686853 0.06260706 0.37287400 0.59026903
55.83249986 4.42577575 0.82364548 0.05389007 0.17888770 0.56632558 0.08032795
55.32677972 8.81388820 2.78160690 0.04774005 0.05339593 0.28855210 0.73279677
48.38986536 9.71464226 2.26502742 0.03052188 0.05456297 0.11452931 0.96169579
52.69135282 9.58619925 2.65458083 0.04223558 0.07533446 0.49119927 0.37343477
32.43789647 7.03070688 1.95268639 0.05531756 0.17472547 0.91492523 0.51049372
51.95583537 8.04872783 2.42774102 0.02389502 0.05743458 0.13119027 0.56916136
50.67271933 8.27334227 2.24318496 0.02709345 0.06170889 0.22479652 0.73592941
50.09171489 7.46921875 2.89815084 0.03269981 0.05957092 0.11310814 0.83570595
45.88152079 9.39279736 2.70057323 0.03685413 0.07935065 0.39699504 0.54848975
43.11614111 8.48817322 3.29833642 0.02225144 0.05567744 0.27072999 0.58482308
53.11541583 8.90946818 2.11130375 0.03485532 0.06109366 0.25438870 0.73281655
55.04052371 9.61046523 2.37357413 0.02682622 0.06975825 0.15641467 0.81957726
48.08397935 8.37434917 2.57724721 0.03200968 0.07714011 0.28355593 0.98638836
53.44603368 9.87994401 4.14894546 0.06144820 0.05120524 0.40384261 0.68760203
52.12536833 9.62840687 3.09651097 0.03741612 0.07410067 0.47333425 0.35628888
40.51919023 8.95043972 2.93022812 0.04769008 0.07578249 0.36969172 0.71837957
51.26268728 8.93857960 2.33907405 0.03339277 0.07529362 0.18669517 0.81365672
42.33231191 3.12211638 1.54095150 0.05328827 0.17153047 0.34012474 0.61326004
46.48068386 8.14796979 2.58767214 0.03276150 0.06765511 0.25086427 0.59461752
49.34871036 7.93062602 2.79263705 0.04490888 0.06859436 0.51413184 0.42302471
43.83613661 9.80156812 2.58286549 0.05391926 0.07122168 0.14985602 0.41740845
51.06881943 9.95612017 4.97250243 0.06986020 0.16070626 0.61030076 0.60044998
46.57351517 8.93473119 2.55058912 0.04045600 0.05398391 0.54872664 0.59401397
48.03824573 9.03552412 3.23826634 0.05583622 0.07632926 0.22082101 0.34939112
55.73062519 1.25731977 4.47530166 0.09416871 0.06378361 0.90318030 0.48210053
42.42855097 9.94764026 3.06089995 0.04860075 0.06891297 0.30164046 0.57346905
49.04671177 8.19362038 2.14337982 0.04049412 0.05782544 0.34912839 0.71459155
53.02431824 8.97894315 2.55971240 0.04265745 0.07665528 0.17133818 0.94898601
47.60839122 8.49328126 2.72808912 0.02944231 0.07386116 0.42072860 0.64216646
47.95989291 9.58972121 2.44578142 0.03922203 0.07760692 0.16440626 0.52989968
47.00857815 7.21946274 3.01193035 0.04853341 0.06683627 0.19747321 0.97389898
41.13430601 8.53264165 3.46372175 0.02091888 0.06605526 0.15848086 0.73146807
53.20517677 9.04164558 2.54792275 0.02056320 0.05165178 0.26986385 0.70510883
57.49874035 8.29221503 2.32997158 0.02879001 0.05830753 0.31177526 0.83991599
50.70436929 7.73371852 2.62825712 0.01833386 0.05186945 0.45166786 0.77906378
50.48002536 7.79552493 3.68310346 0.03439294 0.07339869 0.07369824 0.35625968
50.67304811 8.46377069 2.45876028 0.04714051 0.05950532 0.32250604 0.61390778
43.22169624 8.85266880 2.98681004 0.03944847 0.06976211 0.32805422 0.48918340
54.48312073 8.10061830 2.64135478 0.04693234 0.06385617 0.07516935 0.77311904
49.37417382 9.07432520 2.37834119 0.03560995 0.05697074 0.16651104 0.86683172
45.46928306 8.78634605 2.86693292 0.02121796 0.05319745 0.07961087 0.65874317
50.05041286 8.44784103 2.33056307 0.05071143 0.06130360 0.54532332 0.48721854
53.09874673 7.14280848 4.34962221 0.07345373 0.06541391 0.99784219 0.64644492
47.03501998 8.65883843 3.59573675 0.08941063 0.06475055 0.01328408 0.27737913
45.88849382 7.79795109 2.87157461 0.03753795 0.06440571 0.43864028 0.56860313
43.21899814 9.88775282 3.00170510 0.06078026 0.05613990 0.25802070 0.55011533
45.28614366 9.22601892 3.04886862 0.05164981 0.06176084 0.30024745 0.56951772
56.81265785 8.54903193 2.34388136 0.01928857 0.05328794 0.46792641 0.66326402
47.08869533 7.21263452 3.01652275 0.04155654 0.05723544 0.46050651 0.53276980
48.41266844 7.66852274 3.43036181 0.03805545 0.06447013 0.19186892 0.87481962
50.23784486 8.93832892 2.92007708 0.02708714 0.06118350 0.30763890 0.64115686
51.62127678 7.89964244 2.80646269 0.03525234 0.06255056 0.03597211 0.82033560
49.05651445 9.27040827 2.79072791 0.04263202 0.06722453 0.40601142 0.36310376
56.25331335 9.30764017 2.64170078 0.03593103 0.05144009 0.36909878 0.75964470
47.53843540 9.01727518 2.56791917 0.05306994 0.06949999 0.50360230 0.42679518
41.20999599 8.54324336 2.08908209 0.02914141 0.06215935 0.12212019 0.53159762
43.70484011 7.93264154 3.06419776 0.04816301 0.06743169 0.31758446 0.37504385
48.70375705 8.57065537 2.66789960 0.02774408 0.05946914 0.16028654 0.70315929
44.83067076 7.48868130 2.71050648 0.04418037 0.07739354 0.39165975 0.54043403
53.17810966 7.88182772 2.29680095 0.03000181 0.06831825 0.13674499 0.69460562
46.62046065 8.31725529 3.01104747 0.04784757 0.08018363 0.42094803 0.60206830
36.45047170 9.75028300 1.85985261 0.05820676 0.05030126 0.60445120 0.40178954
47.02847442 7.52339140 2.93901128 0.04278511 0.08660885 0.33176403 0.57519434
45.61157836 8.90558440 3.29884238 0.06060334 0.07963416 0.33604233 0.33745654
58.55150566 7.99861203 2.25084763 0.04222766 0.05574474 0.26833687 0.76975728
51.70023042 9.24016391 2.30658091 0.04403873 0.07014714 0.38204609 0.52272376
36.70427219 5.70293499 2.20264768 0.08094820 0.12433905 0.76651473 0.46762615
23.24912447 9.19241139 0.61017883 0.09401110 0.06832588 0.06540033 0.78353099
56.15573454 8.62468741 2.79356635 0.04939361 0.05506809 0.24896511 0.72382707
37.78072486 0.46962030 4.53323821 0.03787674 0.18470877 0.95781645 0.46418854
41.86021920 8.91225006 2.38367390 0.04557992 0.06675487 0.25369088 0.73029663
48.36660112 8.94278860 2.85262258 0.04190501 0.06987375 0.21811034 0.87312303
47.05131234 9.19467139 3.17535602 0.04670663 0.05979342 0.25902966 0.92841013
57.02676160 7.83347425 4.37398105 0.06998277 0.18535042 0.14846166 0.06728074
54.28912549 8.61689526 2.34602875 0.03410507 0.05021410 0.07829830 0.78114797
49.94928629 8.79176508 2.76892925 0.03487552 0.06300486 0.22234249 0.59070532
48.67567398 9.17022875 2.53692280 0.04214828 0.08074231 0.46578865 0.47174658
38.36590266 2.12882349 2.59164376 0.04543870 0.19863042 0.64013883 0.92421523
55.20016504 9.13474214 2.30370593 0.02714789 0.05461133 0.14491282 0.82389793
30.37340343 8.47518121 3.90135986 0.03077630 0.07324587 0.29748941 0.93175736
47.66632096 9.31502438 3.45134345 0.06312689 0.06114405 0.38404745 0.32620363
59.00872567 8.52127614 2.31015905 0.06105574 0.06328647 0.07911159 0.88785698
50.16703325 7.70999663 2.90362449 0.03310543 0.06845466 0.23948043 0.88358989
47.29492530 9.05580020 2.64588700 0.02031374 0.06810620 0.26014298 0.60894605
50.57519975 8.04666866 2.35969273 0.04563835 0.05390188 0.23275714 0.78062748
37.41410250 8.74889072 0.75392181 0.05133577 0.16871342 0.46420722 0.15290221
54.86662320 7.43087127 2.67453090 0.05269521 0.08044140 0.00851654 0.86939970
50.81111910 8.78739268 2.68226570 0.05066677 0.07006492 0.23834596 0.85066752
40.23873984 1.36408963 3.86838457 0.09997167 0.10564722 0.67511212 0.08062506
27.33423709 5.37452246 2.66382002 0.05540428 0.06335959 0.18992334 0.40106332
51.08408080 8.54840016 2.81160233 0.03006757 0.07187530 0.58917564 0.59197594
46.62959767 8.62557613 2.73788031 0.04595589 0.09077920 0.45409028 0.53741138
44.58460929 9.27759318 2.30906821 0.02634309 0.06541705 0.61967437 0.57315198
49.22653672 8.14546466 3.06042245 0.03191584 0.07016655 0.50131134 0.63561605
50.16631589 8.73772724 3.04470978 0.05374583 0.05498506 0.30155365 0.26715169
46.13829924 9.15300262 2.45525862 0.03808646 0.09069064 0.42418116 0.52573656
54.93086163 8.72543412 2.27121837 0.05230555 0.05915080 0.34079124 0.71296394
41.48340989 8.77602649 2.34810066 0.03167457 0.06497257 0.21459200 0.74528766
46.48466902 9.23649256 2.34130582 0.04480360 0.05621395 0.55807431 0.61764220
50.04118298 8.91537022 2.54221762 0.02790371 0.06502593 0.25110274 0.81637101
51.25239980 8.24514637 2.63329860 0.04881418 0.07077101 0.55760145 0.46941408
53.18851956 0.95237719 1.18559805 0.07735600 0.15645752 0.96402465 0.75491549
44.65302968 8.78454301 2.33039705 0.03045565 0.07466796 0.70896104 0.47371192
