90.12074894 15.32385103 11.44642075 0.19459961 0.07305581 1.10974436 0.67417489
42.61794225 5.74139585 3.04451850 0.05697941 0.13481728 0.56544856 0.56544856
79.23085608 24.45559065 11.11074028 0.10191855 0.07532438 1.49105798 0.88038130
66.88376283 26.19488862 11.19977410 0.07069586 0.06867609 1.71978591 1.25756193
68.55241269 27.71735856 11.42617472 0.09855819 0.05017684 1.49178377 1.24641053
107.14732980 14.18233422 11.44527434 0.14969960 0.05749371 0.51324050 0.34551480
96.94203603 14.86493642 10.90194999 0.14971629 0.05959695 0.77007361 0.49064785
81.94091407 17.57977449 11.63027371 0.21915488 0.06194107 1.03566147 0.70533353
25.46127422 1.53801218 1.11439335 0.01451665 0.07047978 0.13653186 0.13653186
82.84470120 22.22786767 11.65979610 0.09371183 0.05906445 1.44411601 1.33341880
83.92979831 17.15374425 11.42406779 0.20524474 0.05345658 1.00555434 0.73351444
84.76011264 16.03534890 10.71691477 0.20291455 0.05096614 1.32433190 0.58233476
30.08290338 2.67031133 1.63432663 0.02595519 0.08781089 0.25207258 0.25207258
63.88724423 23.88677726 10.80525288 0.09852852 0.06752598 1.88522746 1.02343976
80.61788356 21.63287592 11.19368404 0.10571200 0.05326328 1.69526247 1.11752349
106.87237650 14.28202063 12.65489760 0.13004141 0.05623774 0.22226032 0.71952789
100.24792066 14.04237556 11.07380843 0.15384662 0.05947360 0.81141637 0.48677649
109.89667022 12.96073483 13.88202741 0.19105147 0.05451378 0.11558690 0.89741942
85.20363337 20.39396006 10.45165015 0.13226239 0.05010233 1.78070042 1.19216012
49.19545636 7.35288681 3.78448884 0.07325875 0.15948296 0.72988641 0.72988641
106.27774003 14.21262672 12.65718361 0.16835828 0.05597441 0.33948350 0.88278073
88.31751557 21.32986869 11.47759498 0.10187870 0.05589083 1.48312104 1.32050832
61.33011382 26.37023001 10.98422131 0.10384301 0.06773646 1.73160696 0.97802011
90.83136884 17.72587416 10.42826587 0.19313091 0.05669598 0.98632625 0.85498405
115.23758960 15.77269384 11.41027020 0.20993914 0.05594869 0.41281205 0.51596028
81.45172536 17.69824735 11.31666494 0.20665671 0.06256604 0.99487757 0.73287587
84.21462567 21.02165587 11.25729170 0.08811119 0.05576779 1.65659584 1.14020280
38.60127012 4.75731118 2.59264289 0.04703814 0.11975476 0.46503175 0.46503175
95.62845780 16.57853474 11.08256322 0.19363482 0.05286912 0.97688735 0.68473989
88.95372119 16.67753703 11.18772005 0.19095577 0.05786256 1.01161307 0.91919445
44.00895162 6.08219315 3.20100706 0.06042216 0.14003357 0.60022379 0.60022379
101.17526224 14.53294524 11.04416857 0.15449265 0.07973921 0.70900150 0.40707951
86.20792622 16.38792406 11.30207659 0.20583445 0.05693228 1.24063766 0.61775488
66.48805192 25.27147182 11.74329192 0.07776662 0.06527618 1.78814779 1.25096829
59.25735672 9.81805240 4.91645263 0.09816196 0.19721509 0.98143392 0.98143392
92.30467608 17.03610410 11.08590199 0.17844212 0.05886858 0.91049605 0.63565589
83.05116729 20.48198073 9.43525078 0.14474100 0.05700429 1.60547439 1.15228703
34.85703587 3.83997379 2.17141654 0.03777116 0.10571388 0.37142590 0.37142590
100.03600115 14.70973071 12.63513129 0.18879809 0.05376382 0.25738263 0.67031646
85.64502831 17.25611738 10.86273535 0.18592509 0.05831153 0.97271140 0.80298246
40.26755080 5.16554995 2.78009947 0.05116219 0.12600332 0.50668877 0.50668877
85.48400693 23.38036149 11.29050184 0.11199241 0.06732825 1.50777588 1.32612036
102.69919669 15.98079579 11.21609227 0.14976632 0.05908611 0.92277418 0.38557603
88.90894608 15.82730598 11.38812833 0.18409222 0.05670336 1.03873481 0.74387264
75.87776823 20.62210960 11.90606538 0.09631004 0.05712790 1.52574319 1.28010937
30.21260887 2.70208917 1.64891850 0.02627621 0.08829728 0.25531522 0.25531522
84.63487067 17.34887374 11.34729508 0.22707037 0.05378515 0.95148901 0.70444923
101.91600365 14.91261315 11.46235492 0.15172330 0.05102420 0.79228298 0.43664288
64.31312274 26.32391151 11.88093937 0.06977815 0.05005227 1.73759249 1.29385323
118.96907685 15.99391872 10.92419675 0.20627893 0.05242696 0.48963585 0.61965873
84.27841464 23.47928002 10.55876001 0.09894741 0.05796311 1.49734318 1.25901071
91.77269071 17.57590366 10.82403096 0.18680450 0.05958457 0.91765602 0.68058140
82.33321853 25.59979455 10.91082296 0.05771719 0.05257566 1.30843157 0.90585436
68.58050138 25.65213373 11.43086220 0.07054076 0.06811758 1.37542523 1.44161452
70.63473011 26.41978730 11.70187409 0.07651877 0.06894257 1.62155229 1.29770399
90.60495724 15.63206441 11.05348942 0.19247538 0.05002808 1.19638797 0.55682605
88.43218766 21.08851461 11.05136554 0.10153528 0.06027107 1.46141490 1.29020814
85.72349439 17.24822942 10.95709216 0.17796566 0.05310927 0.89145422 0.56491664
96.44664862 16.95001727 11.04403394 0.19406292 0.05260596 0.99451591 0.61326307
82.33288058 23.18558758 11.03359856 0.10982887 0.06155363 1.45354860 0.85598386
113.62466403 12.81362462 12.78231958 0.17541049 0.05192532 0.41867475 0.79020120
94.12501885 15.86086379 11.58201946 0.19018612 0.06791295 1.04181995 0.54107732
114.90813591 15.44094180 12.34601022 0.14271806 0.05817435 0.40359877 0.33178104
88.96086155 17.61459660 11.16734724 0.16911038 0.05514930 1.03148746 0.71582897
66.12073422 26.46853431 10.95661491 0.09402752 0.06144173 1.48900966 1.29255132
102.68841772 15.55408601 11.16060092 0.15028319 0.05372345 0.70639114 0.49550056
35.62271165 4.02756435 2.25755506 0.03966621 0.10858517 0.39056779 0.39056779
94.86009955 17.32285632 11.36230288 0.18088070 0.05293794 1.00911217 0.59960506
50.91068525 7.77311789 3.97745209 0.07750395 0.16591507 0.77276713 0.77276713
107.65538931 14.09486592 12.36882831 0.16945095 0.05662255 0.33035068 0.98181240
54.58432645 8.67315998 4.39073673 0.08659621 0.17969122 0.86460816 0.86460816
66.08463445 25.52848504 11.64764096 0.08979624 0.05398122 1.55654543 1.47931719
74.66230522 22.72159273 11.64860845 0.09853464 0.06543280 1.57989127 1.24686267
51.07887670 7.81432479 3.99637363 0.07792022 0.16654579 0.77697192 0.77697192
65.22883330 26.75804025 10.93810640 0.06969389 0.06492680 1.73271887 1.33103607
93.25116373 17.82694177 10.49312068 0.18450000 0.05962341 0.99161628 0.70279232
89.13587060 14.90076528 11.33099872 0.18791610 0.05406753 1.06708026 0.64817853
57.67907833 9.43137419 4.73889631 0.09425572 0.19129654 0.94197696 0.94197696
22.78034446 0.88118439 0.81278875 0.00788135 0.06042629 0.06950861 0.06950861
80.44251430 22.80511060 11.14970932 0.10224999 0.06010403 1.56803404 1.18274408
86.81465791 17.40032612 11.19010966 0.20244242 0.05164203 0.96516325 0.67903970
109.26954780 14.15472245 11.98860776 0.14524991 0.06219271 0.49357163 0.34493307
84.14465456 17.91866848 11.32524836 0.22181733 0.05570052 1.13625182 0.70978336
101.83205418 14.51238428 11.44274368 0.15519001 0.05922106 0.32378366 0.67258596
64.15226020 25.90556307 11.32866151 0.09452661 0.05587276 1.48390332 1.36438215
55.53803725 8.90681913 4.49802919 0.08895664 0.18326764 0.88845093 0.88845093
66.70412849 26.40123846 11.62751951 0.09098447 0.05117558 1.53876671 1.38337186
98.58765217 15.40183230 10.75646356 0.15286183 0.06272928 0.78486175 0.32512929
42.58418271 5.73312476 3.04072055 0.05689585 0.13469069 0.56460457 0.56460457
22.14728907 0.72608582 0.74157002 0.00631454 0.05805233 0.05368223 0.05368223
65.01734031 26.30228521 11.39217966 0.08636022 0.05517268 1.60146722 1.33404883
84.39098748 21.08492010 9.45160616 0.14027477 0.05565247 1.67312394 1.14030944
68.44785829 25.46935389 11.25757824 0.10384775 0.06466717 1.55886226 1.31026995
87.48713230 14.86295012 11.27873210 0.18534035 0.06206354 0.99389914 0.73213797
36.75726636 4.30553026 2.38519247 0.04247423 0.11283975 0.41893166 0.41893166
109.82994161 12.13751895 14.02423921 0.18414851 0.06091037 0.15760529 0.83773670
112.65378964 12.72268552 12.82360094 0.19061254 0.05820580 0.47406278 0.88067283
56.30577491 9.09491485 4.58439968 0.09085679 0.18614666 0.90764437 0.90764437
69.06645692 26.36126735 12.31329380 0.09198134 0.05557435 1.54310217 1.40176438
56.60547066 27.13241340 10.94871177 0.10047142 0.05176102 1.63674540 1.05448066
59.08252154 26.47146694 10.90537781 0.08571657 0.06033397 1.60003662 1.02071618
21.31084715 0.52115755 0.64747030 0.00424435 0.05491568 0.03277118 0.03277118
111.57582403 13.95588052 13.37577390 0.16840854 0.05817320 0.45947535 0.69065950
81.41719264 20.81388580 10.73452151 0.10420361 0.05628047 1.63466622 1.18203614
64.87042104 26.09598515 11.30467624 0.08565215 0.06220639 1.71374061 1.21654647
87.35696989 16.87191046 11.14046218 0.20583700 0.05366924 1.04090632 0.77841119
85.20124996 20.71937472 9.85333150 0.14470282 0.05043098 1.70149345 1.19660059
67.53466376 27.30509342 11.13508370 0.09758533 0.06585304 1.51172181 1.33404850
98.54064372 16.07052609 11.19149908 0.15121855 0.06059743 0.79000940 0.38144072
35.32801730 3.95536424 2.22440195 0.03893684 0.10748006 0.38320043 0.38320043
95.98987303 15.64297164 11.24587510 0.18816430 0.05787505 1.10356607 0.73729498
110.45146253 15.07599722 12.62296040 0.17460611 0.06752642 0.40494528 0.81800482
81.86330525 20.11453405 10.26613943 0.13096663 0.05391374 1.81758806 1.10868324
27.55484381 2.05093673 1.34991993 0.01969824 0.07833066 0.18887110 0.18887110
80.96885271 24.48437260 10.95635258 0.10454385 0.05931344 1.52628927 0.81343406
111.00703955 12.16643076 13.59799444 0.18389328 0.06014475 0.12839793 0.95329439
38.97514804 4.84891127 2.63470415 0.04796349 0.12115681 0.47437870 0.47437870
101.70060690 15.76841150 10.64397986 0.14398410 0.05651031 0.80605714 0.43430204
30.84829761 2.85783291 1.72043348 0.02784954 0.09068112 0.27120744 0.27120744
119.22918315 16.95035462 10.91195789 0.20698137 0.06299525 0.40506926 0.53113425
28.89421973 2.37908383 1.50059972 0.02301319 0.08335332 0.22235549 0.22235549
52.55764434 8.17662286 4.16273499 0.08158017 0.17209117 0.81394111 0.81394111
37.35406644 4.45174628 2.45233247 0.04395131 0.11507775 0.43385166 0.43385166
88.36101828 17.89195984 10.81781543 0.18399148 0.05202805 1.02539419 0.65531590
132.57327253 14.84531315 10.52561179 0.17861982 0.06520827 0.34288285 0.64073288
38.57332159 4.75046379 2.58949868 0.04696897 0.11964996 0.46433304 0.46433304
41.72529312 5.52269681 2.94409548 0.05477010 0.13146985 0.54313233 0.54313233
83.28908962 20.82021328 10.25507818 0.13192799 0.05098268 1.71324324 1.21188080
