130.07287032 14.44450005 16.41726131 0.17178035 0.05702816 0.84651390 0.19433740
30.46362725 2.76358868 1.67715807 0.02689748 0.08923860 0.26159068 0.26159068
121.61129218 15.03748882 15.53530940 0.18131127 0.05509864 0.90439016 0.15206739
41.15584231 5.38318137 2.88003226 0.05336071 0.12933441 0.52889606 0.52889606
39.10751354 4.88134082 2.64959527 0.04829110 0.12165318 0.47768784 0.47768784
113.30615783 13.26072342 18.21153148 0.17030930 0.05390209 0.44160927 0.43145187
109.97183787 12.70601234 18.17278942 0.15605819 0.05676978 0.46767979 0.47139260
108.69092881 17.40617926 14.97538772 0.19404552 0.05002550 0.46311356 0.02437728
81.42990556 28.08649799 13.13301410 0.11390014 0.05193268 1.48432762 1.19623295
39.34069316 4.93846982 2.67582798 0.04886822 0.12252760 0.48351733 0.48351733
58.97994857 9.75008740 4.88524421 0.09747537 0.19617481 0.97449871 0.97449871
81.12002554 22.99454017 11.31404140 0.20060319 0.05221396 1.46137059 0.87311175
127.16103639 14.90890069 16.09367024 0.16684141 0.05483502 1.01910528 0.26593108
54.34958828 8.61564913 4.36432868 0.08601523 0.17881096 0.85873971 0.85873971
103.89387609 18.45849204 14.10752893 0.23400727 0.05109366 0.59796337 0.76018568
83.85866583 31.09848405 12.73965926 0.10662758 0.05930508 1.70350050 1.34089081
92.25427097 19.28351134 14.25989969 0.21414729 0.05607901 0.82843387 1.15653136
32.12887797 3.17157510 1.86449877 0.03101897 0.09548329 0.30322195 0.30322195
61.01931180 30.71306075 13.44454915 0.02897678 0.05437207 1.45887655 1.16507519
44.15616563 6.11826058 3.21756863 0.06078651 0.14058562 0.60390414 0.60390414
36.73439600 4.29992702 2.38261955 0.04241763 0.11275399 0.41835990 0.41835990
48.30880858 7.13565810 3.68474096 0.07106430 0.15615803 0.70772021 0.70772021
24.08597923 1.20106491 0.95967266 0.01111280 0.06532242 0.10214948 0.10214948
115.64391836 12.71088275 15.66948407 0.16674344 0.06044599 1.18294927 0.12157591
125.88411989 13.77616922 16.46242652 0.17577098 0.05712661 0.73610313 0.13759905
77.35888399 29.90540134 13.26246996 0.11417390 0.05184532 1.48820839 1.29018546
29.81426502 2.60449493 1.60410481 0.02529031 0.08680349 0.24535663 0.24535663
87.33027126 28.76214379 14.02172943 0.11787698 0.05114160 1.43322475 1.25129597
117.45684649 13.13532808 16.36384852 0.17418022 0.05482866 0.98547336 0.21068205
25.10387106 1.45044841 1.07418549 0.01363208 0.06913952 0.12759678 0.12759678
59.57322514 9.89544016 4.95198783 0.09894373 0.19839959 0.98933063 0.98933063
33.85198779 3.59373701 2.05834863 0.03528367 0.10194495 0.34629969 0.34629969
55.10715679 8.80125341 4.44955514 0.08789021 0.18165184 0.87767892 0.87767892
31.02190524 2.90036678 1.73996434 0.02827922 0.09133214 0.27554763 0.27554763
31.90426606 3.11654518 1.83922993 0.03046306 0.09464100 0.29760665 0.29760665
74.79272892 29.33262587 12.94722792 0.11228339 0.06982458 1.54560199 1.21253793
87.71652597 29.22750019 13.98247837 0.12341124 0.05607618 1.41417210 1.28690861
48.69653725 7.23065163 3.72836044 0.07202393 0.15761201 0.71741343 0.71741343
34.57474168 3.77081171 2.13965844 0.03707249 0.10465528 0.36436854 0.36436854
96.36439380 19.88196724 15.85029626 0.21788363 0.05813127 0.73116077 0.97054910
83.16346244 21.80855288 13.05463721 0.19784623 0.05885628 1.37504168 0.40675518
81.34630327 28.75318108 13.26650582 0.10976245 0.05292938 1.56860739 1.18995424
29.96085382 2.64040919 1.62059605 0.02565311 0.08735320 0.24902135 0.24902135
61.29720018 31.24373892 13.06495019 0.03984510 0.05446493 1.28200677 1.26286064
62.39701228 31.53672216 13.58924783 0.11516110 0.06288620 1.21934245 1.13250616
80.39008558 20.50239089 12.97421219 0.19162566 0.05777607 1.32562476 0.42674165
26.28052020 1.73872745 1.20655852 0.01654429 0.07355195 0.15701300 0.15701300
26.35575130 1.75715907 1.21502202 0.01673048 0.07383407 0.15889378 0.15889378
88.56734885 28.45992022 13.63845029 0.12048056 0.05331237 1.41586020 1.32486613
30.80464210 2.84713731 1.71552224 0.02774149 0.09051741 0.27011605 0.27011605
86.06947169 21.10843655 13.20156592 0.18745175 0.05238222 1.36149844 0.35791989
66.41235878 31.72735529 13.25178968 0.11745909 0.05830418 1.15324452 1.22076254
103.14212162 17.58737011 15.74100999 0.20007658 0.05253933 0.48566548 0.20175910
128.76322446 14.41482544 17.38827245 0.17056739 0.05295387 0.24084417 0.05389611
38.00613691 4.61150354 2.52569040 0.04556519 0.11752301 0.45015342 0.45015342
79.75038770 28.60155201 13.11202962 0.11451693 0.05307011 1.55352483 1.18898613
31.69029722 3.06412282 1.81515844 0.02993349 0.09383861 0.29225743 0.29225743
49.51093369 7.43017875 3.81998004 0.07403956 0.16066600 0.73777334 0.73777334
78.58658882 29.69768769 12.99034271 0.11570369 0.06390455 1.49340627 1.23076373
118.70884316 19.21569284 15.28331802 0.18684685 0.05051519 0.62891709 0.21234028
57.53744194 9.39667327 4.72296222 0.09390517 0.19076541 0.93843605 0.93843605
48.92592217 7.28685093 3.75416624 0.07259166 0.15847221 0.72314805 0.72314805
32.82498318 3.34212088 1.94281061 0.03274183 0.09809369 0.32062458 0.32062458
26.68776501 1.83850243 1.25237356 0.01755222 0.07507912 0.16719413 0.16719413
62.33312087 30.49142673 13.77197521 0.03253624 0.05494724 1.40109650 1.21455947
103.13276376 18.30290581 14.17200691 0.23340282 0.05676343 0.64892512 0.71994756
34.98263054 3.87074448 2.18554594 0.03808201 0.10618486 0.37456576 0.37456576
25.44098824 1.53304212 1.11211118 0.01446645 0.07040371 0.13602471 0.13602471
112.00186149 17.51292607 16.66566687 0.17177598 0.05220389 0.73620561 0.25168487
42.21636063 5.64300835 2.99934057 0.05598549 0.13331135 0.55540902 0.55540902
41.90210406 5.56601549 2.96398671 0.05520771 0.13213289 0.54755260 0.54755260
119.25014936 16.83708050 16.27805287 0.19019094 0.06340567 0.93848039 0.40272342
98.38916936 20.00343804 15.68136966 0.22244292 0.05207133 0.75178884 1.04494407
33.54433068 3.51836102 2.02373720 0.03452222 0.10079124 0.33860827 0.33860827
127.11832127 14.32867561 15.75023996 0.17798558 0.06438031 0.92862964 0.25235606
117.62685921 19.19113548 15.17854639 0.18214484 0.05270297 0.61484880 0.14538465
56.70854004 9.19359231 4.62971076 0.09185364 0.18765703 0.91771350 0.91771350
103.58076183 18.58420128 15.65423086 0.19243693 0.05739552 0.58021238 0.18974662
112.87831850 19.72595510 16.41924073 0.18202625 0.05981308 0.79053629 0.17244052
121.64730820 14.60675820 16.58439720 0.17332319 0.06057454 0.62454080 0.00439462
30.35944666 2.73806443 1.66543775 0.02663963 0.08884792 0.25898617 0.25898617
95.64326934 18.60446556 14.40438766 0.21460211 0.05083130 0.81292806 1.18517342
100.74426122 18.50498762 14.02367053 0.22542691 0.05593354 0.65812582 0.70697656
110.94580836 11.54298434 15.81288752 0.17093735 0.07091764 0.99044677 0.05896111
57.12410682 9.29540617 4.67646202 0.09288216 0.18921540 0.92810267 0.92810267
114.89330629 12.63327093 16.24274827 0.17357138 0.05093851 0.92245851 0.18924667
116.96826734 13.01959670 15.65087689 0.16249245 0.06806005 1.14755003 0.12077745
29.91690482 2.62964168 1.61565179 0.02554434 0.08718839 0.24792262 0.24792262
26.95072384 1.90292734 1.28195643 0.01820304 0.07606521 0.17376810 0.17376810
66.80261969 32.44117946 14.15658932 0.11715134 0.05535410 1.17715006 1.31047762
39.81094431 5.05368136 2.72873124 0.05003209 0.12429104 0.49527361 0.49527361
93.18373037 20.03618684 15.72649032 0.21586418 0.06160084 0.78124823 0.88893258
113.63938260 14.19973625 16.01475921 0.20134093 0.07457944 0.37560306 0.40183662
65.27604693 31.13420048 13.15184365 0.11460343 0.05441347 1.22923853 1.16834413
103.32949941 17.33114410 15.57160687 0.18933961 0.05651812 0.63320371 0.22167449
57.89629466 9.48459219 4.76333315 0.09479333 0.19211110 0.94740737 0.94740737
105.52422398 18.98626693 15.67060852 0.20137694 0.05025943 0.62101976 0.12052704
116.68261027 11.53979104 15.45647443 0.15330884 0.05029409 1.32181464 0.12486309
41.17540241 5.38797359 2.88223277 0.05340912 0.12940776 0.52938506 0.52938506
115.79384118 19.22894591 14.93481971 0.19154391 0.06486423 0.70277866 0.21533836
99.23153976 20.01756832 13.95435621 0.24476921 0.05641105 0.71978964 0.85574581
84.71830689 27.89313725 13.08948529 0.12035510 0.06021898 1.34352259 1.26180327
26.00577461 1.67141478 1.17564964 0.01586429 0.07252165 0.15014437 0.15014437
66.19704763 29.70777032 13.34400241 0.09294776 0.06658001 1.55474835 1.14357052
39.18397166 4.90007306 2.65819681 0.04848033 0.12193989 0.47959929 0.47959929
113.86303429 12.69986415 15.49995170 0.14754178 0.06242032 1.21644607 0.25134286
40.20407838 5.14999920 2.77295882 0.05100509 0.12576529 0.50510196 0.50510196
77.09872954 28.60452352 12.86504643 0.11812311 0.05204175 1.58930636 1.22275022
47.77763991 7.00552178 3.62498449 0.06974966 0.15416615 0.69444100 0.69444100
112.15336558 19.93332209 16.37941417 0.17091855 0.06054906 0.72444089 0.19857461
119.70529388 16.85958073 16.78422352 0.18873204 0.05976740 0.93240275 0.43233623
107.48633533 13.85586586 16.11278644 0.19652781 0.06119465 0.52298220 0.36495084
25.92304312 1.65114556 1.16634235 0.01565953 0.07221141 0.14807608 0.14807608
42.37398898 5.68162730 3.01707376 0.05637562 0.13390246 0.55934972 0.55934972
118.56831634 15.85107880 16.14296925 0.19328565 0.06141156 1.00045978 0.38468612
110.89430691 15.46653676 15.89959136 0.18139141 0.07167519 0.84078370 0.30375331
116.36786267 16.64712158 16.42578747 0.18371777 0.05710889 0.98653275 0.41037185
128.36161218 13.99227635 15.97435958 0.17402982 0.05221322 1.03326258 0.09886134
129.99286977 14.15823296 16.33414876 0.17838691 0.05731828 1.10567313 0.30963689
35.11930792 3.90423044 2.20092214 0.03842029 0.10669740 0.37798270 0.37798270
51.37811624 7.88763848 4.03003808 0.07866084 0.16766794 0.78445291 0.78445291
36.74187920 4.30176040 2.38346141 0.04243615 0.11278205 0.41854698 0.41854698
42.04020358 5.59984988 2.97952290 0.05554950 0.13265076 0.55100509 0.55100509
68.09676103 32.30106546 13.79134296 0.11633562 0.05562959 1.22065463 1.38242998
57.67384711 9.43009254 4.73830780 0.09424277 0.19127693 0.94184618 0.94184618
48.57066678 7.19981336 3.71420001 0.07171240 0.15714000 0.71426667 0.71426667
21.14516022 0.48056425 0.62883052 0.00383427 0.05429435 0.02862901 0.02862901
34.84330957 3.83661084 2.16987233 0.03773719 0.10566241 0.37108274 0.37108274
