48.90856939 6.94611887 2.96434605 0.06756797 0.08326293 0.07165395 0.08879188
27.87909019 9.94466345 2.06323986 0.06324024 0.07895355 0.39945791 0.14818538
59.70742897 8.96471974 3.62765751 0.08251461 0.05826016 0.40316600 0.09284799
50.08189219 7.38442106 0.55228858 0.06173912 0.05860117 0.61936081 0.61731664
47.39158024 4.11519987 2.37134707 0.07697934 0.11699143 0.09967274 0.37430793
55.89187160 8.56723674 4.03037886 0.08669011 0.07136202 0.62833284 0.14126631
54.17313173 9.16095204 4.04646724 0.06789197 0.06206588 0.87393198 0.41378339
57.50202877 9.04760711 4.49654342 0.08251243 0.07199347 0.47418693 0.26044279
57.41152723 9.65503608 4.58002932 0.04394404 0.05629067 0.59029493 0.49740991
26.28856527 8.54305575 1.63451712 0.07381301 0.17069352 0.90580063 0.24551146
58.94211656 8.52979460 4.11164074 0.08908800 0.06621897 0.61775143 0.16391332
29.57408084 0.47541877 1.13435698 0.04674142 0.18254733 0.87362441 0.72760412
56.03170786 6.80781247 4.95685821 0.04404560 0.07446229 0.20412148 0.97310179
22.56373363 0.73506964 1.10333421 0.01459673 0.06944584 0.71051465 0.49766953
53.89030690 9.22873342 3.57789760 0.06974664 0.05464504 0.67777334 0.67243100
45.17105271 1.37132201 2.08833857 0.03062553 0.13676717 0.40494852 0.43611615
52.91584005 8.31215951 4.90562416 0.09499499 0.05941244 0.53670564 0.48539872
56.90325608 9.18737506 4.14800111 0.09337666 0.05495995 0.06699614 0.72392945
58.19533385 8.08074503 3.68803714 0.03974343 0.06697319 0.43183547 0.36341019
55.83413417 9.34660283 4.58495050 0.06233073 0.05180073 0.70938900 0.43216276
57.05189676 8.93261397 3.93591771 0.05938337 0.06798329 0.56188229 0.53354595
56.67385626 9.23992356 4.82316832 0.09492266 0.05810724 0.32887969 0.25879816
56.95904105 8.21399383 4.79523539 0.09126159 0.05300442 0.40240057 0.35593205
21.51843818 8.47501552 2.12016498 0.02967987 0.17417115 0.89880911 0.09466775
57.23583314 9.27289425 4.82442464 0.08303029 0.05281811 0.09856459 0.68450250
56.25222508 9.18188377 4.81784543 0.08052845 0.06135407 0.63725563 0.28181978
57.20193932 9.30818926 4.26833564 0.04178840 0.06276728 0.45816975 0.31697188
53.65984783 5.45595867 1.05925694 0.08612775 0.19926074 0.90110300 0.09793153
38.97889905 8.50159999 4.34928951 0.00721637 0.14918488 0.57829599 0.71680727
57.88585509 8.17332438 3.80060478 0.09472616 0.06816081 0.41177309 0.24286353
38.85547773 0.62393860 3.01718291 0.01711722 0.08213435 0.66257644 0.61708556
54.92739216 9.27877417 4.91199797 0.07573841 0.05000076 0.77755231 0.31353193
55.79816819 9.54358493 4.22089458 0.05404901 0.06300589 0.61574784 0.56465816
56.40983881 8.70932657 4.59251340 0.03317300 0.05344620 0.59532260 0.41986299
58.09463674 8.53491914 4.25992264 0.05121618 0.05437462 0.73108405 0.52146150
54.82541063 9.48785379 4.36308807 0.04203192 0.05910341 0.64102435 0.40344026
59.54524438 8.88819375 4.06298282 0.04820421 0.05825678 0.43324256 0.35989335
54.42164709 9.26153273 4.34690705 0.05342630 0.06472252 0.63076864 0.46873762
42.28434798 9.50395481 0.54949357 0.06854441 0.13639203 0.17238972 0.77835687
58.98391329 9.54984733 4.73471172 0.09830628 0.06872144 0.18494655 0.80589049
55.46565510 8.15219342 3.88061779 0.08673893 0.06290181 0.35180233 0.21425619
53.58285386 8.66418831 4.30354898 0.08340633 0.05726723 0.34597642 0.04674345
26.53275638 6.06485015 3.13852650 0.06016876 0.14448220 0.73252031 0.58181386
59.30685487 8.61436186 4.40629213 0.08452071 0.06517652 0.17361786 0.60240165
38.83261951 2.03069822 4.57631205 0.04399454 0.05342779 0.60364952 0.62530968
58.88108505 9.05832306 3.84336486 0.06217971 0.05400211 0.58578417 0.61184573
56.30385872 9.58944501 4.90573523 0.08457759 0.05081965 0.30101233 0.00874082
58.86607678 9.49561708 4.09879166 0.04651965 0.05858917 0.36580490 0.45433299
56.78439697 9.57340174 4.82502477 0.08255024 0.06114050 0.60740810 0.40160962
52.67092624 9.73279513 4.66485210 0.07268518 0.06305165 0.16046794 0.16232868
52.80387288 8.87106993 3.88675927 0.08545229 0.06793336 0.63235813 0.50693099
40.54836345 7.31710064 3.92889473 0.04008260 0.06688906 0.24914313 0.33123764
56.04981157 5.59423518 3.49908200 0.08470229 0.07029806 0.37451366 0.40493371
57.74043072 9.01789995 4.13047848 0.06003317 0.05036570 0.51488016 0.58999403
57.93520726 9.21842742 4.22539125 0.04593977 0.05353190 0.49461541 0.39023479
52.26703300 8.56825394 4.16153494 0.06231559 0.05214349 0.51783623 0.70266281
51.06918591 6.73243445 4.34746876 0.05827825 0.18572059 0.48039772 0.66866489
55.70096449 9.38585023 4.06921344 0.00327662 0.06863525 0.54761881 0.37371571
53.45195222 9.31293404 4.65422808 0.09351616 0.06872556 0.26538180 0.19059951
25.01838862 1.85528262 4.13014109 0.09950838 0.06391850 0.62592621 0.49947494
58.37028308 5.32971200 1.82139956 0.07082464 0.07545811 0.52784389 0.97775999
21.22208927 9.63487284 1.64073529 0.02955583 0.06330925 0.91132400 0.17702526
27.30518278 1.35170848 4.81364049 0.06430955 0.05589111 0.07107979 0.10556431
41.29044677 6.96517095 3.93990457 0.04022694 0.17741714 0.23731017 0.59638000
52.22124230 7.86324682 4.89759934 0.07152470 0.06645340 0.69914503 0.46609371
57.45239396 8.60212896 4.01287485 0.06907666 0.06298231 0.69791701 0.66077753
54.94700098 8.34542815 4.16737506 0.05565662 0.05087024 0.83260047 0.57911090
58.11103625 9.58108605 4.29933341 0.03648345 0.11449488 0.68912208 0.28145911
49.72620344 9.05285659 3.90976929 0.05934754 0.06004138 0.79685980 0.50314085
52.43476856 6.01367759 0.76924277 0.03453609 0.15196415 0.77808917 0.17227487
53.94252349 8.48504757 4.45096220 0.07510354 0.07176584 0.64063382 0.55028754
59.18563197 9.20768993 4.67017755 0.08733113 0.06366086 0.49921082 0.27190556
52.01159932 8.45568699 4.95093862 0.07036328 0.06219805 0.60983603 0.51586913
22.01816607 3.50318409 0.71203307 0.06292947 0.13995285 0.77965150 0.57758615
35.20915853 7.68205603 3.59195353 0.03358944 0.11413861 0.53272425 0.00979380
57.89074494 9.07171292 4.84714951 0.07537046 0.05120599 0.06637281 0.65771270
56.14451194 9.49474739 4.54444140 0.08550894 0.06139953 0.20181564 0.09608790
54.45313105 9.49022000 4.26525255 0.05406267 0.05775386 0.65207465 0.57178612
58.73052851 8.65841028 4.20526758 0.08148916 0.05661959 0.52767035 0.15399616
56.64628255 9.00524021 4.03043331 0.08489956 0.06116555 0.42803850 0.14957681
49.60954179 9.58658596 3.63919971 0.06832795 0.06831952 0.93233506 0.58715290
51.84146198 8.07108226 4.78945850 0.07155109 0.06359346 0.65829525 0.27942524
56.09130139 8.37656603 3.99963029 0.06903366 0.05028338 0.73220495 0.55670938
55.30772940 8.91221914 4.62235599 0.08456663 0.05087023 0.24552983 0.17323945
56.68929506 8.24228779 3.94072283 0.03572118 0.05873443 0.41466105 0.64212762
56.83011553 8.98571041 4.40162044 0.04286818 0.05316509 0.58607860 0.55125478
54.88348871 8.32370231 0.62324967 0.09542443 0.13380397 0.39658932 0.29599911
53.81826686 9.01264694 4.92476670 0.08607910 0.05460653 0.29249922 0.09496617
50.84065923 7.65094263 4.13565937 0.06553002 0.07072513 0.35026069 0.12888874
35.74896214 2.92075580 1.24411199 0.02405251 0.13219955 0.08112580 0.16329446
37.82579826 0.76742840 3.13726826 0.02665806 0.06363502 0.47885010 0.70905017
51.37494652 9.12518071 4.20259726 0.09747650 0.06357458 0.85826440 0.29910367
56.35618366 9.33217904 4.63605125 0.04476683 0.05790282 0.43220108 0.43852785
58.15564556 9.60962428 3.42565121 0.06288919 0.07953631 0.88834165 0.13843590
52.61356910 8.98388812 4.29128334 0.05058161 0.05963296 0.62954644 0.44132921
52.16835608 8.98990544 4.60497813 0.05941297 0.06847468 0.65307174 0.54952885
58.11520496 7.23271200 4.07309370 0.04119162 0.06415794 0.47543003 0.44868036
45.45203176 9.41868265 4.08812402 0.09206316 0.06386175 0.69181343 0.25409096
46.64317147 5.14744013 2.70311192 0.01817011 0.05769890 0.91262676 0.30893741
54.15312416 9.54023429 4.29347173 0.06791392 0.05731352 0.56855608 0.61160266
53.05535467 7.52953019 4.38928356 0.05411238 0.05179203 0.66465247 0.45241902
50.03916735 9.09472184 3.51873409 0.08758937 0.05914688 0.71767440 0.33312096
36.97539073 6.47985511 1.92292251 0.01376563 0.10956004 0.07360320 0.16864897
49.58731670 5.83326265 1.33072676 0.01058459 0.08586097 0.57779366 0.89374528
40.92048990 2.67251800 1.58913814 0.04034775 0.13729910 0.83056214 0.09488322
53.74811517 3.06520378 2.17496022 0.05862864 0.06924050 0.20179094 0.25498537
51.00152976 8.82434344 3.97608404 0.06387841 0.05148048 0.77957419 0.59596782
50.26500347 9.43138683 3.94175629 0.06380228 0.06259758 0.56049082 0.35393575
57.65369135 9.21831286 3.85944857 0.05872998 0.05643128 0.49140473 0.79969133
53.41949703 9.93101820 4.92479927 0.09307325 0.06580362 0.38036271 0.09121765
28.93010923 8.43599413 1.98775295 0.09345818 0.15219177 0.30884281 0.73596406
51.41649029 7.71420686 4.27052491 0.07154838 0.05441792 0.28096380 0.11307873
25.69378127 9.89856904 3.48735215 0.03181001 0.11727498 0.69641557 0.80739645
43.95614623 1.17443109 1.39130304 0.08965361 0.05352285 0.65037502 0.88517143
36.11280144 2.54832321 2.50350433 0.00946471 0.19759493 0.98965857 0.41753885
59.10475745 9.21534111 3.96092284 0.06257134 0.06154765 0.48698599 0.68590528
46.84730999 8.00456862 3.48675316 0.05777184 0.08588845 0.85284725 0.09267251
56.22181772 8.84273359 4.20116927 0.08174224 0.05033042 0.38061118 0.11747197
56.96696801 8.79107407 3.81201364 0.08140520 0.05221640 0.36011953 0.15199755
51.28558971 0.67241671 2.07916346 0.01387496 0.13283679 0.79860885 0.01900779
56.77119487 7.88314379 4.11628991 0.01588891 0.16848666 0.20862964 0.14646036
27.40297574 4.84390783 3.44408616 0.00810959 0.15473885 0.27760314 0.62502717
57.87056617 8.43857318 4.05949967 0.07951920 0.05979028 0.63763022 0.72303226
58.30429663 9.51852197 3.62543432 0.09110874 0.06697801 0.15392231 0.77992972
38.43232607 2.54984137 4.37663380 0.04031474 0.05416720 0.95070935 0.71002039
54.48953722 3.02922953 1.07023893 0.08798463 0.07126403 0.96517156 0.57435884
48.48124044 1.69989268 3.62577455 0.04752739 0.15073405 0.84217146 0.76912991
50.42320298 9.05917477 4.76831112 0.07131438 0.05513994 0.59389707 0.55129219
