93.44216611 16.93395656 7.52485995 0.14048634 0.05353142 1.47414883 0.85941416
72.71438772 19.47358689 10.52849506 0.07547090 0.05399606 1.60183418 1.05776948
70.97628502 18.43579910 9.73835426 0.07583540 0.05713361 1.59844729 1.12677881
50.00180845 7.55044307 3.87520345 0.07525448 0.16250678 0.75004521 0.75004521
98.05422824 12.51101111 8.51292860 0.15597508 0.07090760 0.50274881 0.57646653
73.84607141 17.08108268 9.81683855 0.08209881 0.06291527 1.34363215 1.06709613
45.55625845 6.46128332 3.37507908 0.06425174 0.14583597 0.63890646 0.63890646
90.33935727 16.89552273 8.56310123 0.13205858 0.05640889 1.62940020 0.92487416
77.02904721 22.49484603 7.50941459 0.07125179 0.05104043 1.46529104 0.85759439
72.60494727 17.35514479 9.82190782 0.07908532 0.05788206 1.40551441 0.89590472
68.94582873 16.44548757 9.38870956 0.13743287 0.06582072 1.07526909 1.08715109
101.34148573 13.79508090 7.87756520 0.14183458 0.06532754 0.66274394 0.70818276
33.07810218 3.40413503 1.97128650 0.03336830 0.09904288 0.32695255 0.32695255
42.41403781 5.69143926 3.02157925 0.05647474 0.13405264 0.56035095 0.56035095
67.78960137 16.64612388 9.36269089 0.14514906 0.05330433 0.99346663 1.10607760
74.57438455 18.42059506 9.66919154 0.08022838 0.05541470 1.57757327 1.14439814
93.47158719 16.55207197 8.28390347 0.14753594 0.05250264 1.45758936 0.98578228
76.55080757 19.98656297 8.67266542 0.08017844 0.05718762 1.53218122 1.50145322
75.35546370 18.53372134 9.71953703 0.08220360 0.05294678 1.43170272 1.08607498
75.42748730 17.22015927 9.89276460 0.08140219 0.06466181 1.56385769 1.12849927
70.02327623 19.72567924 8.29810214 0.08109122 0.06089060 1.60444003 1.16246100
100.02207276 13.68106701 8.49950516 0.14464019 0.06461940 0.69537828 0.78518399
72.47612752 20.56975378 8.07251831 0.06415278 0.05341905 1.56543308 1.19087725
76.73598783 20.29025310 8.27346601 0.07456474 0.06020522 1.53875977 1.37226933
99.21979068 9.79833305 9.35702888 0.14384929 0.06585111 0.63542153 0.64736631
39.27603136 4.92262768 2.66855353 0.04870818 0.12228512 0.48190078 0.48190078
75.60754659 23.36276552 7.75150597 0.07591992 0.05158774 1.48338339 0.86776637
42.14160722 5.62469377 2.99093081 0.05580048 0.13303103 0.55354018 0.55354018
94.31353929 15.29846731 8.28098702 0.15516915 0.05150955 1.47094618 0.98561112
39.59405104 5.00054251 2.70433074 0.04949528 0.12347769 0.48985128 0.48985128
99.35294623 10.46968983 7.83612097 0.15038894 0.05288111 0.65195534 0.69268380
22.61462784 0.84058382 0.79414563 0.00747120 0.05980485 0.06536570 0.06536570
68.91432110 21.23536563 8.56992393 0.03781416 0.07630972 1.48405097 0.89721858
68.26003508 15.85575109 8.65749969 0.13554852 0.06091927 0.98729375 1.16961294
71.24643798 20.51796804 8.70960587 0.07937004 0.05242810 1.66339925 1.26653989
78.64433543 23.10081348 7.59572859 0.08691427 0.06288695 1.46060974 0.91805565
67.40551906 17.91950852 8.90385307 0.09027584 0.05279519 1.59406557 1.21227596
80.02201527 20.15981931 8.14124409 0.07708583 0.05402247 1.51215922 0.94080506
88.12117179 18.60038291 8.08879826 0.15275526 0.05271373 1.22507784 0.68410776
72.77523722 18.85533344 10.20015598 0.06328458 0.05003903 1.50106529 1.01643808
68.08879733 21.50891582 8.42687507 0.07984921 0.05596884 1.60813658 1.11420626
99.23791345 10.78667225 8.38931916 0.16379883 0.05735316 0.76251614 0.98705607
102.71405492 10.66858713 8.74228646 0.16669609 0.05368498 0.79410316 0.87414666
104.31032330 11.82637133 8.16292080 0.15557627 0.06078597 0.82115232 1.02181164
107.06971119 12.89214822 7.71920798 0.14728875 0.05591075 0.90125449 0.51136903
94.15934099 17.20685305 8.39482086 0.14708311 0.05415170 1.44517976 0.91785092
38.49980569 4.73245239 2.58122814 0.04678702 0.11937427 0.46249514 0.46249514
71.73681041 20.48431100 8.12158416 0.06218213 0.06848848 1.52160520 1.15497518
99.15479417 12.39579439 8.45069187 0.15382781 0.06163495 0.44012914 0.59317325
83.02025842 18.34810019 8.54091640 0.12833146 0.06876634 1.39068374 0.88933813
80.35719078 22.12580364 7.66247673 0.07819286 0.07460492 1.49204992 1.40584970
75.24464572 18.56814893 10.18556070 0.07121637 0.05577849 1.55722167 0.97474726
81.18110784 21.72258308 8.45677399 0.07700254 0.06061690 1.29589199 1.31413617
76.41577227 17.89902024 9.74108524 0.08421421 0.06417609 1.45281888 1.05281290
99.13992585 13.84385337 7.50932954 0.13612757 0.06763300 1.02340177 0.62307345
32.24044585 3.19890923 1.87705016 0.03129510 0.09590167 0.30601115 0.30601115
69.97639864 17.81790440 10.48370234 0.08600219 0.06424055 1.52298371 1.14021645
98.59649197 12.42671854 8.31758426 0.14708802 0.05068733 0.54270188 0.59114363
95.59200472 12.37978352 8.42750248 0.15227072 0.06048834 0.57834264 0.55291642
45.14899382 6.36150349 3.32926181 0.06324376 0.14430873 0.62872485 0.62872485
63.21333301 20.14438237 8.61211035 0.08474386 0.05858427 1.62777382 1.11348634
91.85538394 16.86041999 7.96377644 0.13995442 0.05812955 1.46826660 0.91109693
109.83035004 13.16130307 7.31884203 0.14682616 0.05799952 1.03027814 0.52238011
76.40488023 21.54203379 8.36402548 0.08201270 0.07205206 1.52268722 1.43108233
68.73672170 21.12016237 8.13707743 0.07131994 0.06738273 1.60469545 1.16478010
86.74651897 18.03950847 8.10134113 0.14074563 0.05563201 1.20012824 0.76432644
52.79645625 8.23513178 4.18960133 0.08217123 0.17298671 0.81991141 0.81991141
88.75702013 18.31663924 7.79076163 0.14549080 0.05750131 1.27055559 0.84896331
84.26306332 17.21996287 8.33332448 0.13997922 0.05247990 1.21306187 0.72578526
96.57643373 11.35672497 9.23279647 0.14911569 0.06929629 0.76648994 0.72218371
95.25018781 12.16793839 8.64823847 0.14571254 0.07253813 0.86413549 0.77151883
79.43387937 17.05452029 8.19518488 0.14036096 0.06339606 1.22709902 0.89317559
75.11873192 22.68346632 8.32838633 0.06049687 0.07071427 1.49625967 1.25173452
56.21085352 9.07165911 4.57372102 0.09062186 0.18579070 0.90527134 0.90527134
75.25057086 19.99141277 8.41900691 0.08167610 0.06461594 1.50148822 1.45855855
89.72912111 16.14620593 7.88450893 0.15069374 0.07052078 1.44824721 1.03975828
100.17563500 13.09470861 7.83090719 0.15218912 0.05390801 0.79382412 0.65665329
78.97903947 20.01461832 7.68412342 0.09315539 0.05971030 1.56762341 0.99318818
74.50692870 22.82022879 7.54722900 0.05560495 0.05989319 1.37644022 1.25336021
85.24368924 18.22337495 8.33545232 0.14622816 0.05557380 1.27358263 0.79221276
76.25156857 22.73328155 7.84371367 0.06289211 0.06260616 1.38928993 0.79654959
95.89236580 15.89245426 8.38280991 0.14390306 0.06176755 1.39983232 1.01617297
71.14283469 21.05232219 7.91785976 0.04889882 0.05089597 1.37873801 1.25458768
71.93748554 21.69133666 7.88144343 0.06983030 0.05934502 1.40291846 1.33770905
74.46118235 16.28936227 8.29439208 0.13709993 0.07335293 1.20241435 0.96894414
27.05650513 1.92884376 1.29385683 0.01846485 0.07646189 0.17641263 0.17641263
71.91372009 21.96405263 8.13685311 0.07509507 0.06868562 1.50449158 1.25908262
98.40405409 12.08481411 8.52820156 0.14681747 0.05964182 0.63361547 0.65004313
69.33845906 22.05498820 8.19272657 0.06529839 0.07191456 1.45882547 1.31083668
73.86403892 18.85618919 9.91885584 0.07606999 0.05870443 1.61725019 1.14972697
108.62343992 14.62886741 7.41457610 0.13958378 0.05184457 1.08686057 0.47567880
40.78087913 5.29131539 2.83784890 0.05243268 0.12792830 0.51952198 0.51952198
72.62031195 20.17668408 8.02873659 0.06715091 0.05505223 1.61055427 1.06828670
99.88998964 12.14788984 8.50622447 0.15763472 0.06445175 0.81738086 0.91088170
102.51991256 12.50834608 8.29087740 0.15399157 0.07024202 0.62318404 0.45609933
56.42430430 9.12395455 4.59773423 0.09115015 0.18659114 0.91060761 0.91060761
69.50874126 18.12746548 8.86134763 0.08776380 0.05227082 1.67687449 1.14946240
75.00838763 20.19790625 8.39817166 0.06473450 0.05840244 1.60524336 1.04982750
80.19932770 17.70574475 9.50660492 0.08030255 0.05296471 1.51446681 1.07566668
94.17738146 15.67601475 8.37016525 0.15474194 0.06615454 1.32229906 0.90296398
80.49130601 17.37020231 8.21202350 0.14700057 0.06806103 1.15365638 0.83303249
58.07826020 9.52917375 4.78380427 0.09524369 0.19279348 0.95195650 0.95195650
32.56687063 3.27888330 1.91377295 0.03210300 0.09712576 0.31417177 0.31417177
100.75333943 11.89296458 8.87795532 0.14130353 0.05964062 0.67587455 0.66016073
75.91644199 17.71623462 9.74946094 0.06911403 0.05398640 1.61578038 1.06243050
37.00451019 4.36610500 2.41300740 0.04308616 0.11376691 0.42511275 0.42511275
40.77953899 5.29098705 2.83769814 0.05242936 0.12792327 0.51948847 0.51948847
98.54763001 11.06273088 8.02540455 0.16262092 0.05866016 0.85749205 0.70518032
106.01408714 13.52910824 7.46520199 0.13796915 0.07308817 1.00718024 0.44279641
72.45311017 15.64849342 9.75693409 0.14868764 0.06543806 1.17263562 1.08594782
47.25056677 6.87638886 3.56568876 0.06844515 0.15218963 0.68126417 0.68126417
76.25014607 19.69885878 8.23988679 0.06040771 0.06030138 1.47648739 1.21970228
100.15189299 11.96967468 8.44035619 0.16855992 0.05743179 0.75712487 0.78171960
76.20674602 20.57437668 7.83081337 0.06017596 0.05887966 1.43688051 1.29613168
74.32866165 23.04237941 7.68896240 0.06211385 0.05092658 1.41527518 0.91204442
34.43510225 3.73660005 2.12394900 0.03672688 0.10413163 0.36087756 0.36087756
71.28005203 16.98556187 9.52466997 0.08539812 0.06023414 1.40513260 1.06474273
102.40703053 11.08581342 8.25934465 0.14510314 0.05073529 0.64886687 0.64497831
45.03402304 6.33333565 3.31632759 0.06295921 0.14387759 0.62585058 0.62585058
98.85514406 10.97607826 8.51812487 0.16091141 0.05718127 0.80622767 0.71631635
66.97451959 17.48040668 9.99447930 0.09076468 0.06134561 1.54141984 1.10368502
74.60704922 17.30730942 9.56362824 0.08415222 0.07299697 1.50425235 1.16404869
106.46997815 15.11567359 6.87509609 0.15669991 0.05946106 1.02830785 0.49314940
106.67124756 11.41162794 9.29154474 0.14944550 0.07597009 0.77862497 0.65498205
97.68074442 16.19974447 8.18179853 0.14768267 0.05851243 1.47233973 0.98946104
24.14947687 1.21662183 0.96681615 0.01126996 0.06556054 0.10373692 0.10373692
75.58605631 22.92016347 7.89494235 0.05622910 0.05089477 1.33119875 0.96515400
49.70714677 7.47825096 3.84205401 0.07452519 0.16140180 0.74267867 0.74267867
