59.34787594 9.18228066 4.80309149 0.07591564 0.05071255 0.29657539 0.21280352
26.18491182 5.85726893 3.41756103 0.07442356 0.11060744 0.89129868 0.79956866
30.70847162 1.60190426 3.21552354 0.00447314 0.08624336 0.71948569 0.17414484
57.46076859 6.61373387 4.19903062 0.08798637 0.05742645 0.18701767 0.06960986
20.38756868 9.58328626 0.54265169 0.08289050 0.06861718 0.65968288 0.87168670
52.65760278 9.15267212 4.61430010 0.05317713 0.06365103 0.41699258 0.41779720
57.33440290 9.36706581 3.98903589 0.06883950 0.05338247 0.29673228 0.58555442
31.14778878 4.82979099 3.74998665 0.09314308 0.12080689 0.53086830 0.93173911
28.38367357 5.38378490 4.89285014 0.04340191 0.13975053 0.87190432 0.00826915
22.29235029 7.86194925 2.11051036 0.03800618 0.12717943 0.40083611 0.04163778
55.67838189 9.74537496 4.43528402 0.07325744 0.06159973 0.22350331 0.60491924
57.18146726 9.01418668 4.45431520 0.05361547 0.06383088 0.53674925 0.40157087
59.03233610 8.59079458 3.65418322 0.09052278 0.05311829 0.32876026 0.38365319
55.33446139 9.19562002 4.21408505 0.08602414 0.06465182 0.38980734 0.12494835
52.09311777 9.93276713 4.65197126 0.08282245 0.05670060 0.32827152 0.16028190
52.23155509 8.65636147 3.83612953 0.06755387 0.06495655 0.75544878 0.41757516
48.26427345 9.85447034 4.17056355 0.04228919 0.06634506 0.29104090 0.53525387
24.57255396 8.48608719 3.33089405 0.05150285 0.17615600 0.66127941 0.93745145
20.71775101 7.00955150 4.11202449 0.02010451 0.16713526 0.24991405 0.94467781
53.47998534 8.49131184 4.36330603 0.06577350 0.05592568 0.27936729 0.61286674
27.74049788 2.07759812 2.63590630 0.01717486 0.12021662 0.12948683 0.89952316
32.61801302 3.49496201 3.21731668 0.06061186 0.15068540 0.51349640 0.61367380
55.11832790 8.31237685 4.35236962 0.08775688 0.05675950 0.46136904 0.18831327
35.40883571 0.43308635 2.31962661 0.07334810 0.05269584 0.98190403 0.86442775
55.45581190 8.22808432 4.44268921 0.08425347 0.05596924 0.25329844 0.26630239
49.78478131 8.50657592 4.19814752 0.07708075 0.07902670 0.41426160 0.02483685
49.60234602 4.67941434 3.08868748 0.00121637 0.10133373 0.88539787 0.88603187
55.72665096 9.34149979 4.95588042 0.06688750 0.05745629 0.33345611 0.18231587
56.41223473 8.19303407 4.01168845 0.09475602 0.05556216 0.39863454 0.17817370
49.87240466 9.99804175 4.60943220 0.04077169 0.05983688 0.40649918 0.38601152
50.50661528 5.79403481 1.02242411 0.04125664 0.07632551 0.62693138 0.62494501
58.02746459 7.82065538 4.51100547 0.07953657 0.05983475 0.24459307 0.46098148
55.84928696 9.39309222 4.48840003 0.06440002 0.05016391 0.58105948 0.56764458
54.75372351 8.88238870 4.26870041 0.08034521 0.05776271 0.38942062 0.16575582
53.54689466 8.32409278 4.07217376 0.09358503 0.06747669 0.48414457 0.16574506
54.02738323 8.44418771 4.16039587 0.07886219 0.05596239 0.41879579 0.21144552
27.69530135 5.06129795 1.80243770 0.08578762 0.06505107 0.56036181 0.65845057
54.28747542 9.92090323 4.94548654 0.08888370 0.07136473 0.66695442 0.68735313
30.79926158 6.24993450 4.71884949 0.09662316 0.09891219 0.41726543 0.87333322
56.82060853 9.77284306 4.20170012 0.07307696 0.05837180 0.34687424 0.59796481
57.17308822 9.43131421 4.06127121 0.07046488 0.05017175 0.37529331 0.65943142
49.84487782 9.69563146 4.44246373 0.08456067 0.06536132 0.17491132 0.29923432
58.07845538 8.24360025 4.58558126 0.07446373 0.05848231 0.34201847 0.04664015
41.64248659 6.26350444 4.83977816 0.03576191 0.10646354 0.26358026 0.49354547
54.09201439 9.67845519 4.18937381 0.07198046 0.05511476 0.16944645 0.61667203
56.11138137 8.54772775 4.55152616 0.07136374 0.06757792 0.27561516 0.18626241
57.27266696 9.19574263 3.73811117 0.08964837 0.05989490 0.46740403 0.24611334
32.09076556 4.25077098 1.26968075 0.03659777 0.09548732 0.82126758 0.56122752
58.13677495 9.97488400 4.73282948 0.06139145 0.06386902 0.64555760 0.50404762
46.32408300 1.17653306 3.15743480 0.02322631 0.17156048 0.29954869 0.20336039
22.46960037 1.04845206 0.93964422 0.03501975 0.05734282 0.38928353 0.44380384
56.61842477 8.10143347 3.65669871 0.08242273 0.05959607 0.35791497 0.28724581
54.31630869 9.54505968 4.22004073 0.09699258 0.05402930 0.48582631 0.30591542
31.42648631 6.84618951 3.23628958 0.05189488 0.11056309 0.59036438 0.12673779
48.02861132 3.69599349 3.32813206 0.06784163 0.07316969 0.16735829 0.88845967
44.64813221 7.03061952 2.93787030 0.09324620 0.05331636 0.73957212 0.06114421
39.14203546 6.86605015 4.38081714 0.03800111 0.15804382 0.00337198 0.28757015
46.09143159 6.66407008 3.39650447 0.02630676 0.12496767 0.34223037 0.68765558
55.32322422 8.92943170 4.19024572 0.07769857 0.05238918 0.19883148 0.61473722
50.12629599 8.98605536 4.60568502 0.08639923 0.06459947 0.25882741 0.11359910
22.78559852 5.05226777 0.89478901 0.05613283 0.05779485 0.93484895 0.26983736
54.05553561 9.03702781 3.52918487 0.04817141 0.05761855 0.55271845 0.36329425
29.14199725 6.50885552 0.86020506 0.00611354 0.17524057 0.84882115 0.66252762
59.89069554 7.84308732 3.74107738 0.09559385 0.06225344 0.25382096 0.42934176
36.47512309 3.28504817 2.89079570 0.05149123 0.13665568 0.79270837 0.23766199
52.90913309 3.09238089 4.00596354 0.06081235 0.05929674 0.98776899 0.07351836
52.50569872 9.78983578 4.30057544 0.08774398 0.06219591 0.64441929 0.62654122
41.95055695 4.81056894 4.27582900 0.00875795 0.19829391 0.29521684 0.51905134
37.91848681 6.81500032 1.97010639 0.03566392 0.14642926 0.57056605 0.19296632
42.39252737 8.61819546 3.97015964 0.09817871 0.18858738 0.61034293 0.89574320
39.60853077 6.23406600 4.12600165 0.02329615 0.07308560 0.65057748 0.29341610
29.87551196 6.86297687 4.07236873 0.08231729 0.09826720 0.78604039 0.94436255
35.61293962 0.60735492 4.20943885 0.06191719 0.15467891 0.48162533 0.46417570
43.12279801 7.33988269 0.96508010 0.04255880 0.08805390 0.19113090 0.21902517
54.56234235 9.33040536 4.19433033 0.07071367 0.05290383 0.43792035 0.24903665
56.09638112 9.56924014 4.36477382 0.08874229 0.06517489 0.38483699 0.10258559
52.89867664 8.86143802 4.59802189 0.09516932 0.06783411 0.45918810 0.20603161
50.43763712 9.37175687 4.71398414 0.04061630 0.05877563 0.32558784 0.41275089
59.05904213 8.84463685 4.77758007 0.09384281 0.06860081 0.30348851 0.48718067
59.66911012 8.85539764 4.51646924 0.08401980 0.05682158 0.31473459 0.10751942
52.34462257 1.49279403 3.97580623 0.09356561 0.19372199 0.87289154 0.91606318
47.24955720 9.66541857 4.77676541 0.08291768 0.05146525 0.30155103 0.25869504
57.76453987 7.80407247 4.62723507 0.07706044 0.05160100 0.34787880 0.10261825
45.18438582 5.31822087 1.58465600 0.04912540 0.11620997 0.79011432 0.86622539
55.08703387 7.98421314 4.29273394 0.09003184 0.05042409 0.34457277 0.17141723
56.10396987 7.46667626 4.11867189 0.09431469 0.05354380 0.46306512 0.20438655
53.77585603 9.83534113 3.83086670 0.04811334 0.06183332 0.57987137 0.35978498
54.62176137 8.80646869 4.58062481 0.07451451 0.05966979 0.44591461 0.06835362
56.52295357 9.30336174 4.79789924 0.06680097 0.06643915 0.33807771 0.25075894
55.45834140 8.26399274 4.94595709 0.09062007 0.05535615 0.26389707 0.34516556
55.23537319 8.35358499 4.37262766 0.07694019 0.06366930 0.30934861 0.48220031
59.33547163 8.52280666 4.59599906 0.05724076 0.05122289 0.60690083 0.59252144
49.00689138 8.55885094 0.96290576 0.08361425 0.18795817 0.35500730 0.04962243
58.83902865 8.59924977 4.66018249 0.08366104 0.06871461 0.49284589 0.38633571
57.99971495 8.77356428 4.19547563 0.07889420 0.06304059 0.22588148 0.61853557
50.45345358 4.98797529 4.17471469 0.01593559 0.15432658 0.25101835 0.36292138
59.18403137 8.56601094 4.21084716 0.08738456 0.06746614 0.40677830 0.39372632
51.06416021 9.82764121 4.87856905 0.04767889 0.06209280 0.43891282 0.47879137
54.35139930 8.95565201 3.52617808 0.08037295 0.05664609 0.12450748 0.59616742
47.44827740 9.46374719 4.72826362 0.07578974 0.06441153 0.29726461 0.25724769
39.20410408 8.37610139 4.16289725 0.04044074 0.07699958 0.39116301 0.25637108
37.32625932 3.07936752 0.86341543 0.01727204 0.17284676 0.15463289 0.83681081
45.68772689 0.41577671 2.92001201 0.07615329 0.05275100 0.32831432 0.94127842
47.71545276 9.40906935 4.61010323 0.07634787 0.05382074 0.37044971 0.00603139
50.62748916 8.61676678 4.27887914 0.09059066 0.06469715 0.40145121 0.68021890
49.01126352 9.55545398 4.81747846 0.08226803 0.05862066 0.27549136 0.17792507
56.40748544 8.46551256 4.56680231 0.06919660 0.06030803 0.22639572 0.49687678
56.67771522 8.97048875 4.37264767 0.07517955 0.05074750 0.59653937 0.43654564
55.35727655 9.61098230 4.51659829 0.07017657 0.06271960 0.12484918 0.56041298
34.20040523 8.66500221 0.51260463 0.08580885 0.14752647 0.77895774 0.59289150
55.30130699 8.85252831 4.32739974 0.07264722 0.18042981 0.27190981 0.28809399
49.75553894 0.82424639 4.52608063 0.08276779 0.06631471 0.65850036 0.60542603
59.54760681 8.92612542 4.78334169 0.06012517 0.05553970 0.78745352 0.54416176
52.54463735 9.73293456 4.92984315 0.06869811 0.05995673 0.51258488 0.26623401
56.69102922 9.28299984 3.86072725 0.07960274 0.06776292 0.40920701 0.07788145
57.92994234 9.79282658 4.52352506 0.06550848 0.05887260 0.71559874 0.46119122
34.46831229 7.84784044 3.06724956 0.05229436 0.17109860 0.71912757 0.32002569
49.42422056 1.62164777 3.26811461 0.04334334 0.14895662 0.29532447 0.24537259
41.93166125 5.05113119 0.58915839 0.03222063 0.13450269 0.09491097 0.51578568
22.31629835 2.31648633 4.67482556 0.06654982 0.09732813 0.05547650 0.34566687
54.79833022 8.80192692 4.26751967 0.09097016 0.06739121 0.45629176 0.10818144
53.98491945 9.29609053 4.72933672 0.09308237 0.05017954 0.44760312 0.12782325
52.69118954 9.09211852 4.43298141 0.08903894 0.06196835 0.21571862 0.37414244
56.45100095 9.61561366 4.30643100 0.07221053 0.06422314 0.29107874 0.65882412
50.19064883 9.98071502 4.61280935 0.07438811 0.06873617 0.36416531 0.09138371
54.53917641 6.54479732 2.98865271 0.09757226 0.05804798 0.15051387 0.33898752
58.10987272 8.01766900 4.77360979 0.08347154 0.05140275 0.31232890 0.12629944
53.78211045 8.83533206 3.79099836 0.04873073 0.07878952 0.59609532 0.44126165
