88.49172228 16.35236720 7.70524243 0.15294981 0.05661842 1.23019975 0.90800522
102.42796976 12.50813944 7.73609337 0.14886210 0.06790450 0.65470024 0.67385454
77.37482753 21.28581374 8.09964809 0.06676290 0.05437041 1.44810522 1.32439191
85.80976954 16.56938072 7.80224158 0.14750481 0.07018899 0.79528173 1.11344591
44.25299882 6.14198471 3.22846237 0.06102617 0.14094875 0.60632497 0.60632497
74.24719725 15.06013269 8.30077002 0.14198497 0.05441887 1.24318693 0.76018840
88.94778062 16.52435504 7.73093774 0.14945271 0.07144089 1.37956918 0.87570687
85.35582401 17.03155095 7.82170957 0.14164184 0.06241723 1.17984849 0.91119666
65.66442909 18.98283686 8.20476125 0.08100611 0.06469763 1.54630401 1.15002707
48.32211194 7.13891743 3.68623759 0.07109723 0.15620792 0.70805280 0.70805280
98.86454844 12.77086391 7.63757565 0.13792002 0.06555083 0.72526907 0.63375943
77.51152788 16.25117977 8.31981191 0.13526352 0.06856858 1.24380819 0.84768339
66.27722759 20.36750092 8.50622141 0.02506147 0.07540587 1.63064607 0.94537946
39.02873264 4.86203950 2.64073242 0.04809611 0.12135775 0.47571832 0.47571832
59.76064725 21.20567505 8.84631261 0.04957065 0.07048080 1.28547249 1.41659325
75.28816772 22.62098451 7.28743285 0.07854738 0.05695070 1.36536047 0.88368715
101.93028555 13.07104552 7.86847462 0.13871806 0.05459705 0.81358799 0.64515873
73.07348293 21.21054306 8.40915913 0.02823567 0.07146935 1.28717402 1.11189142
105.52606532 13.04637104 7.41449045 0.13974297 0.07315515 0.83570416 0.73202795
75.85680343 21.61646032 8.02740864 0.06640978 0.05474456 1.46647313 1.28309590
70.58916295 20.65258484 7.69681920 0.07986557 0.05900171 1.59115756 1.12318609
71.64644665 18.46875853 9.03480784 0.06391368 0.06099498 1.42041836 1.15438068
106.48088068 12.58380547 8.02698525 0.14126860 0.06862150 0.68436115 0.77012236
69.14040576 17.15430896 9.55260981 0.07609598 0.06027305 1.41791664 1.11806147
73.01222838 19.23330241 7.84197073 0.08491848 0.06790831 1.42988363 1.01763431
86.33292273 16.16714420 7.57143790 0.14438713 0.06372030 0.63543180 0.92211041
23.16921906 0.97645867 0.85653714 0.00884382 0.06188457 0.07923048 0.07923048
35.20276468 3.92467735 2.21031103 0.03862684 0.10701037 0.38006912 0.38006912
65.54511920 20.26591395 8.39234772 0.02108056 0.05826018 1.64667129 0.77800287
68.95182212 21.64038335 7.26071757 0.07845194 0.06361648 1.50176507 0.95262931
67.91046859 20.36658924 8.60504831 0.04364910 0.05530783 1.42000204 1.05973109
64.02808699 21.72694261 7.50487337 0.06701043 0.06418238 1.53093262 1.02173160
72.68604588 19.05978616 8.43455981 0.03018038 0.06050928 1.50375920 0.73250698
47.11231706 6.84251768 3.55013567 0.06810298 0.15167119 0.67780793 0.67780793
73.55266317 20.25080555 7.79972365 0.08749764 0.05812545 1.47668056 1.19282576
100.96004931 11.71837266 7.90409728 0.14049101 0.07827456 0.70190221 0.62169157
67.91072840 20.18506237 8.28639611 0.03649913 0.06321414 1.38292792 1.18658558
31.35444055 2.98183793 1.77737456 0.02910224 0.09257915 0.28386101 0.28386101
56.74998672 9.20374675 4.63437351 0.09195622 0.18781245 0.91874967 0.91874967
27.24420986 1.97483141 1.31497361 0.01892942 0.07716579 0.18110525 0.18110525
70.31388096 19.50595521 8.43387490 0.03413986 0.05635588 1.48586402 0.86407104
67.33606609 18.28400052 9.38673297 0.07674126 0.06075040 1.46018805 1.15892916
70.97659003 17.88702197 9.49448079 0.06855086 0.05787660 1.44767874 1.17751263
51.56091723 7.93242472 4.05060319 0.07911327 0.16835344 0.78902293 0.78902293
105.54844397 12.92238243 7.41720351 0.14666148 0.06152616 0.90439538 0.59625555
68.46380712 21.63921945 6.89092568 0.07824564 0.05009872 1.54992869 0.97794760
34.98660203 3.87171750 2.18599273 0.03809184 0.10619976 0.37466505 0.37466505
79.05262637 19.95101534 8.01634401 0.06682229 0.06493884 1.58098486 0.96962862
31.17627199 2.93818664 1.75733060 0.02866127 0.09191102 0.27940680 0.27940680
70.40932291 18.32410718 9.25273812 0.07047330 0.06510971 1.40916808 1.09555450
90.54405440 16.02758403 7.02068470 0.13774993 0.06231017 1.41552632 0.81822882
95.90060900 11.28344364 7.83014339 0.13448075 0.05595763 0.74316230 0.64040168
69.84785103 20.14774617 7.75966428 0.05014979 0.06294128 1.55386027 0.88472841
88.57709111 15.14842822 7.82579866 0.14411226 0.05719282 1.15067979 1.01273318
67.81450502 17.73859107 9.00252472 0.07248900 0.05306203 1.44687991 1.16524826
64.90202065 21.81928035 7.57942049 0.04316284 0.05882964 1.55246547 0.87832765
69.39688557 20.79066329 7.88927095 0.04239619 0.06988555 1.39115357 1.00267312
45.53796206 6.45680071 3.37302073 0.06420646 0.14576736 0.63844905 0.63844905
79.36291769 19.97427518 7.98577286 0.08720947 0.06742398 1.58816163 1.02817803
90.35519763 14.44226810 8.01302547 0.13824126 0.07524218 1.28335663 0.66688399
65.68224602 21.62867238 8.01018746 0.06394615 0.05596954 1.52524874 1.02521356
45.61426240 6.47549429 3.38160452 0.06439530 0.14605348 0.64035656 0.64035656
75.90012898 19.59888383 7.38192529 0.08820990 0.05487055 1.41903628 1.13893589
24.34636361 1.26485908 0.98896591 0.01175725 0.06629886 0.10865909 0.10865909
56.53012514 9.14988066 4.60963908 0.09141206 0.18698797 0.91325313 0.91325313
70.47084497 20.06813297 7.80685387 0.06400441 0.06619757 1.38763099 1.14789941
23.77303702 1.12439407 0.92446667 0.01033827 0.06414889 0.09432593 0.09432593
100.81339345 14.07195344 7.42700017 0.13659982 0.06258987 0.66777067 0.62947120
76.37856692 20.68043995 8.19580005 0.05317840 0.05636798 1.42136260 1.37783069
69.02041031 22.07329688 7.29089448 0.04699629 0.05341172 1.59544955 0.90084079
70.35342724 20.93302867 8.08583570 0.06290767 0.06263747 1.48563309 1.15567930
87.62605122 17.69934264 7.14638215 0.15030238 0.06842135 1.23153966 0.83264390
94.33933862 16.77548317 7.29710624 0.14686056 0.05001097 1.18003530 0.87853664
67.33615634 22.25100391 7.27304946 0.08892322 0.05403591 1.42946175 0.89612512
101.87303590 14.53288169 7.07827938 0.14177866 0.06223264 0.70145612 0.59946549
68.88848901 21.02078326 8.11000566 0.06229267 0.06209980 1.46380432 0.99794815
75.58303072 20.38520856 7.67964558 0.07651617 0.05161668 1.49014512 1.20686548
34.92813836 3.85739390 2.17941557 0.03794714 0.10598052 0.37320346 0.37320346
72.41785413 19.05643137 8.34835706 0.05402642 0.06878017 1.43642128 0.96285976
78.79861696 19.43908311 7.66931831 0.07501474 0.05059585 1.56200178 1.05518449
102.42620869 12.54699794 7.94748979 0.15329254 0.05840672 0.79694968 0.64179239
74.97845559 20.53148104 7.95633407 0.06465828 0.05890965 1.49494979 1.14428379
64.02330935 19.67764094 8.54040635 0.02397022 0.06264913 1.45898410 1.33768745
33.35809326 3.47273285 2.00278549 0.03406128 0.10009285 0.33395233 0.33395233
74.60486903 21.03579344 8.23351473 0.06886157 0.05338812 1.46344271 1.31510413
71.97486952 18.78753078 7.35704737 0.08592488 0.05308543 1.31583889 1.09133364
38.36534138 4.69950864 2.56610091 0.04645422 0.11887003 0.45913353 0.45913353
74.61635114 15.58407549 8.82865947 0.13557068 0.05940381 1.27807515 0.67195440
56.35741569 9.10756684 4.59020927 0.09098460 0.18634031 0.90893539 0.90893539
67.15768261 20.08161534 8.30790205 0.05686206 0.05272229 1.15064715 1.61275209
62.89808564 22.20512590 7.72817864 0.04210898 0.05777264 1.57688430 0.80402204
39.24086160 4.91401109 2.66459693 0.04862113 0.12215323 0.48102154 0.48102154
76.88334152 20.84605318 7.88826750 0.06189267 0.05525232 1.42034860 1.31307814
67.16517516 19.32481018 8.36924696 0.07803057 0.05055381 1.54051134 1.23368710
46.32982009 6.65080592 3.46210476 0.06616630 0.14873683 0.65824550 0.65824550
96.03816516 14.32887720 7.38771824 0.14087739 0.05666769 0.75066119 0.59341855
44.83817128 6.28535196 3.29429427 0.06247447 0.14314314 0.62095428 0.62095428
71.91994562 17.92273815 9.52590314 0.06923621 0.06108404 1.42222298 1.16332240
97.42188211 11.80574265 7.72991983 0.13875214 0.06857593 0.72247124 0.60017087
50.43246702 7.65595442 3.92365254 0.07632036 0.16412175 0.76081168 0.76081168
60.55122877 20.76202743 8.71100348 0.04792242 0.06016913 1.19798508 1.50815525
76.14046534 19.92295888 7.54380562 0.09021779 0.06195757 1.41397082 1.03881607
75.92704437 21.73138843 7.39178278 0.06067097 0.05485672 1.65810710 0.91888224
56.36313691 9.10896854 4.59085290 0.09099876 0.18636176 0.90907842 0.90907842
69.08577398 22.27647153 7.28361045 0.08298057 0.05546410 1.47427066 0.84108252
75.09346313 19.68255079 7.30843880 0.06998058 0.05291749 1.28658121 1.04667873
95.40778418 17.02327176 7.47029414 0.15141454 0.06212317 1.35208093 0.94499924
91.56390524 15.34840666 7.94808025 0.13972444 0.06256448 0.74986151 0.91115650
28.44884823 2.26996782 1.45049543 0.02191090 0.08168318 0.21122121 0.21122121
65.78709480 21.53242642 8.01075250 0.02912481 0.06065069 1.46542486 1.11931789
71.80255661 21.56515376 7.22608592 0.08137963 0.06654900 1.62919236 0.96681831
69.61722284 19.73669565 8.49396856 0.05433988 0.06495955 1.32162582 1.05936475
99.51527295 13.93644849 7.98381364 0.14231600 0.06775033 0.71965660 0.55167670
26.24999204 1.73124805 1.20312410 0.01646873 0.07343747 0.15624980 0.15624980
96.20452987 12.97071172 8.32406159 0.13309486 0.05232614 0.69355923 0.67217272
73.75693209 20.60759533 8.08185359 0.08138765 0.06356416 1.57229535 0.94588768
53.35865535 8.37287056 4.25284873 0.08356267 0.17509496 0.83396638 0.83396638
77.64537617 20.24012155 7.95454343 0.05622838 0.07538238 1.42351431 1.21112425
88.88649358 16.53439735 7.87944639 0.14401120 0.05434444 1.38195801 0.92382640
34.98607511 3.87158840 2.18593345 0.03809054 0.10619778 0.37465188 0.37465188
24.24476241 1.23996679 0.97753577 0.01150579 0.06591786 0.10611906 0.10611906
63.48085144 21.07712707 7.30107970 0.05331903 0.07292170 1.57820397 0.80470877
65.53363015 21.35487055 7.74475858 0.07127902 0.07370114 1.47572046 1.13755500
38.23559156 4.66771993 2.55150405 0.04613309 0.11838347 0.45588979 0.45588979
68.47843361 20.38436981 8.13052874 0.05128669 0.05350034 1.12086450 1.64531478
76.04710681 15.66430161 8.54471067 0.12986550 0.05916356 1.09065047 0.65841180
103.05753225 12.01625403 7.70850908 0.14807512 0.06061327 0.95655787 0.72781012
73.49679698 15.59287228 9.03457079 0.13094337 0.05659709 1.19091645 0.83282818
