55.89778140 9.56307100 4.21320153 0.09682470 0.05547663 0.30014591 0.46313826
57.08514715 8.96726060 4.39265821 0.03263188 0.06006890 0.29738561 0.01138195
55.06143758 9.20403043 3.96033198 0.03543691 0.05006830 0.12910244 0.67968215
54.26918798 8.54249478 3.18853761 0.04898807 0.06074691 0.98618979 0.14907213
53.09527847 8.96452004 4.54190486 0.09998545 0.05537126 0.51075949 0.35371423
51.88090240 8.86244928 4.06885840 0.05141931 0.05639394 0.42563787 0.86727513
51.84177583 9.20795306 4.31687539 0.08112839 0.05266219 0.26187249 0.55733698
49.60221240 9.00599227 3.81293159 0.03369314 0.05678736 0.22224141 0.18576280
55.77966331 6.26379365 3.29878506 0.05345384 0.17268532 0.18159537 0.55302915
57.20403671 8.26457323 4.27730337 0.09602486 0.05718665 0.29959370 0.86437187
54.88193543 9.42127364 4.24576187 0.08229488 0.05463407 0.33073732 0.58926777
56.66141214 9.73125718 3.72853813 0.08596794 0.05563284 0.15471494 0.61392017
54.25140055 8.76384195 1.62747230 0.01625666 0.09244632 0.60880629 0.65357423
51.83308927 8.93280377 3.89540249 0.06103251 0.05573288 0.41795075 0.00957738
57.80233808 8.07802131 4.27287717 0.09344972 0.06341998 0.17592967 0.59357610
20.80134665 3.41801084 3.89848626 0.09823876 0.08550360 0.12382715 0.23451068
56.63169374 8.62089048 3.56486960 0.02536438 0.07737929 0.35187368 0.07343598
31.55730482 7.31437692 0.98349567 0.00163242 0.19532529 0.88218468 0.61476028
48.66191425 7.93543377 4.01008687 0.09958505 0.07367302 0.34449979 0.59357973
59.14010775 9.50473721 3.59342748 0.02294901 0.06007533 0.34400892 0.17064668
56.83178690 9.88608509 3.91077248 0.09702803 0.06427307 0.23180557 0.55313366
20.23553066 2.57558129 4.23376861 0.07111325 0.09088121 0.19244858 0.04354911
56.41987418 7.70092184 4.81187205 0.05148684 0.06321742 0.44671734 0.55852674
57.88865605 8.81176836 4.08668498 0.02515695 0.05338909 0.04784849 0.66344421
47.78406338 9.46069093 4.43946708 0.08839584 0.05437148 0.27168496 0.81355799
54.81779491 9.57390025 3.66778193 0.07343707 0.06804230 0.35242737 0.90274224
56.20100930 9.35960348 4.07798522 0.09404032 0.05753842 0.06839421 0.42332052
44.12698082 9.17893642 1.23699218 0.03499775 0.14703884 0.63182625 0.09708742
59.11940652 9.12453714 4.63657191 0.03864100 0.05279666 0.16166427 0.15635302
31.08799479 8.92557998 0.59574766 0.01740772 0.14619159 0.54307345 0.57634524
59.70164667 9.27207343 4.28368364 0.07744750 0.06170191 0.23035062 0.62949812
55.90888144 9.96135562 4.88756268 0.09176267 0.06169407 0.22824085 0.69792579
48.63134001 2.71551338 4.02848964 0.07026789 0.08035249 0.04273636 0.73493599
34.06990811 3.26184109 1.97478588 0.09013875 0.16875640 0.06213221 0.19934952
44.13459338 9.19529917 1.63897137 0.06284503 0.09291708 0.18047381 0.87225391
59.02515533 4.16972073 2.90860617 0.02836582 0.12503424 0.98084013 0.91326879
42.62718258 0.55119181 1.60667036 0.00586167 0.17361982 0.62769491 0.34077839
57.26419456 5.75068625 2.53508264 0.04155536 0.08498737 0.41764669 0.88847227
55.17906503 9.43920778 4.80767602 0.04320194 0.06250587 0.24028590 0.75022308
23.45278500 2.43239219 3.88262102 0.02676809 0.17468978 0.58425959 0.68518832
55.71024530 3.59307002 3.57357949 0.09059400 0.05136273 0.40092400 0.35664123
24.83400760 9.76869337 3.33694817 0.04578734 0.19782737 0.06771540 0.00936209
56.36583748 9.35319830 4.06259476 0.02190542 0.06112331 0.02994249 0.70530669
57.99560326 7.13164002 4.33311050 0.07732687 0.05984828 0.19203965 0.41304548
41.91690039 3.74413041 1.72119490 0.07318897 0.17134517 0.53414711 0.63173959
42.04475398 4.58007161 2.19382972 0.08387959 0.10281550 0.13757917 0.37637225
52.01086959 0.95252541 2.41077034 0.08899763 0.06659259 0.49587373 0.75980255
55.23498137 8.55084510 3.82250216 0.04108508 0.05262490 0.07041241 0.67722155
53.85400837 9.24362582 3.78002021 0.03248642 0.07012323 0.43599830 0.14981352
58.71171596 9.25529076 4.08388207 0.09429339 0.05531141 0.11388110 0.68455253
56.10841046 8.46543488 3.61317424 0.08878459 0.07484362 0.14358758 0.54722438
53.96743889 8.03835625 3.95878976 0.09173237 0.06698681 0.36236760 0.62335567
59.29018898 9.67053421 4.53007398 0.03745624 0.05582032 0.28174881 0.14514798
43.09159106 0.66017147 3.27530275 0.05532854 0.13981840 0.67589763 0.75337203
58.50486654 8.95788028 4.34615705 0.05564879 0.07187854 0.39939801 0.66025240
57.36441034 0.49553983 0.65953902 0.07951871 0.16105827 0.04470929 0.41152341
23.62374649 0.55153887 0.54715662 0.08728169 0.12470756 0.53307421 0.09974338
51.15199736 1.72229110 3.04542220 0.01080178 0.16161955 0.36589961 0.05256805
53.34723117 9.51041498 4.22417826 0.04795690 0.05109615 0.15339488 0.70663471
57.72048788 9.08545945 3.62537900 0.01804057 0.05157103 0.48845926 0.20784721
44.23365994 9.86143703 4.48447697 0.08831556 0.06240109 0.19708111 0.76753359
57.01996092 3.30965408 4.70955986 0.07065700 0.13811341 0.40846278 0.30569343
51.52183598 9.32581776 3.64101659 0.04149277 0.05956971 0.21106830 0.17598638
45.89090338 8.73549244 4.44450162 0.07156661 0.06490598 0.35499839 0.07092998
33.41634496 5.68133442 3.59408133 0.05507328 0.09762847 0.49785718 0.56392211
21.33231219 4.54612139 3.94392833 0.02753426 0.16373631 0.72575413 0.40449157
54.56416676 6.17496794 3.77258770 0.02707274 0.16258812 0.34270604 0.62961634
51.70560946 7.64767733 4.42961069 0.05675643 0.05748302 0.35178170 0.57900091
58.20492425 8.98978294 3.02822613 0.05204061 0.05398527 0.90567455 0.24431995
53.39721098 9.11280098 3.20812754 0.04915800 0.05621344 0.11084428 0.62800412
56.64206975 9.87488145 3.85111337 0.08912993 0.06243385 0.24073957 0.57190880
48.72955517 4.06160943 2.69550115 0.09786727 0.09841358 0.68084774 0.75026404
56.80885746 9.91449534 3.60303333 0.09053642 0.05947886 0.35594833 0.44569265
54.16700175 9.52848414 3.62933430 0.09088970 0.07455056 0.28576548 0.84254498
51.56835395 9.17276511 3.70086567 0.04382963 0.07111332 0.10954431 0.66073214
51.25746592 9.31352127 4.14384058 0.09444618 0.06000982 0.13879858 0.47824209
56.84710078 9.01809229 4.25987667 0.09577997 0.05698281 0.32103809 0.61927596
56.05781176 7.86853449 3.43567681 0.09912342 0.07015518 0.03391437 0.55327907
32.25537701 4.57603318 4.77353223 0.06337588 0.05504813 0.42301422 0.50502501
58.65937612 9.76038919 4.15019498 0.03178360 0.06383463 0.14675750 0.64763411
52.68309306 9.05802948 4.23674793 0.09188933 0.07086027 0.39965761 0.45909426
36.39177108 3.34616957 2.16275890 0.03542528 0.12572775 0.22526952 0.27352344
59.13432228 8.49286440 4.44220642 0.04935903 0.06231363 0.48458912 0.62607488
30.03891286 2.64772738 4.91401432 0.03222114 0.13040277 0.17897157 0.62354606
26.60940818 9.79104577 2.84840017 0.05093169 0.07399550 0.50294975 0.82093224
53.09758627 9.87234779 3.86495978 0.02756984 0.05737453 0.40372891 0.16223760
31.17056533 9.12762885 1.57239945 0.08864226 0.14857648 0.62982846 0.62797141
57.62762580 9.28796807 4.68485520 0.05888791 0.07180615 0.38186093 0.68608791
28.83279221 6.23590997 0.57657509 0.01405707 0.13270635 0.77045842 0.53798182
54.79635053 8.05440848 3.71327202 0.09555150 0.07281796 0.38984081 0.51169424
22.82696684 1.14944714 1.09373930 0.04888316 0.08563388 0.25435113 0.70952437
57.44072535 8.87649788 4.00386810 0.09133917 0.05722677 0.04103000 0.58065650
57.76564115 7.72509923 3.49066647 0.08948498 0.06312761 0.03643519 0.45346998
50.92321692 1.45294088 1.27256375 0.09507325 0.19979364 0.37955172 0.83954139
55.66946500 9.68509732 4.23573172 0.09377839 0.06004675 0.04978942 0.66653809
55.26710610 8.48363479 4.75046300 0.09111670 0.06319620 0.17065302 0.74966288
56.35934492 8.99855959 3.84859901 0.08387446 0.05749548 0.33793169 0.47119086
54.78104467 4.20257626 1.30104873 0.09768062 0.11648231 0.08988840 0.51473486
59.43084890 7.11887069 0.66613490 0.06289531 0.18929341 0.18722197 0.50134310
50.41014266 9.40767902 4.39383481 0.09498081 0.08385977 0.24996199 0.81427210
55.13396173 9.68520022 4.81402940 0.09771722 0.07043691 0.22897806 0.77243922
58.57061517 9.69307401 1.49812570 0.04459997 0.18168937 0.13536246 0.53212336
21.97328893 2.07689456 4.24033005 0.09063637 0.05128857 0.85350655 0.00760288
20.12561016 0.68466561 2.11334088 0.04443069 0.17649609 0.65831215 0.42418110
55.52456870 8.00126868 4.49380610 0.09626757 0.06212159 0.36253239 0.63279332
49.06898315 4.65603429 1.72241919 0.01255461 0.18377918 0.34346051 0.42494355
49.31671744 9.35232721 2.84446643 0.01289210 0.11615891 0.73694023 0.47184029
50.74076948 8.85394085 3.84823256 0.05378805 0.05558111 0.44267679 0.44521381
58.90987174 1.10648930 2.09615417 0.03616113 0.08128826 0.31244813 0.60077829
55.84011241 3.42562789 1.30221862 0.04608408 0.16345457 0.79550344 0.87529303
52.20795794 9.64952658 4.06217146 0.09571040 0.05686337 0.15115572 0.65760696
57.35508812 0.43740202 3.59012559 0.06078088 0.06022289 0.15484075 0.21572305
56.70661081 9.42485372 3.81583581 0.07881184 0.06979750 0.00640206 0.57623981
24.99246452 0.53495354 0.92458796 0.04763327 0.11086358 0.87307609 0.58644886
51.18971062 8.97423136 4.93732811 0.09185884 0.06263404 0.17246416 0.62196697
49.96626957 1.13865281 4.64346662 0.09984726 0.19804368 0.11516792 0.91885584
45.15755729 3.26860015 2.07873859 0.04544538 0.16519866 0.17764736 0.49954240
39.24634951 2.20707938 4.44740690 0.09398497 0.17099837 0.24836737 0.42135196
56.81638246 8.76703735 4.29377884 0.08896679 0.05693780 0.39398452 0.52159164
50.64553992 9.11831515 4.01272884 0.06572729 0.05935261 0.33337145 0.03617072
53.72835220 2.67292337 1.89593005 0.07266145 0.12391072 0.82412455 0.19522130
56.87464854 8.79926586 4.35560299 0.09993005 0.06072599 0.32523176 0.52276087
46.19156362 9.02697713 3.47134308 0.05458850 0.05298564 0.38830311 0.07487833
58.06983247 9.24308501 3.96608902 0.09661826 0.05103064 0.44206851 0.43697803
58.84350562 9.74676866 3.66081396 0.03990102 0.07440738 0.15352383 0.58462597
54.91675183 8.93148833 3.72792227 0.03424577 0.06583563 0.10405721 0.74809596
24.96236597 5.45282405 1.83612319 0.01060690 0.07307357 0.41830725 0.62683404
58.40304904 9.28640029 4.06875564 0.03201629 0.06396480 0.09454396 0.63903028
