76.84583652 21.79831282 7.96437458 0.07008511 0.06251579 1.40400844 1.36536233
65.28710078 22.75542254 7.24462042 0.09383780 0.05971385 1.44534802 0.90239221
88.84897137 14.87049905 7.96069152 0.14180000 0.06088985 1.24013597 1.03295405
23.01873716 0.93959060 0.83960793 0.00847137 0.06132026 0.07546843 0.07546843
99.98828738 14.41857380 7.39548653 0.12581535 0.06058628 0.68966574 0.62040963
90.77977999 15.94850969 8.58430431 0.15725136 0.06043604 1.37542352 0.86651729
102.89558021 12.90052900 8.04607560 0.15254208 0.05996818 0.72123300 0.62223364
94.02225854 11.04102709 8.72857868 0.13062673 0.06200132 0.70300570 0.53754152
23.56235681 1.07277742 0.90076514 0.00981683 0.06335884 0.08905892 0.08905892
36.39859805 4.21765652 2.34484228 0.04158653 0.11149474 0.40996495 0.40996495
71.09524316 21.09697037 7.77107836 0.05706562 0.06929756 1.57446871 1.35048269
94.38141377 14.83581620 7.77191266 0.14380756 0.06105749 0.63570363 0.85097615
101.08932204 12.30840127 7.61128704 0.14909257 0.07510119 0.62096707 0.58366170
32.85030794 3.34832544 1.94565964 0.03280451 0.09818865 0.32125770 0.32125770
72.78685537 21.31016785 7.44954608 0.08297322 0.06424324 1.41818626 0.82570200
92.51077996 15.46761442 7.83371197 0.14610493 0.05528890 0.79545505 0.91653307
45.50855799 6.44959671 3.36971277 0.06413368 0.14565709 0.63771395 0.63771395
69.26996162 20.38878486 8.61650658 0.00434111 0.05491868 1.44475448 0.81982238
100.63400794 15.48627703 7.39517087 0.13396209 0.06086108 0.68550680 0.58532032
74.60655642 21.08229039 7.79833259 0.06220420 0.07792852 1.48051068 1.29255200
90.36603055 16.27331138 7.71543092 0.15595639 0.05287446 1.43296525 0.96047533
73.69809202 22.97396461 7.32655206 0.08399852 0.05150504 1.39383559 0.97348505
77.12873858 21.38298286 7.75749862 0.05922319 0.05110116 1.42494143 1.30088420
68.90219297 20.82841409 7.98986103 0.06385695 0.07615912 1.41640659 1.11526405
33.18775693 3.43100045 1.98362265 0.03363970 0.09945409 0.32969392 0.32969392
76.71876502 20.64251785 8.20349498 0.07492089 0.06581993 1.44628329 1.30529880
82.37276525 20.59180644 7.63381716 0.06036425 0.05389074 1.39808984 1.36705928
68.42464550 20.36915976 8.12005837 0.06306279 0.05935561 1.44777220 1.19700244
70.01393021 21.22302315 7.62319086 0.06165712 0.06125962 1.35071289 1.14090009
90.62942453 17.04571369 7.60082443 0.14586707 0.07695966 1.33400097 0.91055594
97.59068817 12.45648968 8.10132505 0.15031058 0.05211340 0.61613183 0.67720861
41.22834888 5.40094548 2.88818925 0.05354016 0.12960631 0.53070872 0.53070872
61.27986158 20.28656482 8.67832829 0.05356146 0.07831473 1.37621786 1.32152233
90.78478378 16.12920027 8.61208435 0.16239544 0.05512336 1.39075508 0.93124149
73.16120705 16.73078719 9.23152597 0.07477250 0.05178418 1.42198706 0.96985135
61.12452271 21.33767607 8.43951472 0.05064456 0.06790277 1.28192749 1.32851396
74.53309375 19.88852888 7.65150908 0.08980371 0.06020108 1.47085375 1.22631687
67.27529952 18.06778189 9.31405727 0.06491140 0.05621693 1.41316482 1.11597588
75.76000038 19.47003520 7.77094153 0.09433851 0.06938031 1.47056669 1.17254608
72.17095634 15.31943646 8.63481472 0.13917621 0.05166634 1.32296755 0.89088516
62.77831273 20.49750931 8.84701046 0.04838602 0.06708823 1.27402885 1.46056176
88.72800141 16.58609684 8.06437165 0.14331688 0.05272807 1.40942158 0.78366737
106.09034769 11.55586391 7.50823267 0.14496227 0.06971442 0.65770927 0.66002026
69.86941471 19.43093525 8.03845243 0.09041300 0.05587661 1.47656771 1.15036435
22.59359938 0.83543185 0.79177993 0.00741916 0.05972600 0.06483998 0.06483998
94.34667716 15.38442602 8.01637398 0.13982709 0.05797581 0.70769483 0.96731679
80.13578215 18.58379250 7.77577501 0.07310052 0.06044661 1.56512391 1.05447503
90.23099695 13.87458247 8.17797410 0.14005334 0.05499467 0.75440848 0.89813434
34.74710750 3.81304134 2.15904959 0.03749909 0.10530165 0.36867769 0.36867769
73.76094908 15.35243470 9.13628710 0.14321577 0.05348525 1.16080145 0.92775858
61.95158876 20.84460960 8.75643903 0.05152071 0.06082520 1.25922904 1.43963944
93.21603642 15.62738263 8.07047949 0.13111881 0.06253197 0.73669480 0.83446591
26.99661846 1.91417152 1.28711958 0.01831663 0.07623732 0.17491546 0.17491546
29.94675490 2.63695495 1.61900993 0.02561822 0.08730033 0.24866887 0.24866887
77.52694434 20.60077823 7.69786193 0.06712070 0.06178800 1.43615435 1.33883064
101.50419871 10.99233042 7.74162077 0.12726958 0.05153971 0.75656781 0.58198570
78.95695798 19.70708580 7.55121358 0.06576997 0.05022680 1.56679417 1.08258048
24.17587195 1.22308863 0.96978559 0.01133528 0.06565952 0.10439680 0.10439680
28.14310717 2.19506126 1.41609956 0.02115419 0.08053665 0.20357768 0.20357768
35.80826866 4.07302582 2.27843022 0.04012546 0.10928101 0.39520672 0.39520672
71.71089319 18.62584116 8.44523342 0.08583498 0.05555496 1.55297227 1.22991188
80.24913141 20.15977891 7.50278290 0.08345193 0.06273686 1.51159107 0.97197480
64.78249956 18.48616126 8.86703630 0.07786416 0.06575524 1.53975210 1.04562233
70.64861676 16.02216656 9.62086316 0.07459098 0.05371657 1.49818394 1.14459817
90.12037827 14.43918606 7.76944801 0.14890074 0.07161948 1.11204334 0.99522202
51.73571473 7.97525011 4.07026791 0.07954589 0.16900893 0.79339287 0.79339287
86.98972805 14.84689259 8.17723226 0.13872297 0.06101965 1.21088901 0.98996337
65.51271475 22.19029405 7.04128930 0.08259898 0.05616547 1.47539596 0.85852592
58.64554665 20.63948044 8.76170679 0.05285018 0.06795360 1.19573371 1.36673592
65.62197570 21.41731460 8.14881737 0.06676120 0.05508036 1.50559525 1.00433984
71.79212376 16.42386013 9.85747901 0.06913431 0.06346149 1.50728473 1.10522839
66.49762226 17.82855304 9.37969024 0.07859418 0.06671489 1.52663000 1.14414436
73.12100913 15.81344427 8.50625058 0.12287724 0.05955642 1.04914711 0.72754924
38.25842751 4.67331474 2.55407310 0.04618961 0.11846910 0.45646069 0.45646069
64.27054572 19.29342891 8.47517012 0.07637953 0.05382577 1.50278146 1.16736656
75.76980048 21.07162105 8.26677739 0.07499129 0.05553529 1.49286562 1.39044704
38.52501448 4.73862855 2.58406413 0.04684941 0.11946880 0.46312536 0.46312536
50.64689600 7.70848952 3.94777580 0.07685107 0.16492586 0.76617240 0.76617240
96.22167548 12.51822629 7.42888286 0.12541662 0.05129015 0.81849995 0.71496775
75.11006842 21.52653256 8.09678474 0.06774992 0.06627215 1.63990283 1.10971365
70.58670673 21.23798192 8.29767871 0.06451991 0.06597548 1.45462618 1.09329733
70.00199268 21.59702208 8.06208389 0.06383762 0.07100024 1.51707024 1.17946977
70.36426903 22.56822642 7.50984975 0.08897167 0.05756028 1.43262346 0.77712556
72.52987086 20.50921222 7.98851201 0.06012759 0.05203313 1.53172674 1.14826548
41.58689196 5.48878853 2.92852535 0.05442756 0.13095084 0.53967230 0.53967230
72.15255667 20.19330570 7.95506262 0.06683443 0.06209887 1.46458869 1.27078994
97.87935979 11.36980036 7.88903592 0.12573590 0.05409882 0.73370308 0.78496032
73.21916953 20.82793905 7.95965215 0.05757081 0.06663969 1.50055097 1.32094401
68.09747593 22.31851077 7.64702647 0.05864329 0.05219407 1.52194909 0.99330230
75.18292960 15.21564266 9.31695393 0.11977897 0.05787797 1.28381941 0.73571327
31.93100335 3.12309582 1.84223788 0.03052923 0.09474126 0.29827508 0.29827508
64.73358132 18.56052052 9.30008709 0.06912415 0.05939424 1.48723008 1.16456860
73.68208026 14.03626774 9.59182350 0.13934627 0.07246056 1.36270369 0.66494778
71.69592065 21.84501224 7.32051001 0.06823547 0.05932007 1.31560496 0.89605424
100.62315235 15.26781143 6.53393130 0.14782352 0.05691168 0.72689027 0.53475099
76.81862235 21.04834388 7.94943041 0.05162923 0.05661271 1.37289614 1.40477208
86.31341877 14.71182849 7.55342585 0.13905928 0.05358618 1.09271508 0.99100076
70.76539541 16.89828474 9.95926468 0.08108995 0.06361321 1.53626015 1.09104612
70.05972809 19.91097033 7.84610748 0.06265810 0.06928563 1.57874471 1.08946317
88.49924822 16.79713241 7.78418825 0.13574674 0.05925302 1.38814427 0.94176263
71.22293145 21.12713736 7.81370846 0.02395953 0.05674342 1.46544810 1.13710765
98.83854462 12.47787201 7.85550251 0.15536038 0.06292820 0.67008595 0.68974555
41.58341227 5.48793601 2.92813388 0.05441895 0.13093780 0.53958531 0.53958531
94.70559039 10.83884087 8.02425987 0.13131538 0.05664815 0.70067676 0.72433265
103.30755822 14.12191433 7.74982155 0.13617085 0.05954834 0.67485358 0.65496904
74.42400425 15.39946330 9.41411764 0.13659553 0.06850427 1.31741629 0.69429424
93.51288355 15.52646615 7.54245909 0.13372017 0.05820362 0.75034047 0.86473223
58.66702063 20.33949806 8.58115440 0.04425697 0.06113303 1.14477810 1.33066141
43.05607213 5.84873767 3.09380811 0.05806378 0.13646027 0.57640180 0.57640180
73.75154174 15.27563023 9.13028867 0.12905649 0.06188406 1.29148432 0.59064503
73.12082857 20.97138857 8.43120405 0.06233299 0.06122468 1.47748850 1.02690574
93.35614961 17.12014500 7.80884780 0.15252566 0.05761268 1.29048791 0.92171490
71.97291541 17.75907130 8.92851421 0.06702576 0.06305578 1.47113600 1.25354510
78.12408221 21.20126968 8.35195010 0.06303934 0.05449515 1.45957601 1.37792111
77.26702543 21.82051125 7.65729085 0.07343525 0.06845378 1.34966391 1.44778969
62.53318102 20.93973179 8.72159379 0.05991145 0.07784969 1.16471647 1.38560872
87.57570520 16.67528481 7.74803924 0.14494118 0.05005707 1.28498238 1.00600101
74.67398828 20.51175082 7.57077869 0.07075332 0.05171318 1.58498510 1.49016882
47.68678436 6.98326217 3.61476324 0.06952479 0.15382544 0.69216961 0.69216961
75.29438479 15.88531447 8.82594997 0.12420145 0.05861059 1.20156294 0.74096368
72.97350273 20.23921326 8.01558449 0.06811537 0.06722002 1.45484688 1.23718403
68.09905243 22.10786994 8.19203331 0.03533662 0.06144290 1.46159082 1.09480917
28.70967215 2.33386968 1.47983812 0.02255644 0.08266127 0.21774180 0.21774180
34.90823901 3.85251856 2.17717689 0.03789789 0.10590590 0.37270598 0.37270598
67.99793968 20.32145358 8.28979822 0.04076079 0.06218914 1.36329150 0.95722994
103.74027601 14.21236018 7.21085293 0.13643312 0.06027896 0.73410593 0.69646144
77.19218698 15.75154453 9.04986923 0.13510300 0.06586180 1.19695301 0.91188799
74.67686410 16.07142270 8.92409480 0.13592067 0.06157571 1.21517382 0.84024667
