57.76367520 9.27694181 4.73556385 0.05270541 0.05658231 0.58695330 0.60804975
57.23792446 9.44164292 4.34943174 0.07016111 0.06270151 0.18522830 0.11305122
38.25119942 1.18990077 2.33649717 0.05359144 0.11724142 0.56029991 0.62389512
57.12284986 8.31968702 4.73242415 0.06859280 0.05566888 0.11644785 0.04889648
56.90281922 8.41536092 4.94287112 0.08383547 0.07010479 0.39239294 0.29333234
25.94950716 7.38329983 1.69109925 0.05488097 0.17061032 0.00663314 0.29629917
54.13246608 1.46247877 3.19698995 0.08536083 0.16401133 0.05228957 0.89567129
23.44581365 3.43280704 2.20575954 0.05835267 0.06158163 0.44195675 0.08458928
49.98689827 8.65959152 4.21488417 0.08295980 0.06720766 0.39972322 0.26988733
51.73859131 8.41396657 4.67959465 0.09236015 0.06711821 0.25911870 0.32289673
56.31791634 8.12908770 4.72485893 0.08962108 0.06498865 0.33003417 0.28343954
56.94168833 8.73681420 4.83436970 0.08600260 0.05037412 0.30466052 0.39990620
55.99611342 8.74152301 4.88678826 0.06148434 0.05398573 0.18046562 0.11416342
55.00033473 9.68924414 4.52861980 0.08137952 0.06238446 0.50673500 0.33851248
57.89972115 9.62689128 3.87257654 0.07744847 0.06248676 0.25934978 0.24909961
38.31743235 2.13740785 0.81355784 0.06046931 0.11735553 0.76806947 0.99710988
55.82753556 4.19075073 2.42076087 0.06733193 0.18331140 0.48674469 0.34380451
49.03619956 1.49093881 0.68899829 0.04137770 0.07433981 0.43588077 0.64348893
54.44513296 9.26481961 4.19290039 0.08785262 0.05107827 0.21217711 0.12734936
51.95396785 9.30583747 4.57535070 0.09436916 0.07296907 0.45392411 0.20879534
57.45047606 9.43683113 4.34433728 0.07108290 0.05537727 0.41401554 0.26386964
41.96806860 8.75689611 4.76539127 0.04927890 0.19122799 0.57743387 0.23269171
49.89576959 9.13299086 4.38691534 0.08228290 0.07500476 0.37115843 0.23165663
57.27816250 9.15108372 4.62787855 0.09995903 0.06795741 0.39610032 0.48592871
38.86827458 5.43442935 2.92983658 0.02499140 0.17661440 0.42727394 0.22654711
56.04155228 9.97295645 4.36294677 0.07377508 0.05590176 0.31358378 0.29408793
40.08059647 2.16978798 3.26669230 0.08417105 0.09237296 0.40912021 0.17930258
53.09471770 8.08909096 4.39766641 0.08759063 0.07219101 0.25822715 0.21442454
52.10490744 9.29276025 4.55375742 0.06296127 0.05653257 0.29182222 0.37516909
58.86137472 9.54434974 4.12086026 0.09927754 0.05792733 0.16684896 0.36409140
56.54508673 9.08223525 3.81492029 0.09737485 0.06386393 0.64871200 0.12079153
21.14623322 4.07970293 1.21814109 0.05151201 0.10004211 0.61706357 0.91854794
32.81250537 3.57121679 4.56636086 0.03204388 0.16702287 0.50556601 0.41521162
58.81808582 7.91956963 4.63848982 0.09096419 0.06328715 0.32007790 0.21921204
53.14380034 9.25680682 4.12576127 0.07619353 0.06918974 0.38622519 0.21604796
56.07979414 9.24351280 4.92254191 0.08415074 0.12259316 0.78392394 0.45788279
40.96794764 4.88021458 2.84681106 0.02877528 0.13168793 0.31196737 0.26684723
20.02348862 2.77793312 3.40435648 0.00237709 0.14859989 0.18741178 0.48982443
30.05365347 1.04706130 3.78790435 0.02628077 0.14383621 0.79236686 0.60240527
59.86157874 8.54799099 4.02082933 0.09558051 0.06285974 0.17393317 0.09680679
52.51852717 8.60482894 4.87011572 0.08360773 0.06601669 0.43109037 0.20842184
54.89733121 9.44719700 4.16678639 0.05164989 0.06049838 0.63610306 0.52400337
52.08989420 8.92404920 4.66242081 0.09468311 0.06267999 0.13615095 0.10949828
36.98900907 4.14153552 3.08549440 0.01006831 0.09355000 0.12545467 0.82654287
54.37659769 3.39157179 2.92458699 0.09359997 0.15621143 0.73175006 0.75681043
55.45748699 8.28285720 4.07769056 0.09986101 0.05778965 0.23398911 0.14942296
37.82214085 4.90962098 4.98680109 0.01775317 0.17283271 0.88079169 0.94843677
59.43006255 0.76923377 2.28123108 0.04487279 0.08114445 0.97477240 0.75421608
57.55061520 9.04004742 4.12389770 0.06268222 0.07440899 0.15601750 0.34044403
52.36617923 8.41654648 4.97529646 0.07938227 0.06467147 0.13386478 0.11584057
40.80778006 8.37405562 4.14153276 0.05581870 0.10124229 0.09977004 0.55852252
56.99507619 8.55196726 4.55152060 0.05636337 0.17202987 0.57686413 0.53398442
56.27705699 8.80916629 4.16464047 0.06684569 0.06467222 0.04086807 0.02205790
56.85264077 7.59186634 4.04705534 0.09030827 0.05966132 0.33211380 0.21547581
53.68332467 6.74760617 1.62172051 0.09280514 0.11925356 0.52308255 0.49874232
56.40615171 7.20975712 4.31629047 0.08671304 0.05819401 0.35953046 0.32824857
52.72091487 9.11637902 4.07816989 0.07698832 0.06263447 0.43229017 0.32614648
57.27162802 8.09756923 4.87364292 0.08336530 0.06977405 0.22243904 0.42363008
55.98735446 8.34031132 4.68823473 0.06744813 0.05675854 0.16409051 0.01076671
54.10016963 8.73019152 4.48091342 0.07545061 0.05872694 0.17521601 0.58314777
58.34273292 1.82389532 3.84658263 0.09653413 0.15703992 0.36731298 0.41100161
55.12670996 8.59208067 4.31400132 0.07394692 0.05581844 0.25038845 0.03432458
50.78611679 9.21129881 4.32193253 0.07796178 0.06478741 0.47522825 0.26178036
39.47140303 7.43977221 3.32732213 0.02566999 0.06172801 0.67413990 0.28234915
50.49168749 5.56657738 1.46970568 0.04426612 0.14152825 0.82108875 0.88813474
52.48882550 3.36098797 0.81631895 0.04711441 0.07141845 0.53443934 0.04864596
48.93599261 1.29588479 3.15178077 0.08594119 0.10742796 0.05426616 0.52681765
53.13184153 8.48281801 4.13180515 0.09802558 0.05575036 0.34357615 0.10165416
52.12651590 8.89142469 4.53794892 0.08280128 0.06998965 0.18331745 0.56559797
33.02439738 1.90345604 2.60856953 0.03743687 0.16142670 0.42477767 0.42596567
59.02889930 8.00000155 0.73225053 0.06217911 0.08514480 0.82922023 0.36167380
57.54634150 8.61459919 3.75811389 0.09520104 0.07071018 0.26775096 0.27798266
50.97533097 8.39607813 4.65628415 0.07139554 0.07207728 0.29244396 0.29789920
42.91092645 8.67235742 4.38245362 0.04299754 0.08239980 0.82210935 0.00455649
59.81925036 3.06253977 4.52762018 0.02962777 0.11899991 0.18688533 0.57749154
58.99922087 7.63506556 4.18432512 0.08671310 0.08013659 0.34104365 0.19590452
27.07488666 1.44677005 4.30210582 0.07395082 0.16984953 0.19743510 0.17410016
45.36144214 8.59077713 2.54291482 0.00730544 0.13626699 0.38381914 0.90353355
51.42849498 8.90671873 4.16077327 0.06463747 0.07287770 0.45063057 0.31089293
33.34087402 1.33477982 4.02581638 0.07342048 0.06272322 0.55768024 0.68042336
55.32800554 9.26274438 4.31275803 0.06457962 0.05731256 0.36120247 0.02277026
56.28203042 7.97899859 4.19613954 0.09795300 0.06225983 0.21502357 0.16752645
30.66876804 4.57196107 3.49260845 0.04219647 0.16979171 0.92477797 0.86899248
26.69505918 9.37872448 1.07876812 0.03099847 0.15030903 0.17043686 0.69219968
55.45224411 8.85761515 4.50293128 0.05736623 0.05904722 0.30877968 0.17299441
50.30973632 9.30621223 4.43075821 0.09690001 0.05374839 0.23895198 0.19199243
58.11995472 8.23859197 4.42861971 0.05006476 0.05820327 0.71027467 0.58606140
20.05980176 8.79651416 1.82001327 0.00195654 0.10644204 0.24023894 0.32039080
59.86805514 9.13392957 4.14916793 0.06727819 0.05092212 0.22609477 0.36733024
57.67256603 8.09863177 4.65551614 0.09065840 0.05881954 0.28301795 0.22232917
55.70696933 9.08839183 4.80185195 0.08225910 0.06043409 0.39138964 0.30214327
53.27116854 7.98943097 4.81189358 0.07325557 0.07082413 0.41185899 0.23174041
57.91818515 8.84189877 4.34613241 0.08422157 0.05668783 0.48950334 0.34053760
58.95665779 9.32049775 4.11676294 0.09138756 0.05139220 0.48487033 0.21124863
57.86048114 8.14773748 4.81080993 0.09714335 0.05988686 0.14647125 0.40609870
41.17415949 9.30949865 2.78081270 0.09730175 0.17769475 0.07690622 0.18164870
53.83236354 8.19182842 4.33278807 0.09423234 0.05066400 0.29936236 0.39366899
59.97959816 8.88297615 4.66667809 0.09111458 0.06260831 0.20303330 0.48262419
41.09894607 8.74078925 2.53630314 0.06727685 0.16110035 0.67473974 0.67048034
54.06897160 8.73067625 4.49505117 0.07174249 0.05277943 0.29931228 0.25481544
35.40841623 7.62055767 2.15654832 0.00205104 0.17551767 0.63197045 0.82132869
55.78560980 9.86288391 4.80680284 0.09215996 0.05911976 0.41442559 0.26100245
25.80026477 0.27471347 1.94471737 0.04724662 0.19201704 0.92449855 0.54237384
41.12369207 6.36099636 2.92899683 0.00303933 0.10013416 0.20821446 0.96638435
59.51472480 8.28989532 4.68275632 0.09775930 0.05209973 0.41004144 0.49946046
46.86645037 9.06706263 2.46771315 0.06205201 0.16106539 0.87312337 0.89590472
53.65062300 9.51688437 4.75421632 0.09170970 0.05318815 0.36156956 0.22840645
38.82282064 6.99375455 4.23960173 0.08938587 0.06863465 0.42724444 0.33261980
39.08422587 3.23886823 2.87949647 0.02202435 0.14337915 0.71716647 0.52830600
28.84455602 3.47104449 3.24223989 0.02908854 0.09071375 0.85656443 0.69027366
57.46438656 9.38867630 4.40518977 0.06324661 0.05761037 0.23003412 0.17401772
57.73423445 2.89369426 1.59067368 0.05826542 0.14369265 0.87599982 0.39136285
54.78393721 9.91177835 3.51714105 0.09760244 0.05427468 0.19259411 0.39238578
57.77979854 8.04895823 3.92342766 0.09073898 0.06570659 0.19012616 0.14852549
23.40805736 2.14248815 1.64066906 0.04622801 0.10820230 0.89943350 0.44753335
31.41662025 8.36422788 3.61922717 0.05149583 0.09881610 0.48083077 0.30955758
55.45353856 3.65098626 1.14079886 0.03393886 0.16898390 0.74299304 0.17434718
55.50330393 7.78130603 3.74063592 0.09097507 0.05344658 0.25170099 0.14945272
23.46431689 9.05040081 1.68284729 0.03054394 0.09497378 0.75007001 0.09523292
37.75645663 6.93656701 0.81093609 0.07930971 0.13328349 0.25559226 0.66008280
37.51285270 1.94293351 1.87876094 0.01099437 0.07209023 0.37402865 0.59759277
55.09284328 8.65189740 4.36072317 0.06064617 0.05287144 0.18065059 0.26229737
28.95656166 4.55275103 4.58416341 0.05528188 0.05879479 0.95271787 0.81928792
58.10328322 9.01862096 4.25488093 0.06963431 0.06006351 0.20958663 0.40815258
54.39880625 8.33939128 4.54602737 0.07779194 0.05334206 0.45029623 0.27698754
59.00071350 7.76442448 4.30774418 0.08704022 0.05731997 0.30818889 0.39666175
56.72135203 9.88181827 4.03322654 0.04800544 0.05664300 0.53181314 0.67681894
43.52971834 2.19167476 4.01857591 0.06981802 0.09336413 0.21022279 0.66569231
