51.62775293 9.20800947 4.65424310 0.07191580 0.05915712 0.69647457 0.02827405
42.49859334 0.30568210 0.93853915 0.01088448 0.18683909 0.18920865 0.85988037
48.34077295 9.14128807 4.39299568 0.06104754 0.05099274 0.37018094 0.28962838
52.78182158 9.68036668 0.56281485 0.06382901 0.17098631 0.09031628 0.25978857
22.51583465 3.78951675 2.50489885 0.08531690 0.13060323 0.49664207 0.09385148
55.40219392 8.76362616 4.47112708 0.06092637 0.06208528 0.61042105 0.25545779
54.81255627 9.47703258 4.35498724 0.07041900 0.05445233 0.20506401 0.31616780
56.79290192 8.77160055 4.24891283 0.06367026 0.06719488 0.30489253 0.26137935
47.55557617 9.69310673 4.46490844 0.07958705 0.06327637 0.63660413 0.11569964
43.26813731 4.49008507 2.12992467 0.01230542 0.15474376 0.65988898 0.20623431
53.24833874 5.26032057 3.47774845 0.09272878 0.07350448 0.58561121 0.53849074
58.45288568 7.99725603 4.65584716 0.09222318 0.05560075 0.61711307 0.31594001
55.15982513 9.01667257 3.93332211 0.07548299 0.06416113 0.82049774 0.09748676
48.05487899 6.28739783 2.33625285 0.02612617 0.06542637 0.80058564 0.13700033
54.94572065 9.47644825 4.31871579 0.09280565 0.06159725 0.65551722 0.28582357
25.41914428 9.02063705 4.85595344 0.02072127 0.17007977 0.67862350 0.85084007
46.88114756 0.23659632 0.68287159 0.02736537 0.16808393 0.95323788 0.82963362
51.66333443 0.62656419 4.51444737 0.06010659 0.07336828 0.75194101 0.73053771
53.98598927 9.67773569 4.87597625 0.08137526 0.05637029 0.64144914 0.18456422
59.40084378 9.88034396 4.09819009 0.05225159 0.06301290 0.48129728 0.41713460
56.52213310 9.98601160 4.87854815 0.06601710 0.05446765 0.54479462 0.21426757
50.55586540 4.61232320 2.01505336 0.01723130 0.11573696 0.02691999 0.89622251
56.85115296 9.83391448 4.72966593 0.06766325 0.05426069 0.79951335 0.28985344
59.89457499 9.51205255 4.47945007 0.06055209 0.05733022 0.72208258 0.17332666
54.48199773 9.13070156 4.54228639 0.08865604 0.06362261 0.65251140 0.30858491
48.07128112 8.87893426 4.90181761 0.07990785 0.15299170 0.11805215 0.29732190
59.98467642 9.58394604 3.94901055 0.06283283 0.07609563 0.53036880 0.39999468
54.28757700 8.43157910 3.98787461 0.07422564 0.06978222 0.76476782 0.13323479
48.08028063 5.93438080 1.47448502 0.04484176 0.08613100 0.74685602 0.13285034
52.71834271 7.97041776 3.62210302 0.07390735 0.05038058 0.38940555 0.24356514
53.68740019 9.10877747 4.07195974 0.07022901 0.07310061 0.27866947 0.26840877
55.60510035 9.96886828 3.24942604 0.04781216 0.05183412 0.50754715 0.42949891
55.14430149 9.78931003 4.72276543 0.07572377 0.05888290 0.71493276 0.22910848
54.54236113 9.47031387 4.54270619 0.07919495 0.05738991 0.66548847 0.23910360
59.99822537 9.32144392 1.69743753 0.08505288 0.12465694 0.63526929 0.07099492
56.74371671 8.66285618 4.53403980 0.05155993 0.05009400 0.41912629 0.35703793
28.47317034 4.17582668 2.06797769 0.04146695 0.15787910 0.47492535 0.88291753
54.45392908 9.20852614 4.21097493 0.07519052 0.05415440 0.91373068 0.14340417
56.56670208 9.89536658 4.86193827 0.06375470 0.05666908 0.83415234 0.29775312
56.23088909 9.46822178 3.70679694 0.06537321 0.05250512 0.62769031 0.39163963
57.17167265 8.04353607 2.98089257 0.07149715 0.05167982 0.42007237 0.25567091
59.66658825 7.92268189 3.92269520 0.07034129 0.05178093 0.41056647 0.24020333
43.29113843 0.48457096 2.52777190 0.04082896 0.13947418 0.98696743 0.16841908
54.84711930 8.74438606 4.25199613 0.06929834 0.05065308 0.51266525 0.27884326
23.41896167 8.04687152 4.96450285 0.07056340 0.07223985 0.21245131 0.95308098
57.75623879 9.16995085 4.47558589 0.07298670 0.05628900 0.67382238 0.18677775
53.16360405 1.70931085 0.67324521 0.08964924 0.13154926 0.37398838 0.30947573
56.89729340 9.37237917 3.92540639 0.06149056 0.05260360 0.61199633 0.25267823
57.03131060 8.42113398 3.93473295 0.06838202 0.05772387 0.56601096 0.43482085
54.79578029 9.78084152 4.88871758 0.05867288 0.06594116 0.93445970 0.25287530
23.67378612 0.34984825 0.67864611 0.09896628 0.11161524 0.71683742 0.83883868
29.28078851 1.03225333 2.55550360 0.06903914 0.11899951 0.93522349 0.43200094
20.99680941 6.47828025 3.72131775 0.06500019 0.14816996 0.48870070 0.04079394
56.75319060 7.08922338 4.57435429 0.06585967 0.06127086 0.74517502 0.36119217
23.88683867 8.51236817 0.78864549 0.05629555 0.14294066 0.55902037 0.28914741
27.01372126 9.56492955 4.61532846 0.09118727 0.05384253 0.34654601 0.71364302
54.75690384 9.27078455 3.70265381 0.07548988 0.05389817 0.36843330 0.34251978
52.34041135 1.10703589 3.56542709 0.00819238 0.15230029 0.59762131 0.55291366
40.87780831 9.63521855 1.50550316 0.07641312 0.07935447 0.94010839 0.55122688
59.49348847 9.24669347 4.31164134 0.06484916 0.06770016 0.23357048 0.23496954
57.36415501 8.46743163 4.22683903 0.08353196 0.06421789 0.51349895 0.21064509
49.95982053 5.91128046 3.77514442 0.05935107 0.09824331 0.52615734 0.30335374
51.49322682 9.62192105 3.90899778 0.06435373 0.06993247 0.23805652 0.21822028
58.01820091 7.83118101 4.18253455 0.07596058 0.05358995 0.47690644 0.25369502
59.91359918 9.41391037 4.07843078 0.07027421 0.05591156 0.47947028 0.42172967
26.58624686 7.09255813 2.76518514 0.04511122 0.06061387 0.50349770 0.87346327
38.52810794 8.83722340 2.45401145 0.04272638 0.12724591 0.39344467 0.20013666
59.97668935 1.67946800 3.85214678 0.08732816 0.11437121 0.68896932 0.92840453
50.79833184 9.24514042 4.72639610 0.08326443 0.06869465 0.73094391 0.06168188
59.72277983 8.19332916 4.34454883 0.08123143 0.05189674 0.59692686 0.17219254
56.07594956 9.74880029 4.78368833 0.07597102 0.06876059 0.75195840 0.18829804
29.43414095 8.18663186 1.40451169 0.01042657 0.08911948 0.06847630 0.46473179
44.72335305 3.47078871 4.77041053 0.04145389 0.12291590 0.07556704 0.10659435
20.90325025 7.68492091 3.31563113 0.03610558 0.08388270 0.81185582 0.56317093
56.88333618 8.10899333 4.82974191 0.07922283 0.06445600 0.54825930 0.15034390
35.74835895 5.50575637 3.58749693 0.06878988 0.12891432 0.54729411 0.80138915
51.45753931 4.75569097 1.15346696 0.08036499 0.05507046 0.97483242 0.24346770
55.09099057 8.82605358 3.89239581 0.08137375 0.05536005 0.23802686 0.39975958
39.27038333 7.54421961 4.07559664 0.05357319 0.06036662 0.38895557 0.67977274
52.80866743 8.11067138 3.87566493 0.07641139 0.05432242 0.53710624 0.21794394
53.20419306 5.07178270 4.12388035 0.08052210 0.08794811 0.15638853 0.01353207
59.59296342 8.06627726 3.61737949 0.09437185 0.05574141 0.51497964 0.35588660
58.31536227 9.69503459 4.04599301 0.06232555 0.06355041 0.64248178 0.22466470
54.43204426 9.76704744 4.82932047 0.06093490 0.07017822 0.65706629 0.21707303
56.65200506 8.42576856 3.76367204 0.05367540 0.05458350 0.47450434 0.29310438
31.45623934 2.42220492 1.99183705 0.02355608 0.12484297 0.68130330 0.99698104
59.17617563 9.93507725 4.53800504 0.07327345 0.06601289 0.26333649 0.29636631
59.19832235 9.22775462 3.91397936 0.07370900 0.06577558 0.44735864 0.38057170
25.88820741 3.22073887 0.66937206 0.07814982 0.18636339 0.94785871 0.49424311
55.45971118 8.97844452 4.34893516 0.06660390 0.05480672 0.48219977 0.37902299
58.73698242 5.19825758 3.20013394 0.08453320 0.05815616 0.54785996 0.47196820
54.26484880 9.47109258 3.50448684 0.04040329 0.07321499 0.34221029 0.45408507
55.45133349 8.94027874 4.28303734 0.06560206 0.06611843 0.79969811 0.08680118
54.93387863 8.13379566 4.67568859 0.08302387 0.06231844 0.68480226 0.11149276
47.30385418 3.48830306 3.20628634 0.06111285 0.10729453 0.78952160 0.38622901
38.14144518 7.55433075 2.33144187 0.03208877 0.05618412 0.07205479 0.91822273
49.53632133 9.58690316 4.90506026 0.07114830 0.07188611 0.63387890 0.20523571
55.43085299 8.03249774 4.25774343 0.07598920 0.05916324 0.28996422 0.27880155
52.57211780 9.72758167 4.76652935 0.07052421 0.07382075 0.68038001 0.13451625
59.83915802 1.14203167 3.62218196 0.07776504 0.10432881 0.29056793 0.49518139
39.42989014 4.19497620 4.87021010 0.04280356 0.08048108 0.64097904 0.23426801
54.06887691 9.22261085 4.68510843 0.06504169 0.08515650 0.89389483 0.14624906
49.19674107 9.83292529 4.17287192 0.07736660 0.06180756 0.24267240 0.29894083
52.67789523 9.22135698 4.76633438 0.08324535 0.07623464 0.76177455 0.12733739
57.17822078 7.24394785 4.37701329 0.07526763 0.05595581 0.43521980 0.26779705
57.83956829 9.80175366 4.73654340 0.05858347 0.06727803 0.87063088 0.10775239
32.47523575 4.33616498 2.86923244 0.05235726 0.07383847 0.62417149 0.75952342
54.86796764 7.90899860 4.30018110 0.06925587 0.07792008 0.48731537 0.19727049
25.71706959 5.77594621 2.95759862 0.01539974 0.07878318 0.79204286 0.00136390
58.38357103 9.14417692 4.60946016 0.05928006 0.05547037 0.75286302 0.21570213
59.85026503 3.59647870 1.18110283 0.01758516 0.15992377 0.89078061 0.08585552
58.03370604 8.89525408 3.94918279 0.06097724 0.05228469 0.52313115 0.41054170
46.26926395 7.02834693 3.17093294 0.04323715 0.19505843 0.13663399 0.29467227
55.67035406 8.79040046 4.39000015 0.07870710 0.06185679 0.53987553 0.20847926
54.13958695 9.36141662 4.67089347 0.06646518 0.05670282 0.57034125 0.10580591
44.20959581 4.94321951 3.25453335 0.06825436 0.17689295 0.88543495 0.30877795
53.20676279 8.90195814 4.18477399 0.08086234 0.05596607 0.68552950 0.17223730
57.08297938 9.05403003 4.12891926 0.05358435 0.05686083 0.44914306 0.40091494
58.92703501 7.54139108 3.81485500 0.06975799 0.05043167 0.09936046 0.26969718
33.65673494 9.99535267 4.23687691 0.01441668 0.18888400 0.97658349 0.44620552
59.45712292 0.53923461 2.31956820 0.08208975 0.09278273 0.76552911 0.34231269
54.14721481 9.37264154 4.23494791 0.06919557 0.06695895 0.26493676 0.26088916
55.92977051 8.49404646 4.10268296 0.06662110 0.05133999 0.36712401 0.36898351
56.89000539 8.79321103 4.20579974 0.05558449 0.06181109 0.24910946 0.28148790
55.35360947 9.74779201 4.47774722 0.05369437 0.05240608 0.74893868 0.15225565
59.21213851 7.26745293 4.08350163 0.07417501 0.05669963 0.54833898 0.41731014
53.07793551 8.71971947 4.38105532 0.08699731 0.07867492 0.70798625 0.45726346
57.77706031 8.56330298 4.38327037 0.09480016 0.06081111 0.52896186 0.22627158
