101.21040940 11.28718940 8.04875211 0.15770950 0.05393646 0.88522161 0.63225008
103.00645923 11.40757969 8.44521382 0.14841422 0.06345881 0.61844953 0.55657191
35.06829641 3.89173262 2.19518335 0.03829403 0.10650611 0.37670741 0.37670741
77.68754185 19.04300895 9.73248912 0.07070685 0.05422394 1.51413269 1.14314950
96.37460118 13.68018011 8.03233427 0.16078967 0.08051437 0.77479815 0.74486393
35.78548206 4.06744310 2.27586673 0.04006907 0.10919556 0.39463705 0.39463705
73.05099596 16.98423186 10.01199262 0.08122455 0.05905317 1.48481611 0.96454470
42.94199939 5.82078985 3.08097493 0.05778145 0.13603250 0.57354998 0.57354998
54.31634858 8.60750540 4.36058922 0.08593296 0.17868631 0.85790871 0.85790871
70.95508612 21.04151035 8.33166137 0.02771091 0.05005136 1.41988432 1.10485144
100.00442953 10.89565633 8.45848271 0.16660451 0.05851383 0.68808783 0.85541348
77.78795944 17.91583105 10.49157391 0.07668980 0.05276264 1.60992904 0.93288461
71.37889758 17.72030635 9.18985967 0.07351253 0.06106766 1.50356524 0.94917715
48.39359056 7.15642969 3.69427894 0.07127414 0.15647596 0.70983976 0.70983976
36.67181457 4.28459457 2.37557914 0.04226274 0.11251930 0.41679536 0.41679536
84.96495155 17.98087918 8.40765490 0.12631409 0.07390082 1.35213488 0.86895555
77.95946750 17.57802379 9.85586810 0.08861741 0.06620278 1.39200350 0.90741308
98.69103477 11.29882909 8.62985747 0.16910962 0.06129490 0.75890001 0.77560589
35.12473271 3.90555951 2.20153243 0.03843371 0.10671775 0.37811832 0.37811832
98.96201905 12.28789957 8.42228686 0.14854196 0.06130064 0.55070008 0.59587840
86.32640156 18.24763991 8.02190695 0.15230880 0.05490777 1.26609968 0.85420296
70.47041554 19.09341053 10.18503964 0.06172288 0.05036718 1.45449395 0.99661855
72.83788436 17.75653425 10.17642671 0.08525027 0.05195383 1.44925328 0.87379790
73.86270188 17.93947312 9.25360180 0.06635484 0.05736743 1.54208054 1.07525987
98.82697399 11.65707883 8.35853736 0.13743420 0.05439700 0.53918220 0.54878038
75.11910236 17.93101608 10.18918084 0.06533699 0.05372826 1.53192413 0.97980166
77.44388972 17.53030837 9.82370820 0.09617099 0.05575536 1.41529433 1.02555036
85.95307355 18.38876486 8.33543221 0.12605825 0.07504362 1.37497747 0.85275164
100.75766280 10.42212228 9.09799421 0.16455240 0.05723324 0.83173445 0.89794124
93.65527850 12.56553599 8.38075738 0.15448663 0.06174854 0.56614269 0.64587618
78.81002310 17.35598863 9.51808476 0.07149059 0.05219568 1.63061511 1.12869685
96.92978444 12.92795183 8.16577675 0.15839651 0.06291840 0.78109273 0.69632228
32.09367868 3.16295128 1.86053885 0.03093185 0.09535130 0.30234197 0.30234197
23.87351670 1.14901159 0.93577063 0.01058695 0.06452569 0.09683792 0.09683792
72.78734803 17.56232512 9.72450869 0.06274031 0.05019869 1.69188521 1.03573344
101.49457723 14.58098941 7.60588376 0.15630824 0.06175176 1.38236842 0.72617547
69.52016494 23.33247053 7.89446923 0.06679243 0.05057605 1.38394144 0.97214546
68.88196346 21.63302072 8.25227436 0.02559457 0.06430623 1.50640945 0.87557626
52.02155725 8.04528153 4.10242519 0.08025335 0.17008084 0.80053893 0.80053893
96.30886031 11.23397484 9.01406758 0.15319437 0.06472112 0.70426688 0.58423464
37.66057588 4.52684109 2.48681479 0.04470993 0.11622716 0.44151440 0.44151440
65.95747649 22.24965425 8.89655541 0.07443816 0.07378109 1.53319774 1.25008684
39.67948016 5.02147264 2.71394152 0.04970671 0.12379805 0.49198700 0.49198700
98.17497569 11.86399211 8.38951121 0.14594965 0.06793058 0.67504367 0.72443519
50.54368278 7.68320228 3.93616431 0.07659561 0.16453881 0.76359207 0.76359207
45.51272881 6.45061856 3.37018199 0.06414400 0.14567273 0.63781822 0.63781822
46.41999676 6.67289921 3.47224963 0.06638949 0.14907499 0.66049992 0.66049992
79.43088510 16.32897226 8.32531601 0.14156958 0.07252987 1.24271730 0.84376219
99.17863132 12.25756539 8.37506217 0.16265697 0.06940069 0.79409627 0.74936792
59.90956724 9.97784398 4.98982632 0.09977618 0.19966088 0.99773918 0.99773918
101.32966163 10.19000536 8.75522753 0.16353009 0.07095762 0.83323530 0.85976900
20.19885001 0.24871825 0.52237063 0.00149215 0.05074569 0.00497125 0.00497125
46.55451213 6.70585547 3.48738261 0.06672242 0.14957942 0.66386280 0.66386280
40.83834738 5.30539511 2.84431408 0.05257491 0.12814380 0.52095868 0.52095868
98.88422404 11.98049847 8.45015465 0.16746606 0.07381123 0.73637711 0.72047574
95.71930340 12.56848545 8.29795123 0.14068991 0.05906419 0.50069058 0.55044134
91.33732561 16.93171449 8.19714485 0.14501312 0.05757549 1.58638921 1.02482591
43.11166498 5.86235792 3.10006231 0.05820137 0.13666874 0.57779162 0.57779162
69.00055299 21.11124762 8.41097187 0.02622815 0.05377871 1.43847428 1.12112159
73.42622967 19.20721254 10.01035266 0.08132424 0.05477530 1.71263365 1.15955049
101.73099693 11.60808984 8.19753876 0.15769858 0.05206725 0.66066677 0.70952083
101.78894742 11.03405896 8.26351818 0.16696793 0.05679086 0.72255862 0.95077484
93.66093125 16.43850874 7.80605193 0.14260606 0.07147426 1.35384747 0.85218523
93.33717099 16.72898924 7.43924292 0.14271558 0.05753307 1.54321644 0.94470754
29.14325549 2.44009760 1.52861624 0.02362956 0.08428721 0.22858139 0.22858139
96.60531686 10.62422355 8.53569677 0.16161845 0.07227448 0.74903449 0.92951852
87.04248760 18.75523918 8.39475886 0.15776388 0.05102724 1.25533174 0.74965311
98.58283695 12.76362666 8.40343955 0.14492932 0.05896225 0.79314141 0.85283019
44.90600875 6.30197214 3.30192598 0.06264237 0.14339753 0.62265022 0.62265022
100.48596470 12.22611430 8.46489954 0.14938683 0.05411761 0.48374468 0.59880897
101.61031889 10.22759297 8.56096582 0.16165499 0.06093060 0.83399853 1.07422678
72.07570274 19.75792193 10.58347044 0.07354008 0.05091805 1.63253265 0.98742191
25.36905339 1.51541808 1.10401851 0.01428841 0.07013395 0.13422633 0.13422633
76.36690291 17.72502785 9.73523424 0.08317246 0.07064539 1.51878516 1.11716701
56.61845188 9.17152071 4.61957584 0.09163067 0.18731919 0.91546130 0.91546130
69.86608763 17.38184923 10.14665063 0.08115495 0.05857329 1.39569723 0.89848626
69.89534021 22.09560169 8.78042352 0.06731832 0.05462518 1.50442891 1.18080004
85.56875168 18.73769929 8.67850848 0.12567548 0.07494875 1.49213801 0.84332284
72.55956504 18.11996552 9.15520839 0.07190923 0.05410311 1.47656981 0.96715731
53.08702955 8.30632224 4.22229082 0.08289040 0.17407636 0.82717574 0.82717574
104.02415078 14.91311861 7.86258740 0.14094312 0.05285408 1.10071819 0.53496068
38.03238348 4.61793395 2.52864314 0.04563015 0.11762144 0.45080959 0.45080959
72.38041322 16.87474518 10.03392225 0.07869712 0.07159554 1.45149611 0.90603989
75.89261540 19.19181562 10.04537102 0.07393735 0.05294341 1.49028562 0.95962961
30.37360030 2.74153207 1.66703003 0.02667466 0.08890100 0.25934001 0.25934001
43.68316955 6.00237654 3.16435657 0.05961584 0.13881189 0.59207924 0.59207924
70.00981009 21.32810314 8.37548799 0.01811478 0.06025495 1.53420956 1.13196873
74.87933243 17.15806029 9.89211777 0.08910204 0.06194956 1.40581443 1.03439336
75.63333789 18.90686576 9.48033956 0.07900792 0.05270235 1.47242699 1.03920913
101.48532333 12.57193589 8.53210061 0.15036130 0.06643448 0.41312268 0.57715144
109.69567850 13.47232750 7.37599913 0.13926961 0.05904234 1.10190230 0.44976665
98.66592961 12.72042257 8.11795061 0.16171457 0.07360272 0.77380090 0.71182999
90.18073945 18.70018894 8.52397405 0.14353942 0.06161800 1.36610562 0.93169440
25.10568619 1.45089312 1.07438970 0.01363657 0.06914632 0.12764215 0.12764215
70.52322672 15.61410043 9.68719622 0.13573882 0.06152280 0.97963989 1.01217216
22.12314598 0.72017076 0.73885392 0.00625479 0.05796180 0.05307865 0.05307865
76.31851873 17.74989423 10.07073688 0.07703508 0.05516408 1.47216775 1.04313811
53.82623177 8.48742678 4.30545107 0.08471992 0.17684837 0.84565579 0.84565579
74.55397082 18.60892953 10.45832027 0.05965024 0.06087219 1.50329818 1.07137308
99.66698596 11.47480770 8.62666019 0.16431927 0.06256819 0.78248506 0.94142445
98.27527035 12.54587108 8.19044694 0.13823464 0.05808269 0.62100863 0.71625815
80.56669398 18.74044841 10.68984706 0.07330764 0.06309385 1.62545325 0.95488078
77.03897851 22.70900831 7.99956473 0.05489720 0.05392708 1.31545844 0.99869515
81.74785563 18.38915445 8.33033883 0.12921149 0.06122688 1.38734364 0.84976886
37.48714068 4.48434947 2.46730333 0.04428067 0.11557678 0.43717852 0.43717852
97.12679808 11.64347533 8.49368541 0.16075282 0.05159367 0.79743352 0.72932856
51.60256600 7.94262867 4.05528867 0.07921635 0.16850962 0.79006415 0.79006415
101.05791606 12.11203256 7.97202022 0.13906413 0.07502556 0.61089670 0.46498174
76.39171956 18.43459251 9.72418306 0.08758597 0.07429390 1.45511085 1.03644689
28.17926719 2.20392046 1.42016756 0.02124369 0.08067225 0.20448168 0.20448168
73.67157896 17.80710607 9.19846885 0.07667145 0.07170606 1.44007160 1.01677335
97.32688602 10.72232839 8.65817974 0.15788401 0.05079190 0.74303626 0.80154962
99.63532364 11.50986055 8.81395790 0.14704908 0.05381307 0.64571863 0.54968957
98.34920608 11.02416513 7.97338933 0.15803479 0.06276041 0.86177109 0.82022315
31.16193755 2.93467470 1.75571797 0.02862580 0.09185727 0.27904844 0.27904844
69.16258800 21.27388774 8.34080855 0.02956476 0.06045363 1.55593593 0.89935130
21.98465748 0.68624108 0.72327397 0.00591203 0.05744247 0.04961644 0.04961644
106.59290367 12.44953497 8.38515315 0.15497498 0.05024750 0.85503517 0.88403890
72.68671752 20.60690305 8.12572260 0.03840698 0.06339850 1.53548504 1.09943352
103.52837341 11.58412453 9.23451813 0.14101731 0.05960556 0.71097675 0.62749238
74.83187917 17.62662359 9.51107136 0.08172410 0.06543730 1.54300154 1.11092938
35.31177921 3.95138591 2.22257516 0.03889665 0.10741917 0.38279448 0.38279448
29.12637968 2.43596302 1.52671771 0.02358779 0.08422392 0.22815949 0.22815949
54.93446888 8.75894488 4.43012775 0.08746281 0.18100426 0.87336172 0.87336172
83.50759246 18.26263250 8.43609410 0.12723141 0.07839048 1.42829093 0.94258138
102.33057936 10.33215981 8.45906790 0.15865990 0.05110672 0.83985501 0.88060996
90.36681468 17.68754640 7.84943929 0.13983527 0.06182887 1.56607728 0.97049361
37.38309447 4.45885815 2.45559813 0.04402316 0.11518660 0.43457736 0.43457736
