34.34420263 3.78426204 1.48360999 0.02535308 0.11621985 0.74539973 0.51056602
57.38491297 8.66872772 3.27301824 0.09825601 0.06291581 0.33458455 0.25790936
54.57648471 9.37015211 4.41769972 0.08005074 0.06802833 0.18916081 0.12096294
54.59897578 8.95880507 4.89540397 0.09223377 0.05198300 0.30237529 0.22015648
31.82532472 8.99548045 0.92583605 0.08736534 0.13213419 0.36782213 0.33236391
49.51841076 9.68953174 4.57748620 0.07664636 0.05907717 0.30118126 0.24085130
42.42925217 5.96734034 3.78793854 0.06236996 0.17970152 0.55929243 0.69883421
49.23922593 4.73933583 1.82993316 0.07290944 0.12987653 0.49009658 0.44169212
53.50185563 8.39422846 4.43112796 0.09681359 0.05618194 0.22501277 0.02568399
59.48421271 9.93390725 4.56964441 0.08780570 0.05837051 0.27187601 0.22921962
54.05738207 9.93948071 4.52858293 0.07278215 0.05649988 0.16384257 0.07011486
56.18137694 9.56930090 4.70536934 0.03728556 0.14511122 0.26291382 0.79535342
50.25357476 9.30892242 4.96014997 0.09493189 0.06242364 0.13417362 0.36159837
48.76617185 9.36393441 4.22867113 0.08391783 0.05467811 0.23013215 0.18190016
51.73659514 8.64853963 4.30370819 0.07185953 0.05252231 0.29921128 0.02646646
54.38910319 8.39409031 4.40962449 0.07657622 0.05394024 0.25014743 0.10705560
52.89984363 9.45072389 4.05236781 0.08892079 0.06678466 0.35545428 0.09569718
51.75103835 8.80278045 4.34264536 0.06986949 0.05797442 0.40582436 0.29737129
56.32329437 9.34923133 4.03042893 0.09667464 0.05970531 0.25023575 0.29838177
56.88647456 9.18207738 4.59183523 0.09633374 0.05961483 0.26246214 0.31638747
50.75518487 1.75772004 2.32087022 0.00222022 0.15643050 0.88441053 0.26710153
54.86669061 9.60100939 3.42755857 0.09704140 0.05421915 0.06725709 0.39285968
54.31950305 9.76254036 4.78434727 0.06510799 0.05455941 0.38385246 0.32411856
35.24086118 2.12888840 4.33159013 0.02338388 0.12312231 0.35641723 0.37740752
57.02843317 9.47905290 4.60596715 0.07392038 0.05983425 0.24033886 0.06655873
36.45575608 8.83861056 4.99639628 0.08283905 0.09235261 0.79483692 0.65427357
58.33659696 0.94894580 3.16782437 0.03166179 0.08655541 0.76854299 0.33684872
55.31337995 9.21245659 3.85993351 0.09475249 0.05958540 0.15105301 0.48931443
52.62878205 9.89609419 3.14025324 0.09612334 0.06146298 0.17191581 0.33469388
53.40451121 8.88060209 3.92290348 0.04766000 0.05198015 0.27967833 0.34741830
25.20068370 4.70140299 4.78992130 0.01818182 0.05995770 0.74037412 0.27793046
55.16140622 9.68653411 4.35085212 0.07030046 0.05830242 0.54504106 0.28273225
51.08165651 9.20513007 4.68921332 0.09101937 0.06824534 0.39079613 0.03987886
53.79991516 7.32725014 0.84682039 0.04475451 0.15356417 0.83040434 0.50974117
35.99021609 0.33886167 4.79483071 0.08797481 0.15452272 0.19262614 0.67162439
55.30861378 9.52851855 4.44081068 0.06603155 0.06388193 0.31697644 0.11183206
55.87588386 8.39509199 4.16956551 0.09039049 0.05474644 0.20257644 0.13721098
31.63769356 2.55487853 4.92118845 0.04509079 0.13532018 0.67897907 0.40729549
42.92234981 6.95927705 1.06481908 0.07442713 0.14673840 0.72004644 0.41688958
51.76162352 5.26723680 0.64480644 0.01547124 0.09685761 0.83544403 0.71660868
39.10433185 5.20180872 2.29859230 0.08852488 0.07831082 0.00238535 0.33790388
25.31076393 7.28222123 2.64835218 0.06563544 0.07263994 0.18435749 0.24090205
51.39759532 9.50877078 4.78443570 0.07349182 0.06488608 0.30379872 0.32193466
57.26502940 8.47469083 3.54007447 0.09371185 0.06702708 0.11553416 0.38962878
59.70262199 8.77157993 4.42245020 0.07041602 0.06714412 0.21950076 0.36421175
54.63368055 9.70277298 4.72281608 0.08769721 0.07628370 0.20057340 0.23681428
52.62968119 4.19263657 3.16531361 0.00293246 0.06831902 0.41064832 0.32588939
45.35739203 8.51332634 1.62588215 0.00605070 0.11631654 0.43349162 0.80076675
56.35145730 8.77215807 4.96011261 0.07533104 0.07257930 0.22066502 0.19183747
57.56310253 9.27759230 4.71239593 0.09591554 0.06069608 0.19758070 0.20216025
53.33462114 8.47186622 4.36735713 0.07673589 0.06209198 0.23446878 0.14805749
56.25819424 8.00213428 4.13143829 0.06854884 0.06069181 0.15222226 0.60262993
23.20476568 5.74169147 4.04253549 0.04084516 0.08676744 0.99712774 0.75001736
36.40489276 2.94531611 4.43229427 0.06981153 0.09501809 0.17671552 0.86674701
33.14208096 0.70413470 3.09808691 0.08940974 0.06336268 0.53739759 0.95770322
28.34210701 6.09866533 3.67072086 0.00497373 0.08343673 0.51982727 0.24231636
42.53409638 5.18058514 4.02778996 0.09385459 0.11211896 0.72493409 0.83163971
35.78522802 2.33228416 2.68109226 0.07805837 0.06985955 0.69329760 0.27689850
57.62426211 1.16445834 2.25805171 0.02238897 0.14408942 0.22261864 0.86476677
58.24806465 9.49312233 4.64021915 0.08921588 0.06566290 0.36759488 0.06048313
54.02901046 8.43928608 4.68561450 0.07670484 0.05131209 0.08145031 0.51746345
55.76005695 8.77091296 4.69907697 0.07506836 0.06360164 0.39294170 0.22622413
53.74792259 6.47839741 2.00887208 0.02301823 0.10766769 0.39055391 0.58966891
49.80455426 5.79212220 1.30473480 0.08964542 0.19089959 0.48925365 0.70677737
44.68317196 2.79744161 2.99155256 0.00644001 0.17652144 0.63976256 0.07104794
30.09025939 9.14892402 1.95251546 0.01034025 0.14172540 0.44044765 0.12134991
20.26009197 5.90525868 3.05175250 0.00128070 0.14171662 0.86801133 0.63597921
52.33990351 9.74630296 3.73578899 0.09162077 0.07100227 0.32609156 0.16798628
51.43202388 7.84575422 2.37536721 0.08583443 0.14408156 0.61208013 0.86312146
59.41531609 9.23273689 3.96036906 0.08788027 0.06091182 0.45736516 0.04012736
55.48661439 8.68967709 4.11238586 0.02379800 0.06817341 0.20242536 0.66462018
55.11204793 8.84297510 4.48634347 0.06642509 0.05053050 0.26055476 0.06950506
37.19480798 1.66783132 2.58254089 0.09088392 0.15703727 0.97101540 0.79162613
53.92797438 8.72831116 4.53475661 0.06865359 0.06338262 0.16807046 0.44093727
58.34423759 8.64676602 4.67501203 0.09020733 0.05736667 0.37685831 0.19462916
54.83213630 9.70639856 3.45327599 0.08883899 0.05791304 0.18277633 0.33192748
57.13269293 8.36712901 4.30672986 0.09956921 0.06200365 0.18845612 0.43140234
50.87288192 8.78075462 4.84832762 0.07764439 0.07138374 0.39732456 0.15917904
52.47814797 8.96626288 4.85734426 0.09268912 0.06476398 0.41708439 0.07367591
49.80480268 9.34432432 4.61518384 0.09078214 0.05900881 0.38858783 0.20322629
54.55914753 8.02914416 4.86509342 0.06691125 0.06776511 0.39848824 0.24095929
53.53006677 9.18772793 4.42989782 0.09677195 0.05821172 0.33656789 0.30687162
47.16469337 5.37659505 1.03614472 0.03872168 0.14908206 0.93736985 0.27010779
57.06168094 9.34994572 4.23567374 0.09841998 0.05080659 0.24838216 0.46165074
31.39759926 1.92126253 1.40480717 0.03159233 0.15794645 0.68911636 0.87247323
50.09488044 9.10619803 4.95640432 0.09206523 0.06091193 0.08812254 0.22837116
28.81821883 9.70024795 4.73597250 0.02508067 0.19839727 0.99972057 0.38620796
50.30725698 9.11903183 4.19024488 0.07229260 0.06107897 0.42209664 0.33466003
55.97854768 9.29329309 4.14381018 0.06671255 0.06316356 0.30368705 0.12562314
21.07417866 6.15026919 4.96187197 0.06263989 0.19720727 0.81619501 0.03622564
55.39744915 9.23588578 4.27663126 0.09122365 0.06882365 0.30459970 0.07931647
57.54130045 8.20437631 4.35233185 0.07978812 0.05831172 0.49723427 0.16839115
55.16069358 8.70263950 4.54171864 0.07438590 0.05768119 0.30430735 0.25955025
55.85464604 9.88746281 3.85896637 0.09427643 0.05249648 0.34548863 0.26530562
24.75072072 8.47979158 0.74554013 0.03417121 0.07765447 0.92347106 0.59424528
25.36008554 2.96857674 2.40531637 0.08241230 0.10581443 0.80342164 0.46753501
25.14489038 5.43827572 1.49841203 0.08735702 0.05452693 0.49229690 0.20405765
32.50717098 2.76031660 0.66869368 0.00275485 0.15749152 0.97484335 0.73147625
57.94705734 8.19003751 4.43212630 0.09747999 0.06427921 0.22133572 0.23421023
53.69128948 9.55831395 4.52378474 0.08279472 0.06629656 0.44779861 0.22853231
55.44646835 2.29388742 2.71228529 0.05301657 0.07935350 0.13003026 0.88387648
53.93685500 8.18537055 4.47948383 0.08576004 0.05080095 0.11567357 0.06622594
59.68376971 9.02004633 4.45773374 0.09339395 0.06988616 0.40342370 0.55378501
48.32562186 9.54553379 4.56693846 0.09025297 0.06596552 0.49188602 0.13447108
56.42449124 9.72051875 4.51339247 0.08688522 0.05249046 0.37462689 0.29491873
51.24094850 8.93266008 4.88639338 0.09650531 0.05009457 0.45048489 0.15650195
31.04835241 3.59653894 3.41868858 0.03375582 0.16807107 0.02698644 0.99476951
25.84105269 3.85138457 3.82785710 0.08547028 0.13320520 0.75633330 0.35111665
53.78854500 3.20703164 3.64709250 0.07423153 0.11364951 0.91727187 0.97104248
54.97168640 8.19523246 4.50050111 0.09672171 0.05026672 0.09084973 0.46717056
56.30316463 9.90833913 3.52524536 0.08978748 0.05990303 0.13554806 0.36230700
35.83025753 3.60218607 2.59624579 0.06552434 0.15354464 0.63507024 0.40207896
56.11739307 8.09264729 3.87684882 0.09467009 0.05131244 0.17307227 0.53397634
55.28261264 8.66850527 4.47254583 0.09021299 0.05753603 0.28756491 0.17206486
49.15953988 6.89374496 4.02545343 0.07347947 0.12756545 0.39227670 0.15954443
52.11292674 5.43367324 0.80507039 0.05086197 0.15160496 0.50766747 0.37688356
39.54509968 7.01867984 3.01844565 0.07860724 0.10792858 0.91371282 0.58210327
51.88386203 8.76140319 4.10690302 0.08437744 0.06469951 0.45686240 0.31678682
53.87106615 9.35485901 3.84485662 0.08285327 0.07225348 0.31036182 0.32733957
51.17627565 7.96324632 4.84606329 0.09622902 0.06736008 0.19930047 0.07834617
58.69300722 9.85727861 4.27869658 0.05633213 0.05048537 0.18082024 0.12230854
48.03941178 9.37539351 4.93946250 0.08771434 0.06702560 0.11682408 0.24181860
56.22403341 8.80232855 4.61410456 0.07802331 0.06014672 0.34006001 0.22375583
49.37762814 2.77020111 2.90372375 0.02553385 0.06693847 0.33254194 0.83721521
59.55933255 8.98870477 4.45281227 0.06462458 0.05731173 0.41454357 0.47424530
54.65446857 7.98357971 4.61492100 0.07368374 0.06284777 0.30863011 0.20980805
26.80870464 2.05938591 1.61055913 0.04375148 0.16270508 0.89919472 0.46610983
32.54770128 1.81667309 4.57343626 0.03073418 0.09256339 0.12905873 0.05725207
