37.25019855 4.42629865 2.44064734 0.04369424 0.11468824 0.43125496 0.43125496
105.11360599 14.39500045 12.59639143 0.19000443 0.06427754 0.32257744 0.77853138
91.68887411 17.54957837 10.82937679 0.18300618 0.05455665 1.01917862 0.71335018
109.44242629 11.94036818 12.15411523 0.18367862 0.05393737 0.26584573 0.94169561
107.82230015 12.05794318 12.28022784 0.18215075 0.05650448 0.27766954 0.77656211
125.70639950 15.58059668 10.84635883 0.18116938 0.05786946 0.42674609 0.59021592
122.25980225 16.11526554 11.01740427 0.17971434 0.05648295 0.43244904 0.64906885
63.43587054 26.16637379 10.70381853 0.08568234 0.06046150 1.67751909 1.05565522
100.28867795 13.29132288 12.46267744 0.18072010 0.06681355 0.31813667 0.72641577
71.38077026 25.80250815 11.58674727 0.07307254 0.05434958 1.56678949 1.35189494
82.73073131 24.02445326 12.04287401 0.04263375 0.06716255 1.30320403 0.84013737
75.88309837 23.68820648 11.90254283 0.09959238 0.05781006 1.48466268 0.91827990
36.50877393 4.24464961 2.35723707 0.04185922 0.11190790 0.41271935 0.41271935
86.58829366 22.73639902 10.93907132 0.09592983 0.05396734 1.46710263 1.19770311
36.97090305 4.35787125 2.40922659 0.04300299 0.11364089 0.42427258 0.42427258
98.17619624 12.90303743 12.10732352 0.18058244 0.05423065 0.60184284 0.61349077
27.62408583 2.06790103 1.35770966 0.01986961 0.07859032 0.19060215 0.19060215
90.06299018 17.71040008 10.78098550 0.19038150 0.06430599 1.03802402 0.67615651
76.56763892 22.51778057 10.70074332 0.05564829 0.05990698 1.22853266 0.83845780
72.47407576 23.57156781 10.87545104 0.09915215 0.05314732 1.51527414 0.99613632
108.86553863 14.69291003 12.96984497 0.18051908 0.05431728 0.29260590 0.73538837
71.07951129 24.53332806 11.85613583 0.06648064 0.06599419 1.57557778 1.35173521
36.66727887 4.28348332 2.37506887 0.04225152 0.11250230 0.41668197 0.41668197
103.12873291 16.18486392 12.47128171 0.15180578 0.07402840 0.23285575 0.66028480
52.32308147 8.11915496 4.13634667 0.08099963 0.17121156 0.80807704 0.80807704
91.67647411 14.72443728 11.44558397 0.19868768 0.05750299 1.08254520 0.67258270
99.84191275 15.64259595 12.46745411 0.17810300 0.06226203 0.29646757 0.75747304
119.82888206 13.46263634 10.57466415 0.19131725 0.05119928 0.37375045 0.56913950
121.92790796 13.87075823 10.30412740 0.18187627 0.05432825 0.40670855 0.53335910
49.32739168 7.38521096 3.79933156 0.07358529 0.15997772 0.73318479 0.73318479
124.01722179 13.30900131 10.44527078 0.18190782 0.06705266 0.28997670 0.50981595
87.81176033 16.89652516 10.62619507 0.18789811 0.05260269 0.99403231 0.70581115
89.44233872 16.74058502 11.14617836 0.18616141 0.05039159 1.18647422 0.73551628
73.17867960 23.70708099 11.08519208 0.10864366 0.06207250 1.51394235 0.92754579
117.45462879 15.86697756 11.13399480 0.19337193 0.05230348 0.38694669 0.60020772
83.86580303 23.63252886 11.98401483 0.04749586 0.05266394 1.29547879 0.84794185
35.30186851 3.94895779 2.22146021 0.03887212 0.10738201 0.38254671 0.38254671
67.52334466 26.54050185 11.16278526 0.08878893 0.05078761 1.57164828 1.29634928
120.94166880 15.53407524 10.80247137 0.19378548 0.05202972 0.50668268 0.54447338
83.19793169 17.25938020 9.96675407 0.18275928 0.05450430 0.79529216 0.57851355
110.36092693 14.77102467 11.93698303 0.14371907 0.05117475 0.61032745 0.41201787
107.92868575 14.40651200 12.53452555 0.17561231 0.05591460 0.34458421 0.83197243
109.06544698 14.92593218 11.28916090 0.13842557 0.05255607 0.78631374 0.42916652
85.68450482 20.67798552 11.08095217 0.09271878 0.05998263 1.49040289 1.16758740
82.38223530 24.23656871 12.13478098 0.04657726 0.07413909 1.36927805 0.76645170
74.41332667 22.21112932 9.81133094 0.11458382 0.05544551 1.43867455 1.34865848
82.38655281 23.52035429 12.05080481 0.04365499 0.05147758 1.33593526 0.90241360
104.49646310 12.93176568 12.81478270 0.17828152 0.05249382 0.32250673 0.82160335
88.26239188 16.36876701 10.99123304 0.19415156 0.05327703 1.23651477 0.65524109
97.43200132 13.95478494 12.43955464 0.17395395 0.06594254 0.26086784 0.70831998
76.13423335 24.53701556 11.15756247 0.12142737 0.05155787 1.53144427 0.94369939
49.37407849 7.39664923 3.80458383 0.07370084 0.16015279 0.73435196 0.73435196
29.08301499 2.42533867 1.52183919 0.02348046 0.08406131 0.22707537 0.22707537
87.54946027 16.45935639 11.38860438 0.19610077 0.05141767 1.05035464 0.88171943
83.22295872 23.82775994 11.94784673 0.04752464 0.05538055 1.31599467 0.87212558
32.91324389 3.36374475 1.95273994 0.03296028 0.09842466 0.32283110 0.32283110
65.20344688 26.02459423 11.33015875 0.07731820 0.05392437 1.68025612 1.28487317
55.81664951 8.97507913 4.52937307 0.08964621 0.18431244 0.89541624 0.89541624
111.43400227 16.04966988 11.44845571 0.15170894 0.05500241 0.51257556 0.48738440
88.13869806 18.33288587 9.36123027 0.15521130 0.05143124 1.87052071 1.08905493
58.87780565 26.50430342 11.08787527 0.07396047 0.05263694 1.70498925 1.11859211
91.22241749 18.07764658 10.28131452 0.18594892 0.05182834 1.28344861 0.59182904
83.01178497 16.91903913 11.28049822 0.19981756 0.05980418 1.36821764 0.87606387
62.31572220 26.87021033 10.89748901 0.08745933 0.05644807 1.61441991 1.03709032
71.86360065 22.90554397 11.20944733 0.05516210 0.06134559 1.32352057 0.93435727
78.60741912 20.95327345 11.07759071 0.10205053 0.05113824 1.61055410 1.20057812
77.73127365 23.28789110 11.28070766 0.05508159 0.05263794 1.26068732 0.98838921
74.50047340 24.72526614 11.48642219 0.03962797 0.05538383 1.20832666 0.94517469
105.19576453 14.29588557 11.61460882 0.15174837 0.05644403 0.38992899 0.66231130
86.38018608 19.18164921 10.26675179 0.14357886 0.05183866 1.59114795 1.15375724
80.14831526 22.05075383 11.60385004 0.08722815 0.06042567 1.57340520 1.27080058
84.91519881 24.60173909 12.08458001 0.04387070 0.06358118 1.36532810 0.87287017
101.86983924 14.92167407 11.74496883 0.14480110 0.05135897 0.31672897 0.77916342
53.38043160 8.37820574 4.25529856 0.08361657 0.17517662 0.83451079 0.83451079
110.78066351 13.91922560 12.49580060 0.18390530 0.05951631 0.39656731 0.79385597
105.25198919 13.68683608 12.62529889 0.17028347 0.05561532 0.48563774 0.93627733
75.46396953 22.43214951 10.38564807 0.11913967 0.05751347 1.44305212 1.26059475
61.43410270 26.65016842 10.88279523 0.08485904 0.05725675 1.71839387 1.11993061
85.72108464 16.07324533 10.81698491 0.19716895 0.05668201 1.44768031 0.76986668
36.74419235 4.30232712 2.38372164 0.04244188 0.11279072 0.41860481 0.41860481
81.82261526 22.27085644 11.76412347 0.09016132 0.05987069 1.50270810 1.28486692
44.19344071 6.12739297 3.22176208 0.06087877 0.14072540 0.60483602 0.60483602
50.41513446 7.65170794 3.92170263 0.07627746 0.16405675 0.76037836 0.76037836
103.34909581 14.00944079 11.71392289 0.15137945 0.05024546 0.27548075 0.65821695
109.86310056 12.09462846 13.09866419 0.18237602 0.05361523 0.19771123 0.89798617
49.58750367 7.44893840 3.82859416 0.07422907 0.16095314 0.73968759 0.73968759
82.76449102 18.82820441 9.81302773 0.13431512 0.05708525 1.77194223 1.21319023
37.59056493 4.50968841 2.47893856 0.04453665 0.11596462 0.43976412 0.43976412
104.65181803 11.42567638 12.34025762 0.18371981 0.05172994 0.24572229 0.75374078
27.01613799 1.91895381 1.28931552 0.01836494 0.07631052 0.17540345 0.17540345
82.37580421 23.12955261 11.83746682 0.05096687 0.05487919 1.38149450 0.74290242
106.97433233 14.32223689 11.09874087 0.14119519 0.05870811 0.70508063 0.43815799
74.60774367 20.74386391 11.42326475 0.09877664 0.05530391 1.58741284 1.25004157
87.34422918 16.66009035 10.04598097 0.19615896 0.06101837 0.83870854 0.72875419
27.23195158 1.97182814 1.31359455 0.01889908 0.07711982 0.18079879 0.18079879
100.86072696 13.97140985 12.23054214 0.14508954 0.05752164 0.20180966 0.67997735
62.45951441 25.90558995 11.27065803 0.07588393 0.06495187 1.62600573 1.31378183
87.73409470 16.13993817 10.27735753 0.19348647 0.05620313 0.82732143 0.65437507
109.37195930 14.21888273 12.24946066 0.15669375 0.05564339 0.47636545 0.75772633
50.11224075 7.57749898 3.88762708 0.07552780 0.16292090 0.75280602 0.75280602
81.19464582 19.93882104 8.77276076 0.15843914 0.06446143 1.86427016 1.04880659
118.91162504 15.32903091 10.70828248 0.19067229 0.05803526 0.37466017 0.68501231
126.35105869 15.09756202 10.91222874 0.19102107 0.06296097 0.55732662 0.55553224
53.33698701 8.36756182 4.25041104 0.08350904 0.17501370 0.83342468 0.83342468
110.72298762 12.69155708 12.00685769 0.19021036 0.06540896 0.31397086 0.88263459
88.41628534 16.59577988 11.31056448 0.18774858 0.05161198 1.22162578 0.66207839
105.50851861 15.21039266 11.31627886 0.14265558 0.06399657 0.34864698 0.51057947
102.49520889 15.36298157 11.75062010 0.14375365 0.05543788 0.24033088 0.65941562
106.99114514 14.59125710 11.39242016 0.14014195 0.06705574 0.65568016 0.45420187
79.29630362 24.00264863 11.72013763 0.05163332 0.06305640 1.32571191 0.91323945
84.94285886 20.00660902 9.78876778 0.13356341 0.05055774 1.77531810 1.17755528
76.49300377 23.93843396 10.70591264 0.05346735 0.05204666 1.44173031 0.84962795
86.79559052 16.75504728 10.53256797 0.19264394 0.06359693 0.81988197 0.63886502
23.81208190 1.13396007 0.92885921 0.01043490 0.06429531 0.09530205 0.09530205
73.30643498 23.50726799 10.48756284 0.06479166 0.05124904 1.28957486 0.93938738
79.66207865 22.28380682 11.36506536 0.05074741 0.05014880 1.41033804 0.97299276
87.59354011 21.22973734 8.95475593 0.15992096 0.07333058 1.91126859 0.99436463
78.40424957 23.28206680 11.37477958 0.05585186 0.06614763 1.35873727 0.96567086
72.77166678 25.66011395 11.77697227 0.07416686 0.05767969 1.51166537 1.44882961
37.62637193 4.51846112 2.48296684 0.04462527 0.11609889 0.44065930 0.44065930
108.48106911 14.93330356 10.79664545 0.15478262 0.08210655 0.57984698 0.42353545
52.46932036 8.15498349 4.15279854 0.08136157 0.17175995 0.81173301 0.81173301
72.28023129 24.15907548 10.88648660 0.04445738 0.06640087 1.27674698 0.84493145
54.18847559 8.57617652 4.34620350 0.08561648 0.17820678 0.85471189 0.85471189
102.46706667 15.94379853 10.87059689 0.13525552 0.05127844 0.19588287 0.75300965
108.57782105 11.67934027 11.70687944 0.18612891 0.05407106 0.31578145 0.81595634
61.10595732 25.95631005 11.19671851 0.06832007 0.05452378 1.66863264 1.32071223
86.86310531 17.71865944 10.34819957 0.17950946 0.05438153 1.06424968 0.65239145
