56.68886126 8.54535883 4.16591402 0.08704284 0.06501014 0.34586318 0.09737372
29.78738628 0.45156309 3.78194831 0.01972692 0.05692571 0.61367837 0.35446927
56.80360123 8.58042293 4.07140292 0.06019488 0.06122377 0.46300345 0.24848331
55.23943831 8.66282536 3.82051436 0.05751635 0.05296786 0.84922464 0.37633417
51.49873224 9.36363730 4.24948157 0.08390457 0.06223791 0.36179722 0.43597690
54.87400188 9.73814297 3.88885500 0.09859407 0.05992582 0.40620919 0.14770408
21.55841121 7.09774154 3.36445744 0.07244933 0.07201661 0.11832450 0.54719513
42.86600026 4.19485660 2.88104292 0.02335972 0.09527904 0.26337736 0.75203803
39.40271036 4.80328009 2.03786163 0.07613445 0.08760111 0.57988767 0.85146942
42.92453708 7.92237570 4.68373610 0.07732526 0.06540540 0.23195368 0.06632282
24.90485354 3.72264789 3.70943952 0.04758387 0.11036976 0.29401587 0.11087878
53.15325904 9.02284806 3.81418173 0.07061554 0.05684584 0.51648017 0.16738883
36.09065369 3.52408976 4.35062987 0.07676163 0.10559173 0.14379601 0.77620171
56.39266812 9.58151429 3.56023737 0.06057371 0.06274692 0.59020378 0.56945538
56.77426154 8.99821255 4.58004979 0.03404812 0.05355662 0.73548746 0.72105640
27.95217646 1.79757108 3.56836083 0.05002441 0.07284082 0.96786221 0.86601513
59.90958718 7.71714874 1.55152199 0.09795841 0.19023222 0.73063004 0.40938444
58.45797910 0.54396706 1.65168581 0.07562023 0.10528632 0.70437565 0.50520028
48.73887927 2.28123457 4.71846518 0.05670260 0.16652056 0.79230471 0.70176470
25.20296378 0.69357631 1.37501929 0.07630134 0.05255917 0.75124857 0.72467536
43.71796907 3.58848479 4.23610462 0.04246161 0.06826424 0.76076463 0.42264920
56.37205840 9.00965054 4.10697113 0.07821839 0.06310871 0.18642744 0.17756299
26.90250488 5.40969244 4.29570783 0.04816931 0.18808538 0.78523660 0.17003283
56.65947610 8.27382224 3.75596865 0.07993582 0.05842428 0.35493652 0.05206506
55.61219972 7.69904474 4.71740467 0.09619936 0.06990459 0.29933743 0.17217062
57.20040643 8.99687926 3.19299095 0.07261966 0.05173210 0.56533805 0.47874490
28.87293085 2.42849669 0.81221424 0.08025357 0.16494180 0.54330355 0.85119062
24.26021765 9.68867437 1.09714998 0.03050733 0.07012891 0.15892077 0.19527186
21.07521063 8.22330976 0.63498780 0.06398630 0.14637295 0.08987985 0.82900090
31.22519996 4.35136398 4.09852881 0.03580768 0.14127273 0.81811733 0.90749605
53.83618850 8.59448764 4.33627265 0.05775198 0.06523993 0.36995939 0.21927666
55.57929925 9.45301234 3.33295123 0.08139215 0.05229145 0.62370631 0.51297650
59.50003455 9.13435220 4.10796954 0.05800561 0.05615770 0.45147766 0.75322656
42.93153056 2.36172973 2.35514939 0.01897669 0.05139853 0.64247022 0.74949621
31.47984791 6.80847481 3.83292039 0.07082633 0.12800425 0.57430709 0.51333788
43.50510802 5.93021242 2.57173466 0.09331331 0.14163558 0.50940799 0.32959168
39.52685661 4.40739285 3.37576322 0.09463803 0.13317867 0.66459804 0.86797259
51.86753856 6.59836036 0.80300467 0.03861266 0.09755296 0.27143826 0.20508792
58.54897714 3.86538299 1.48347571 0.07988358 0.11616081 0.07258967 0.82925109
25.07989901 4.81169781 2.34649355 0.03972451 0.05643369 0.32420445 0.05698748
30.01777339 8.58246752 1.42924065 0.02680190 0.14620050 0.35882411 0.81095402
47.72173091 8.74852532 2.81633624 0.06630243 0.06325864 0.35250463 0.69456139
44.13864159 1.64816747 3.94399171 0.06969688 0.06948761 0.44531372 0.22318619
40.64535164 8.12915844 2.76434547 0.01129129 0.16540100 0.80383167 0.54146829
57.89683017 8.32075209 4.70577935 0.03201732 0.06390158 0.45529447 0.47669970
59.31323170 9.74961514 4.03034252 0.06932610 0.06351999 0.62670016 0.62991379
56.60190150 8.68166679 4.23637410 0.07748166 0.05511177 0.65633652 0.72933936
49.60898474 1.19283072 2.59521993 0.08618296 0.19549989 0.73711798 0.89288024
50.80055289 6.81218270 4.42776745 0.09930030 0.06027215 0.36241878 0.16822650
59.62176827 9.21787349 4.66605565 0.03465357 0.05459214 0.60756763 0.53028471
44.61247076 9.27044117 2.23990085 0.03844707 0.07742036 0.19317683 0.46399066
29.62406447 5.15816010 3.66731783 0.03007673 0.09624386 0.25569354 0.91237767
40.89587480 8.99702875 0.52485104 0.05812345 0.09095611 0.83794456 0.22566809
58.36696292 8.66552091 3.74136670 0.05815111 0.05665570 0.48715245 0.81507495
34.11736623 0.65729527 0.89764076 0.02378097 0.12722663 0.03206892 0.52874391
59.39111315 9.10094825 3.94524211 0.06227442 0.05569177 0.58461748 0.56742074
29.62834921 8.38021121 2.99103879 0.02607721 0.10761217 0.84466484 0.71881821
33.00266052 0.94638566 2.60029924 0.04547924 0.13120290 0.49374886 0.33922650
55.83943522 7.63050521 4.69204094 0.03874674 0.05607990 0.73126330 0.39801997
22.19251488 7.74053141 4.37434744 0.03801563 0.13003621 0.21504605 0.38236197
57.39814205 8.72218669 4.77029467 0.05242093 0.06455256 0.56734333 0.69495959
53.95649849 9.13692295 4.28118899 0.08752309 0.05287894 0.34765152 0.03531305
51.25562616 9.58228999 3.23586198 0.07236129 0.05460203 0.80860964 0.92359272
58.50756887 8.92662398 3.40800870 0.06312310 0.05551066 0.62783895 0.58799138
56.27753398 8.48140101 4.28804872 0.08659373 0.07226202 0.22841011 0.21132767
36.62267572 4.47468552 2.43803767 0.07750130 0.17459469 0.75067825 0.44901248
53.72775761 9.47276767 4.55733249 0.04779852 0.05693949 0.58176249 0.56709128
51.68282537 8.70692643 4.74197375 0.04776197 0.05024517 0.46957928 0.26824112
55.91900089 9.45094005 4.06564495 0.08630874 0.06859799 0.15510171 0.15791347
54.95734383 9.13451565 4.03476738 0.05647061 0.06347296 0.79451693 0.34838083
48.97690602 9.29304923 3.98637700 0.05668678 0.05093900 0.83351736 0.45629320
59.18638399 9.15046756 4.75669870 0.09783955 0.06934401 0.51453241 0.46943392
51.73857730 8.76013826 4.37934703 0.08694414 0.07127426 0.33804766 0.41713174
44.83003514 6.98675788 3.39618945 0.09917690 0.18117836 0.14824925 0.49372501
46.61379227 9.25761379 2.92025074 0.09748054 0.17886202 0.55926404 0.32385578
58.94498070 8.86544291 3.95416556 0.08610520 0.06237580 0.27964588 0.15463371
55.14925400 9.11206118 4.40026006 0.08158553 0.08372107 0.51546806 0.22497710
53.14559815 9.41893493 4.09407340 0.03644558 0.06746182 0.48911714 0.37685709
52.94309274 9.11378437 3.87135252 0.06157074 0.06053674 0.74578234 0.25571570
54.41151759 8.93224702 3.65259309 0.09444968 0.05583617 0.21141613 0.18660341
20.55182153 3.68445358 3.10237698 0.09771861 0.17558884 0.07190948 0.85263619
57.57251366 9.49497836 3.83489069 0.08511210 0.07679766 0.30078262 0.20608181
54.87932743 8.96836474 2.87813729 0.05346064 0.13225758 0.40678081 0.56297158
59.60102825 9.35461462 4.68096095 0.03890419 0.05645712 0.77700942 0.44979154
49.62747130 9.67169678 4.47083720 0.08424422 0.05969019 0.15023961 0.40365947
53.19770539 4.96247199 2.21427261 0.08261331 0.16192841 0.72300331 0.11558534
56.35944595 9.87885858 4.56536035 0.06796729 0.05340390 0.78371210 0.53594080
59.10095471 9.41391318 4.37994885 0.04421206 0.05431959 0.46720121 0.38112047
42.57052091 2.96839410 3.00657105 0.05635648 0.05854513 0.81589959 0.13614667
57.05412763 2.23472457 3.78479901 0.03271456 0.16367253 0.44275664 0.92305259
57.47691380 8.86731703 3.88832087 0.07116499 0.05843246 0.57673592 0.60186287
58.88696922 8.41557671 3.70744722 0.08182687 0.06046547 0.53671217 0.51612179
58.12461707 9.25379351 4.55761789 0.04620323 0.05962516 0.46909017 0.38470157
57.47757742 9.37853667 4.44840101 0.08403884 0.06194039 0.43515981 0.16619923
56.14770850 8.98822268 4.40819620 0.03979802 0.05859414 0.62251171 0.72495076
58.82139467 8.02855612 4.38775714 0.08657675 0.06676788 0.30097867 0.20920750
51.65014496 1.63530806 0.92087100 0.00340391 0.09822359 0.31996854 0.17625832
57.36264952 3.35578782 2.02153786 0.01836925 0.12863514 0.88340869 0.69355289
49.88182621 8.06788600 0.84567576 0.02695605 0.06969498 0.93022531 0.15112101
54.02406440 8.57299005 4.59374953 0.06857326 0.05182420 0.11391339 0.26643226
36.14197370 5.63745709 3.56573387 0.04904612 0.05286960 0.44988493 0.67258855
41.96257345 7.60368723 3.78261159 0.06144530 0.06801582 0.07036095 0.83160579
59.21810100 8.60367600 3.97286127 0.07796475 0.06301325 0.66587184 0.62101518
47.01387138 1.88092099 4.34894778 0.02902234 0.13915622 0.47005725 0.55433174
36.03045352 5.11786785 3.35727439 0.05444815 0.06082658 0.78468600 0.57818813
57.93495398 8.83536775 3.61971625 0.07170613 0.05711187 0.74147254 0.70138734
52.10953412 9.96548980 3.43979736 0.04593911 0.19548485 0.70131984 0.56296007
55.10486866 2.84942353 3.38049489 0.06102159 0.11305762 0.51064617 0.73343555
50.68202922 3.36750367 0.82655267 0.02790829 0.11229895 0.40860935 0.61697653
57.24454018 9.85887216 3.52660408 0.05127400 0.06082645 0.59884201 0.54403440
50.56236227 9.53268883 4.94826901 0.02813308 0.05424388 0.70422571 0.64824971
58.63259857 9.03010884 4.37552457 0.07777442 0.06200919 0.57339125 0.68522314
46.22103296 4.18300980 3.00917337 0.02533352 0.11284060 0.58473727 0.01753251
51.86271988 9.00139873 4.50076253 0.07963896 0.06000800 0.99552314 0.39463110
50.55718636 9.84079156 4.37069920 0.07015249 0.06035461 0.94316352 0.42463796
39.83906297 5.25804518 2.46006398 0.05937613 0.15058992 0.73933731 0.44891096
51.91707250 9.24377929 3.54230854 0.05604235 0.06531091 0.71905954 0.21732510
56.63422685 9.30970653 3.52070125 0.08766032 0.05109720 0.60259171 0.44296690
43.74197022 1.08007897 4.96381955 0.03434851 0.19170051 0.23898185 0.42631656
55.25886398 9.49805236 4.27132799 0.05383526 0.05223454 0.66248943 0.27094285
57.47429746 8.28741801 3.91331979 0.03384460 0.19881750 0.35107289 0.03064338
55.55835458 1.39399667 0.66011248 0.08634312 0.06136819 0.15702923 0.47813931
32.67860929 2.63362534 2.00652625 0.07630267 0.14431098 0.67292586 0.29562006
57.23421678 7.67616235 2.09245624 0.05853592 0.11143663 0.13151794 0.82119552
53.99789845 0.85844549 1.33364640 0.05775460 0.17625002 0.37379221 0.98892969
37.66348390 9.16257167 3.01833779 0.02901091 0.14833248 0.49629881 0.42341145
57.60804015 8.77906168 4.44041837 0.04332524 0.06611279 0.63550925 0.59539735
59.53156364 9.69246015 3.22477470 0.06618385 0.05661770 0.54408419 0.67235325
