57.95810393 8.26628138 3.94614714 0.09020154 0.05801359 0.11748258 0.47969428
24.28625742 9.21577274 3.01392997 0.06433367 0.12355132 0.01551097 0.16522059
52.66601185 7.44526168 3.61176797 0.09388431 0.05904064 0.25173959 0.62315037
25.83060425 7.26886736 1.79298552 0.09036334 0.08103546 0.97235860 0.17310693
48.63912450 8.17565042 4.67407407 0.09308673 0.07255001 0.38696061 0.19039347
37.37216664 4.36467098 4.69124558 0.07856725 0.15869112 0.85851780 0.45699362
52.46128161 9.68249166 1.81529788 0.04116966 0.05393532 0.29560433 0.96686902
49.90831192 9.26297768 4.86262924 0.04595735 0.06450441 0.22746347 0.83178910
56.38565186 7.93639923 3.64549633 0.09995204 0.05434759 0.11207972 0.39277571
23.25061702 3.25201599 4.55021245 0.05572714 0.10814772 0.11680190 0.90920827
52.68945386 6.45836652 3.32384382 0.02803652 0.11045957 0.26193685 0.34939990
59.26289591 8.11787077 3.77000667 0.08740088 0.06317227 0.11085113 0.54708044
58.07659571 3.97847105 2.47570952 0.01715743 0.19921977 0.24338490 0.11695063
45.59370905 9.57322844 4.82363752 0.07030526 0.05452000 0.20612902 0.52163093
28.74389076 4.55702812 4.97141276 0.01962934 0.11347018 0.96431475 0.03410598
50.91206276 9.87663143 4.66704236 0.08276023 0.07115629 0.20434712 0.66250615
56.06151959 9.71741782 4.53387286 0.08326618 0.05707046 0.14652483 0.67964214
54.10875625 3.83648731 3.80133638 0.09496477 0.13599826 0.32753443 0.22735484
54.76667716 3.71732810 1.73038673 0.08274177 0.08193271 0.22361070 0.88690567
54.65517722 7.69467494 4.78755856 0.09427566 0.06327223 0.29506785 0.72622600
55.33390783 7.31231885 3.99676513 0.08774798 0.06736688 0.54079120 0.80075772
55.62161207 8.06957076 3.72194902 0.08045519 0.06493377 0.47436366 0.83195191
45.45146495 1.72831204 4.53548123 0.07050001 0.18399903 0.10052981 0.63544839
54.89834012 9.10125848 4.43091362 0.05436114 0.06558164 0.35601092 0.21682460
58.14058838 8.59935954 3.74104993 0.08398540 0.05654701 0.22519774 0.57417266
52.49214405 8.27841940 4.43071814 0.08232512 0.05065398 0.54679621 0.45861289
55.76359464 8.29807947 4.80613331 0.08948785 0.06668370 0.23751868 0.80311870
59.04211269 9.26484586 4.00324311 0.08458892 0.05129604 0.22374290 0.44747844
51.25558665 8.31107232 3.71556561 0.08534403 0.05272917 0.52845904 0.76649293
59.43990731 7.24911524 0.85104239 0.07773882 0.08290097 0.27161860 0.08020756
27.28759898 3.42433396 4.05510184 0.05211981 0.06250059 0.78613402 0.19775489
24.82739821 0.88756114 3.30221180 0.09167283 0.17081336 0.61557389 0.05005018
34.78879628 0.71150932 3.59833890 0.02502585 0.06507097 0.23473138 0.64408509
49.49480514 9.38036704 3.73481056 0.02200185 0.05660755 0.02762738 0.29554948
47.88752935 8.68126044 4.71902401 0.08305572 0.05020961 0.17538713 0.47450371
53.59739479 3.22096730 2.69974169 0.01623818 0.13147881 0.99511499 0.99069231
51.75419140 7.96460113 4.24754470 0.09470622 0.06696019 0.46112289 0.83805212
56.48683996 9.76110423 4.31882832 0.07883478 0.06226979 0.20692105 0.61992281
59.27936112 3.99742391 1.35686499 0.01556059 0.19276246 0.23317886 0.25113835
56.63498489 8.96692621 3.82096193 0.07502461 0.06815779 0.20421697 0.70295674
52.87828261 9.22262764 4.94618855 0.05180736 0.05496345 0.34824825 0.22734855
58.80046728 5.76564482 1.70772192 0.03901890 0.09198091 0.04650403 0.88218776
52.63620488 9.33463408 4.97097236 0.02094541 0.05812434 0.28636116 0.10106404
53.86439369 9.81046927 3.61921677 0.01663575 0.06233295 0.06813040 0.28927086
51.42920806 6.05291761 3.83235005 0.09972510 0.16312359 0.06295052 0.07515754
56.93210052 8.91197851 3.89590631 0.08954671 0.05055084 0.24784931 0.86625349
54.83956138 9.53782378 4.00173389 0.08622716 0.05285846 0.24576820 0.47364380
59.04378173 9.31399612 3.57686891 0.02509962 0.05246549 0.13871515 0.08677623
57.37312497 9.70111985 3.67585688 0.08805738 0.05625028 0.30497146 0.89169916
57.10800217 9.12196660 3.29716374 0.07992935 0.06551431 0.21345418 0.87316610
47.80598744 7.00149869 4.84719942 0.05370659 0.15156276 0.38664204 0.40186338
51.66600032 8.78879381 4.93219650 0.07876959 0.05293050 0.19099570 0.40990058
47.07926234 9.61618375 4.40203057 0.08848150 0.05570161 0.25138829 0.60479757
50.74632218 9.23950667 4.86012859 0.03691204 0.06403772 0.18186430 0.88910324
46.07284427 9.16279581 4.77909779 0.08684225 0.06253652 0.19431062 0.52989558
59.35616487 8.32528169 3.76832672 0.09261326 0.07532940 0.41193950 0.54602186
56.46345331 9.81352146 4.05978302 0.03893530 0.07326868 0.09342568 0.10960245
50.29136200 7.27354742 2.61751126 0.09138455 0.06502618 0.94010129 0.27944767
57.84862181 8.82748483 4.39527236 0.09532990 0.05517448 0.31169574 0.21895896
37.74255161 3.94595719 2.70008386 0.08028623 0.07475811 0.44166476 0.02920459
44.32172030 7.10149852 4.64741539 0.02515270 0.18816769 0.76935123 0.28044767
59.10709216 9.42353194 3.64018073 0.09435521 0.05405430 0.18021862 0.86489287
33.55692644 4.91366549 4.44622209 0.03191551 0.08628901 0.18200397 0.48349637
55.34117958 8.10003307 4.52122397 0.07638889 0.07912063 0.29962073 0.56349360
57.78353609 8.76533373 4.27543604 0.04667495 0.05754737 0.32949819 0.27665255
54.45296109 9.66763857 4.88246320 0.03042876 0.06052917 0.30441555 0.84432183
56.87099781 9.66624015 3.58199227 0.07479453 0.06464305 0.21373552 0.74203547
50.08984494 2.20548544 1.52778353 0.07709603 0.11357900 0.83955668 0.68291067
24.87326106 0.47869896 4.15881260 0.09006767 0.19515738 0.47040186 0.74642076
57.62524665 8.50822636 3.45746323 0.09499936 0.07017119 0.30581886 0.88544914
57.71319387 7.20642272 4.33614601 0.09456259 0.06600979 0.20653325 0.74662500
52.20748987 9.96164606 3.55018391 0.05310394 0.05955672 0.37295838 0.33550947
40.85740473 2.36619068 3.97077391 0.03214536 0.15821185 0.74391586 0.42468653
58.71436444 9.06198403 4.76502166 0.02593658 0.06920096 0.23642697 0.06344520
42.28895694 2.36727634 4.25743691 0.08344632 0.10436543 0.28665136 0.62398728
50.87676412 8.48834053 4.54640182 0.03283837 0.05233432 0.14221162 0.16717585
55.95029846 8.73104802 4.41847041 0.09687145 0.06395089 0.55973680 0.83667636
26.03879400 7.20274236 2.58758466 0.03227286 0.13042941 0.44165790 0.58177314
56.24032690 5.54524799 2.57585408 0.03842370 0.13863449 0.26519253 0.56761704
33.87120850 5.62187444 1.43199652 0.01505354 0.16424140 0.10884473 0.24160857
59.78412714 9.82277462 3.99923381 0.02603559 0.06686200 0.13288277 0.14737076
36.04660111 4.57952955 0.66672728 0.00748512 0.05644898 0.63829229 0.85109695
34.06218678 5.01251843 2.52976064 0.07245254 0.12202216 0.05704929 0.50470841
53.79816963 9.82424605 4.82812997 0.01886756 0.05480493 0.14157664 0.05619877
57.37492280 8.32679879 4.28921506 0.06971461 0.05747341 0.45526850 0.59989571
37.92617037 3.61473848 4.42808402 0.09863326 0.06144161 0.41045533 0.82519706
58.84918812 8.12268426 4.10771191 0.09588313 0.07627230 0.34911408 0.31120124
58.98994746 8.93988924 3.77412303 0.06818250 0.05875212 0.14284009 0.65590302
23.73866926 9.59202719 2.27141784 0.02129422 0.15254937 0.23778641 0.34502224
54.62614484 8.45849425 3.78313545 0.07463554 0.05524971 0.14295613 0.59566373
49.28349269 9.94611440 4.49304888 0.08207336 0.05936298 0.27017715 0.65839101
37.20739108 3.20735117 1.23024198 0.01851468 0.11247136 0.29311850 0.24912820
58.01603309 7.89817211 4.51169758 0.09198432 0.05293759 0.29268217 0.23308590
41.59995302 9.71605095 1.01841709 0.02942205 0.17067667 0.32294712 0.03391479
57.37128510 7.80373640 3.72030631 0.07618322 0.06141949 0.20043246 0.62890311
20.44777525 1.10286043 1.81300987 0.09773297 0.13543134 0.25883052 0.82616239
55.00822155 9.45470852 3.63402801 0.08273994 0.05143655 0.50924713 0.78641393
51.63998378 9.59866952 3.65977210 0.08625634 0.06208029 0.17578743 0.82947637
37.14199798 9.35127364 1.10604180 0.08939414 0.07184731 0.42584992 0.00882206
55.90233905 7.33055067 4.30907547 0.09243333 0.07412418 0.31925713 0.54402371
50.65916121 6.77730868 3.86409228 0.05010673 0.10651965 0.06381408 0.43189932
49.97399935 7.97019192 3.72798492 0.08751859 0.07205894 0.54010406 0.80751000
59.76008518 3.71902425 4.13043985 0.00842947 0.12926761 0.91200298 0.54814923
53.33261633 8.95688694 4.32300063 0.09186295 0.06329552 0.19105880 0.51741135
50.03613770 8.86592185 4.72226506 0.08666815 0.05433514 0.12806020 0.57979141
46.66559788 7.87271192 0.91632084 0.08447744 0.12817479 0.23181589 0.51870097
58.27306647 8.47248097 3.86850549 0.08911204 0.05387002 0.17105157 0.39592296
56.79385100 6.69541914 3.99642942 0.09828565 0.05474367 0.31429449 0.63713962
58.56029751 9.15448617 4.00262979 0.09779631 0.05865906 0.33479086 0.55390155
31.03197667 8.71343321 4.21368012 0.05729952 0.07728674 0.07916790 0.29453822
34.14676831 0.67303007 0.63485331 0.09332840 0.08768186 0.52451388 0.01014195
52.93822664 9.02325980 4.89686218 0.05164540 0.14276762 0.52230658 0.54547383
43.73782339 8.39614414 0.91018704 0.06444306 0.15027521 0.67886448 0.38790356
47.12369098 4.31203368 3.31725565 0.02432751 0.09541484 0.02423182 0.52561705
59.89934710 8.40576085 4.43913589 0.02375960 0.06801574 0.32808098 0.21045555
53.35192150 9.03305298 4.07624230 0.09251386 0.05707052 0.41866965 0.84430432
56.19976349 8.94788393 4.27243077 0.09941781 0.05353241 0.49707094 0.75276430
35.80973539 1.61153970 3.39915338 0.09604011 0.18053450 0.56655755 0.72279879
49.75874579 4.96501574 2.75616893 0.00808724 0.13702508 0.63622412 0.67924696
48.06180589 8.58366005 4.71209314 0.09557683 0.05985598 0.36292210 0.41035893
59.50648529 9.89603054 4.11145048 0.03613929 0.05202461 0.07502497 0.22101208
58.73475247 8.72423787 4.25853031 0.08803090 0.06323769 0.35620662 0.53269770
54.78061975 7.07336841 4.47136412 0.08836070 0.06102480 0.33360517 0.26518932
46.50707556 2.67660643 1.65500067 0.06887580 0.09505335 0.23950127 0.75113021
21.32243655 9.90091426 1.99202640 0.06381782 0.08098623 0.15752794 0.77938812
54.81778766 8.86145426 0.58757524 0.04485197 0.08242063 0.22601390 0.26237470
57.81437252 9.89917016 3.71065722 0.03750006 0.05564665 0.36926178 0.47802502
53.75939309 7.89497961 2.23401593 0.06691970 0.16213635 0.48877603 0.02163715
