89.74352289 23.35990263 17.27571951 0.31659485 0.07111874 1.19798869 0.10525263
32.03387623 3.14829968 1.85381108 0.03078384 0.09512704 0.30084691 0.30084691
90.17165659 22.64947717 17.77274342 0.29802093 0.07405890 1.34854181 0.27665798
79.46926650 29.01172472 15.59994694 0.22109284 0.05547641 1.31032636 0.38616994
30.00561984 2.65137686 1.62563223 0.02576391 0.08752107 0.25014050 0.25014050
94.02462153 25.31120004 19.71440497 0.33311187 0.05477588 0.78320439 0.26106780
77.83961225 27.81405152 15.83251658 0.21782199 0.05063936 1.48630192 0.45155131
91.57621495 21.24843885 17.24355466 0.30745527 0.05940690 1.22828689 0.31208691
71.48791172 28.32162724 15.09599532 0.23788865 0.06393131 1.54668689 0.33972793
92.84446086 23.25269823 17.86458423 0.30951175 0.05092346 0.94762331 0.34712205
98.28334059 21.39139586 19.15852929 0.32155085 0.05050487 0.87050997 0.35456695
74.86497876 30.47955704 15.88483253 0.23791412 0.06416285 1.49923401 0.48193680
31.18069206 2.93926955 1.75782786 0.02867221 0.09192760 0.27951730 0.27951730
100.44265707 21.61005998 19.20391945 0.30671046 0.05026881 0.76130670 0.16995530
43.91467490 6.05909535 3.19040093 0.06018882 0.13968003 0.59786687 0.59786687
93.21696740 23.59945154 19.92828443 0.32100511 0.06118356 0.87307654 0.28187737
70.48642244 27.19401969 18.84006148 0.29368865 0.06666157 0.88557198 0.59878947
53.12957204 8.31674515 4.22707685 0.08299569 0.17423590 0.82823930 0.82823930
84.71341843 23.83489331 17.38798041 0.29063140 0.06012289 1.33880035 0.28589415
75.73356096 29.47696857 15.11132562 0.23307905 0.05417683 1.57877864 0.41430280
22.38881378 0.78525938 0.76874155 0.00691231 0.05895805 0.05972034 0.05972034
42.72385488 5.76734445 3.05643367 0.05724154 0.13521446 0.56809637 0.56809637
92.47138301 23.03507201 17.89818203 0.29588053 0.06377480 1.37403654 0.21838826
99.23943283 21.12621902 19.52842400 0.30421720 0.06527110 0.83850133 0.31223058
81.25661271 28.46965480 15.43047866 0.21886957 0.05702887 1.44199037 0.41946948
91.07620714 21.45651553 17.07476588 0.30616898 0.06024943 1.23637392 0.26757030
87.74231248 23.96743197 17.79787530 0.29705353 0.06210271 1.33993609 0.30741773
67.64380535 29.64522635 14.98983667 0.25866174 0.05221917 1.51484993 0.35417210
64.24229074 30.05631116 14.62140690 0.25259925 0.06203360 1.77589519 0.25801455
52.34682198 8.12497138 4.13901747 0.08105838 0.17130058 0.80867055 0.80867055
65.17291203 30.53638689 14.57501109 0.25332732 0.06753800 1.71666494 0.30888849
38.13214151 4.64237467 2.53986592 0.04587705 0.11799553 0.45330354 0.45330354
97.23567605 23.99281263 20.22491177 0.31789531 0.05470475 0.79588323 0.23851808
72.64497683 29.67081473 14.88735596 0.23775591 0.06131873 1.67684349 0.28957946
75.51773008 29.44993714 15.09327519 0.25656280 0.05955568 1.56071773 0.47386668
50.44579838 7.65922060 3.92515232 0.07635335 0.16417174 0.76114496 0.76114496
99.48618308 22.52115596 19.53058410 0.32572716 0.05494962 0.88271330 0.31500357
73.07233885 26.84882906 15.28977940 0.22607887 0.06544873 1.49044677 0.35488078
58.85272486 9.71891759 4.87093155 0.09716049 0.19569772 0.97131812 0.97131812
75.98891217 27.24600006 14.69527189 0.23918660 0.05699008 1.48718671 0.47805329
94.95145255 24.77658437 18.91792149 0.31654133 0.05256173 1.01217236 0.24522171
69.80185090 30.04564731 14.77691648 0.24464409 0.05904176 1.64430890 0.29573939
42.32288381 5.66910653 3.01132443 0.05624914 0.13371081 0.55807210 0.55807210
69.36068857 29.95484439 15.12595232 0.24542648 0.05945864 1.54850260 0.46139110
96.69241118 21.99656687 19.23209677 0.32787054 0.06169089 1.02304132 0.27613300
96.31858842 23.81075938 17.99498950 0.31092275 0.06761008 1.03909877 0.18956286
93.44467933 22.82112853 17.55510678 0.30636651 0.05082295 1.17307236 0.06136111
95.31661467 23.25886169 19.72995723 0.31559103 0.06820311 0.93839373 0.28398530
26.43137340 1.77568648 1.22352951 0.01691765 0.07411765 0.16078433 0.16078433
92.59420375 22.39962125 20.00026286 0.29372022 0.06191432 0.73282343 0.51508163
55.12344669 8.80524444 4.45138775 0.08793053 0.18171293 0.87808617 0.87808617
40.44930339 5.21007933 2.80054663 0.05161203 0.12668489 0.51123258 0.51123258
75.58107405 28.08103318 18.74910635 0.29875342 0.06837225 0.94036818 0.62963976
73.94185413 27.83685281 14.75218844 0.23041681 0.06050975 1.46217239 0.53179074
42.65149629 5.74961659 3.04829333 0.05706245 0.13494311 0.56628741 0.56628741
57.42506157 9.36914008 4.71031943 0.09362703 0.19034398 0.93562654 0.93562654
72.59456163 27.85957804 18.73022186 0.29053893 0.06076036 0.93104282 0.61749516
59.88966844 9.97296877 4.98758770 0.09972693 0.19958626 0.99724171 0.99724171
93.72412159 23.68078572 19.62145727 0.31393860 0.05241341 1.01024363 0.26564413
94.07462072 22.11609043 19.00871552 0.27499918 0.05650840 0.74248092 0.45796735
76.69271619 29.34004277 15.42059131 0.25442905 0.06011983 1.53318683 0.38145147
82.90007940 23.80807593 17.85370991 0.30389258 0.05743916 1.42305328 0.20575888
85.86816074 23.43821640 18.04313739 0.30859641 0.05630185 1.44420605 0.29330703
81.08404199 23.46533471 17.88884012 0.30896501 0.05951950 0.72953570 0.30136170
54.57002667 8.66965654 4.38912800 0.08656082 0.17963760 0.86425067 0.86425067
57.18757228 9.31095521 4.68360188 0.09303924 0.18945340 0.92968931 0.92968931
56.31978585 9.09834753 4.58597591 0.09089147 0.18619920 0.90799465 0.90799465
73.29986812 30.19077232 15.17596825 0.23549848 0.05790497 1.53618842 0.43162197
76.34177279 23.94454829 17.33565160 0.27946241 0.05404755 1.20017278 0.33514764
95.93047634 23.83409319 20.25957959 0.31964661 0.05535716 0.79451756 0.16411937
81.10487529 26.24450536 17.71259167 0.29567584 0.06503854 0.91139205 0.20378254
69.66291617 27.10150862 18.58848016 0.28585007 0.05267391 0.88643009 0.61445810
69.21112273 29.60875610 15.00210395 0.25841051 0.06771363 1.53605216 0.43098967
88.08159918 23.47560387 17.36650017 0.29561212 0.05075288 1.04623794 0.43691561
76.57297227 29.07500922 15.45322745 0.24630075 0.07685352 1.49509392 0.38061962
79.28108645 30.37237230 15.15721175 0.26964701 0.05109143 1.41639201 0.37549591
67.19209096 30.26917168 14.67770812 0.24307142 0.05339821 1.61479241 0.28083051
73.62848421 27.70380919 14.91138059 0.23460233 0.05957094 1.40068347 0.44528205
51.78631619 7.98764747 4.07596057 0.07967113 0.16919869 0.79465790 0.79465790
79.39338396 24.65758979 17.35877373 0.29269427 0.05991096 0.86579044 0.28744056
96.39783033 24.07203904 19.82134461 0.32055259 0.05237364 0.84700626 0.31814477
55.51090325 8.90017130 4.49497662 0.08888949 0.18316589 0.88777258 0.88777258
101.74779219 21.70657902 18.98211657 0.33498493 0.06001064 0.85275047 0.09394130
41.09841709 5.36911219 2.87357192 0.05321858 0.12911906 0.52746043 0.52746043
62.47636589 28.78885564 14.42793797 0.24497513 0.06117202 1.62573624 0.25424340
61.96170659 29.13190800 14.72339523 0.24802605 0.07182017 1.71148674 0.23941536
83.82802620 23.57783760 17.73561863 0.30734155 0.06822652 0.94593411 0.44726130
68.04063422 29.39871190 14.96577490 0.25765995 0.05460698 1.54692947 0.29602870
96.51262100 22.81721287 19.88673872 0.32163645 0.05224596 1.06331430 0.31085665
22.72807425 0.86837819 0.80690835 0.00775198 0.06023028 0.06820186 0.06820186
29.50698118 2.52921039 1.56953538 0.02452978 0.08565118 0.23767453 0.23767453
59.69506046 9.92528981 4.96569430 0.09924527 0.19885648 0.99237651 0.99237651
53.30606084 8.35998491 4.24693184 0.08343250 0.17489773 0.83265152 0.83265152
39.00459663 4.85612617 2.63801712 0.04803638 0.12126724 0.47511492 0.47511492
68.79603897 29.73713719 15.03574794 0.24929652 0.05340980 1.49663593 0.37994078
93.21152760 23.15850419 18.27482674 0.32357033 0.05583708 1.07108194 0.27009830
82.17254614 23.94487194 17.02345973 0.30461475 0.06101901 1.00441997 0.44004840
87.36806730 24.13338119 17.35688777 0.29540187 0.05593735 0.97609298 0.51700727
75.24316738 28.13128199 14.49331192 0.24150096 0.05629621 1.48178016 0.51985782
97.05786897 21.40742207 19.04352829 0.32934599 0.05366222 0.89542020 0.16111275
105.68890697 22.38320217 19.49941929 0.30674177 0.06131072 0.86638456 0.16529083
76.20640857 27.92998187 15.00536431 0.26272937 0.06753701 1.41894060 0.41280308
51.38416874 7.88912134 4.03071898 0.07867582 0.16769063 0.78460422 0.78460422
22.10730059 0.71628864 0.73707132 0.00621557 0.05790238 0.05268251 0.05268251
92.09208749 22.36716114 19.28261209 0.28393671 0.05270155 0.57027408 0.09183458
95.33130170 21.52738008 19.48133555 0.30391409 0.05407102 0.90217955 0.18876965
95.08080671 23.20595867 18.99056723 0.28273138 0.05992733 0.65540494 0.06552387
94.14593283 23.62351233 18.09838999 0.32110265 0.05845583 0.98317435 0.21891439
100.74047394 22.37747750 19.96169192 0.30187804 0.06359523 1.10790132 0.26650006
77.13570383 28.41661910 15.93333398 0.24621635 0.06845089 1.42413997 0.42730946
72.84803511 29.87427371 15.02109005 0.23886949 0.06218548 1.47506351 0.44883831
97.88523309 23.80571096 19.95407226 0.31579792 0.06099693 0.78108344 0.23510644
75.07619444 27.47325892 15.10604593 0.22818640 0.06745098 1.52296812 0.29887843
72.32392143 30.06916409 14.83834750 0.23262852 0.05053442 1.42680443 0.32663670
95.16994702 22.91506500 18.18390704 0.31739166 0.05027978 1.07823065 0.21010296
67.15885956 29.72056861 14.92416373 0.24550228 0.05960119 1.54497092 0.29189314
71.48943924 30.21233912 15.20796995 0.21812911 0.06424627 1.38911255 0.30110807
92.37716884 21.74824043 17.80189557 0.29835126 0.05185395 1.14497153 0.26641269
73.26435615 28.08309654 14.95001368 0.22680738 0.06775927 1.46226443 0.32309765
67.87802895 30.61584336 15.24727330 0.25173153 0.06590349 1.47152537 0.33468856
80.94422272 23.87557559 17.33825840 0.29567085 0.05930306 0.92729529 0.16263792
93.98251434 21.97982763 19.61847335 0.28307381 0.05351494 0.59634556 0.05551619
67.04250940 30.92227852 14.87798451 0.24934495 0.06505159 1.50929224 0.35860075
91.92229570 22.53398425 19.36458969 0.29139065 0.05668178 0.64341847 0.26503499
81.96012692 25.82919988 17.31528131 0.29778134 0.06599799 0.82218878 0.24256452
66.94390339 29.29786291 14.46125408 0.25305923 0.05951557 1.51810844 0.37709369
66.48782770 29.69884564 14.74101321 0.24730240 0.06601381 1.47659172 0.34842678
79.90287996 29.47541242 15.27315265 0.26153843 0.05874828 1.38628176 0.31456326
