56.88313598 9.40697249 4.25479946 0.04044076 0.06055595 0.23340574 0.66904444
49.12554489 9.82725970 4.97977564 0.06636567 0.06480875 0.23756616 0.86088267
50.11693729 8.53361475 4.33835665 0.07020253 0.07045002 0.42939095 0.07712199
57.45820216 7.54810944 3.64545188 0.06140441 0.06043236 0.31642486 0.40375804
53.47678239 9.56860947 4.48766537 0.02656615 0.08290906 0.18206517 0.60064392
24.12283248 7.30740623 2.10900429 0.03201840 0.14359903 0.34317392 0.86460582
53.13117266 8.11026868 3.81581095 0.06962019 0.06538104 0.12813831 0.32784659
55.94856351 9.22208237 3.84745431 0.08454703 0.05934066 0.26624561 0.59079251
49.59096500 8.90063684 4.70830113 0.07084779 0.05228182 0.29036322 0.78886713
52.27363727 7.99869265 1.43312879 0.01876825 0.17836913 0.40479665 0.42898146
57.71534347 8.90086607 4.73728673 0.04508328 0.07059272 0.24723969 0.74278335
57.77534840 8.58201312 4.13097764 0.05148585 0.06069474 0.25016527 0.25285690
53.44490765 9.28249484 3.80505621 0.07644875 0.06909394 0.27387654 0.47761649
50.65444740 8.77941803 3.99934925 0.02865133 0.05954822 0.52955692 0.64676424
22.62353753 4.63816370 4.94267861 0.03027271 0.11102102 0.13313325 0.70262666
55.14927846 8.97329722 4.11174543 0.07496402 0.06226432 0.11423514 0.59622064
56.88331572 9.20625905 3.69071745 0.04893377 0.05583951 0.13391693 0.53680475
55.33664635 8.03424078 4.42118407 0.04636868 0.05380424 0.29449522 0.11323264
53.65352262 8.14843794 4.43721687 0.03330785 0.07101014 0.29521152 0.78812124
53.74778922 8.76580134 4.64968014 0.03933614 0.05984103 0.17925635 0.64348536
52.22815110 8.76445085 4.27349782 0.05346448 0.06612072 0.31600792 0.18869128
58.65147274 9.41004896 3.99756981 0.04138857 0.07672258 0.31641654 0.07689600
42.23034494 1.48308397 0.94936504 0.02614407 0.05905008 0.82314095 0.33291458
30.49255153 4.67094277 3.57340062 0.05500538 0.16982679 0.24524798 0.30129960
57.69111040 9.22714792 3.98440816 0.07913174 0.05033117 0.10878953 0.40856093
31.62765767 0.68709293 4.24874086 0.05135624 0.10510829 0.56122171 0.03499533
48.49236038 8.00561271 4.44723710 0.06088521 0.05317250 0.33796646 0.08290138
52.80933942 8.35862739 4.05675516 0.04630592 0.05744343 0.28824508 0.00045069
40.45649970 5.11280786 2.33408045 0.08116715 0.12259851 0.32461442 0.13263289
56.53894756 7.27893480 4.35217666 0.05072746 0.06357444 0.26867486 0.12746069
49.27614428 8.94988245 4.02778703 0.07858628 0.06770707 0.24954113 0.56915824
56.56568548 9.20300243 3.73620333 0.04446535 0.06718211 0.16258181 0.58556507
57.45896486 7.87211568 4.08077371 0.05190818 0.05365912 0.19744421 0.08108162
57.79476710 2.81405403 4.35171760 0.06515201 0.15393824 0.72350022 0.59438094
59.55169764 6.21906177 2.40787895 0.09949499 0.11918300 0.70425034 0.04386737
43.50942898 9.45718085 3.03822184 0.04494432 0.15582220 0.67580230 0.40967565
57.31274363 9.58445003 3.63871303 0.06228863 0.05328218 0.25242238 0.44843699
53.48749572 7.96781428 3.90512183 0.05257057 0.06690638 0.25756113 0.31534381
57.90136568 0.32940774 2.85146390 0.01133057 0.15052686 0.70621365 0.08397840
53.86413287 9.81841736 3.30190339 0.04404208 0.06688602 0.27292230 0.36211622
46.21583978 9.63337540 3.98625147 0.05294247 0.07942821 0.14692582 0.12586180
21.85406878 6.44803587 2.19231799 0.07136137 0.13500259 0.14229425 0.50754224
25.35701264 0.49457877 4.10326235 0.06642682 0.11845318 0.55161192 0.06351303
57.13901987 9.55123048 1.55206356 0.07559699 0.07606076 0.66168861 0.41860445
52.89251234 8.01535802 4.47945813 0.06511793 0.06687968 0.31510711 0.17190455
53.74734719 8.03985518 4.33442456 0.05954463 0.06640893 0.17423127 0.46816684
58.96782719 8.16567342 4.51974815 0.05593738 0.05838939 0.29572565 0.13382023
59.46172474 8.93138643 3.82580221 0.05984225 0.05900703 0.27886208 0.44337287
22.96303229 8.16915583 4.65399624 0.03377581 0.14315939 0.29048418 0.49274106
49.27123389 8.93089545 3.32597637 0.06069200 0.05347264 0.25962181 0.27325437
24.62944537 6.67173367 4.35741737 0.04602130 0.09831445 0.38124241 0.03767410
53.01678545 7.63485455 4.53923366 0.04828964 0.05219310 0.39257904 0.25654024
52.64801267 8.58874124 3.62658549 0.05360153 0.06817660 0.49682043 0.07926450
55.11414669 9.06325078 3.90938920 0.06159648 0.05519061 0.02758068 0.73541880
49.00321505 8.76893564 4.14745405 0.03124699 0.05960039 0.15007982 0.80096124
50.20919300 8.69254476 4.14381246 0.06816899 0.05276533 0.09615102 0.68854710
43.69471162 6.72186280 0.82668369 0.03923859 0.19858405 0.37202628 0.39974911
45.44744044 6.52645134 2.61479168 0.06284907 0.09810683 0.34630480 0.22938977
52.80264978 7.78144538 4.42214357 0.05856086 0.07450194 0.15346206 0.03143669
53.10316134 8.98825077 3.99907366 0.09525960 0.07435876 0.40889860 0.47672694
56.68653918 7.90893130 4.93454034 0.02978531 0.06348675 0.14273398 0.07644350
55.47313017 8.03460484 4.59725255 0.03138418 0.05542804 0.20390895 0.02370266
27.78245049 2.59802025 4.05882960 0.09416855 0.05858323 0.92102730 0.50264950
53.70656393 9.56211024 3.20385172 0.07569121 0.06411012 0.39251273 0.07840179
59.42860747 8.14653623 3.57407511 0.07182942 0.07123898 0.20919142 0.35484037
56.79907397 7.20439432 4.42622356 0.04651168 0.05296101 0.33920023 0.04952180
57.91552989 8.43473655 4.39440467 0.05891240 0.05441830 0.41092386 0.70422126
55.96481081 9.25950388 2.68025044 0.07704324 0.07709105 0.74694240 0.00899401
56.78411713 9.63701315 4.20347451 0.04164125 0.05001039 0.13924267 0.51002705
52.13147413 9.46151977 3.64074387 0.08125680 0.05454878 0.10052265 0.72597586
54.79054294 8.24987396 3.32975184 0.06701819 0.05769546 0.33255076 0.73168181
53.88303718 8.20770934 4.11260140 0.05284590 0.05134167 0.36987748 0.13965110
52.20281644 9.38884228 4.15721003 0.07489059 0.05674301 0.15988624 0.80009687
53.61452384 8.64886491 4.42882220 0.04374367 0.05554424 0.38741589 0.08149165
50.03472981 9.13243978 2.95760516 0.08121427 0.06492259 0.35509690 0.03671156
53.59878815 8.93938254 3.76086637 0.08025584 0.05084600 0.23925829 0.30709174
48.27981823 8.23595171 4.37956438 0.09738994 0.06087584 0.45122361 0.38542472
57.90389677 8.45912681 3.84819885 0.04879029 0.05237473 0.31501154 0.40597382
26.09211856 7.68225940 1.95311532 0.09024303 0.09213182 0.46206293 0.88572632
49.37080791 7.83953140 4.39478955 0.08760572 0.06485577 0.22180713 0.56739862
36.55093767 0.52238965 4.71936376 0.04611557 0.16512430 0.28592566 0.35036659
26.29880240 7.04117612 1.01408293 0.01464825 0.07081870 0.14176993 0.73762416
39.24103824 8.59278724 0.73692041 0.03911353 0.19733147 0.98752311 0.08571906
55.95354985 9.38387297 4.20329905 0.03925507 0.07714488 0.18901875 0.73260308
55.10023429 3.16719129 2.27375332 0.07823728 0.16708248 0.64352821 0.90501608
24.80529084 4.01365739 2.07134644 0.03822594 0.15710685 0.16482496 0.10665057
50.98868260 8.77810773 3.89888170 0.07519853 0.06348399 0.28928604 0.51445185
56.30937600 8.19413400 3.87439866 0.06400214 0.05811831 0.24236491 0.40686418
33.70592570 4.42666898 0.57526790 0.09465840 0.11665960 0.53900884 0.65165368
59.41989710 8.08825904 4.71987461 0.07299064 0.05689065 0.53408419 0.90038030
57.49914150 5.80486931 4.67284605 0.06094324 0.18494076 0.46265837 0.44583100
53.89141727 0.24853741 1.55100312 0.05484444 0.11767743 0.10563881 0.79522467
59.53280328 8.57739064 4.17304252 0.06055249 0.05112156 0.06790595 0.78244263
28.23683957 6.05265498 4.06982813 0.06211444 0.12358545 0.65171018 0.83230083
53.56650845 9.16889279 4.11021349 0.04329130 0.06901878 0.26717384 0.15866767
55.29722655 8.16616634 4.80765895 0.06825141 0.05751784 0.44063164 0.81514433
51.99736087 7.75511045 3.71088695 0.08750032 0.07843152 0.22578647 0.47295556
47.72642594 6.69876128 3.41553330 0.05006891 0.17573723 0.20796455 0.98090928
54.58249847 9.17050479 4.10274224 0.05071029 0.05631064 0.25069814 0.59303877
52.62369829 8.56118313 3.92208976 0.04685018 0.06148636 0.27519934 0.79522097
53.85341075 7.58187028 4.63637749 0.05884190 0.05821384 0.21679345 0.16916023
53.95904300 9.11514212 4.14358941 0.05104863 0.06497554 0.31459034 0.15339069
54.87216745 8.23079000 3.46275360 0.07439743 0.06473657 0.34168187 0.75410205
52.31496066 8.27247601 4.54726472 0.07330289 0.06852128 0.28579349 0.16314483
55.16153006 8.76424158 4.01540545 0.04202693 0.06801933 0.22446306 0.75579926
22.98501000 1.19348051 1.72901865 0.02072531 0.18664117 0.34237671 0.32678578
23.64780911 2.66859320 1.56274669 0.04263334 0.13533898 0.16302467 0.03165942
54.04880208 9.08731562 4.27800437 0.03172878 0.05808257 0.16337752 0.74696533
52.01006709 8.90106299 3.93209587 0.06240605 0.05498833 0.10263791 0.70481568
45.57332383 7.29874334 3.91521107 0.07995349 0.16436510 0.50457016 0.37638810
53.90709688 9.86471935 4.09800891 0.05083496 0.06223541 0.31648276 0.52423166
48.66152269 9.39246309 3.94427289 0.03579389 0.06644682 0.20175903 0.80085134
46.28748109 1.88868540 1.97306989 0.02684307 0.09869384 0.37509565 0.41092016
57.74178728 7.95059584 4.55716068 0.04469386 0.06989460 0.17121967 0.01120368
49.41920958 4.37283549 3.05785729 0.08882796 0.08509211 0.51589478 0.09859718
55.78872167 9.39804701 3.40348762 0.06833621 0.05515516 0.12481997 0.69399082
57.58947801 9.01470892 4.40990238 0.03779801 0.05386846 0.18236263 0.77078914
46.74582475 9.01788853 0.68201448 0.01009675 0.10844277 0.48966083 0.49338798
54.01623706 9.90145598 3.84628489 0.03264062 0.06598783 0.32909434 0.65656528
37.19120714 7.66581039 1.10475265 0.07381904 0.14454613 0.60665092 0.47499061
46.50239269 0.44465779 2.83096912 0.03993858 0.13028129 0.20305045 0.13045183
40.32821550 4.95865451 1.46061736 0.01896165 0.11075193 0.06061049 0.38014078
59.46671133 8.83999333 4.74016184 0.04895910 0.05078477 0.18424100 0.09475327
54.64971683 9.38694509 3.07726740 0.04115404 0.05441246 0.32758444 0.27280913
49.35394884 9.66735994 4.01773348 0.03149133 0.07559235 0.15841740 0.64994625
52.16450211 8.27912014 4.70356706 0.03664681 0.06457639 0.35540313 0.03698970
56.96267761 8.62865956 4.27762583 0.04828508 0.06042918 0.17559966 0.55756932
51.65815256 9.27200463 3.92421980 0.04734419 0.06371793 0.27238432 0.17672638
