93.37802038 23.86468536 19.73211016 0.31314418 0.06010100 0.72980017 0.39755101
96.60787224 24.45473807 19.88075138 0.31016345 0.05683177 0.77126007 0.37634609
90.47831200 23.38032045 18.01975812 0.31907752 0.07539749 0.47881867 0.24588353
45.84931785 6.53308287 3.40804826 0.06497706 0.14693494 0.64623295 0.64623295
100.11951574 24.57831840 19.72140099 0.30946968 0.05651509 0.80821519 0.48552269
99.67179544 23.70358077 19.46182685 0.31668343 0.05255548 0.32217059 0.39436914
40.64396356 5.25777107 2.82244590 0.05209381 0.12741486 0.51609909 0.51609909
90.97414790 22.80281537 17.79766040 0.30395643 0.05410099 0.99350406 0.29582822
94.41651413 23.59463909 18.78669637 0.29506992 0.05285916 0.56577176 0.40430497
97.73924354 24.50774747 18.28356381 0.31606713 0.05938707 0.68651805 0.32616652
98.70424370 24.33915449 19.54730204 0.30681286 0.05917993 0.84320815 0.37934663
97.19940325 22.82267394 19.46737200 0.31822302 0.05282749 0.34563436 0.34508180
65.80530136 29.40891259 13.24786044 0.24092114 0.05898228 1.59970206 0.04681344
81.52194481 25.24573198 18.20212592 0.26949100 0.06345340 0.72508873 0.66977773
76.43877167 25.02103552 17.82955192 0.28145528 0.05809631 0.70080599 0.82589536
56.00600801 9.02147196 4.55067590 0.09011487 0.18502253 0.90015020 0.90015020
95.76847089 24.52092057 19.83729825 0.30075956 0.06671059 0.52262396 0.40224481
86.46946872 21.30142931 17.90389592 0.30834624 0.05628436 0.55917777 0.26079112
44.10929634 6.10677760 3.21229584 0.06067051 0.14040986 0.60273241 0.60273241
49.90690935 7.52719279 3.86452730 0.07501960 0.16215091 0.74767273 0.74767273
75.61443483 28.85046879 14.38264814 0.23015891 0.05969917 1.53277335 0.31301596
42.78347061 5.78195030 3.06314044 0.05738909 0.13543801 0.56958677 0.56958677
89.42788522 21.20655036 17.83006320 0.30697665 0.05645413 0.54526084 0.21139025
76.88655088 27.95845290 13.47725244 0.26125511 0.05733160 1.62831407 0.38626423
48.28927673 7.13087280 3.68254363 0.07101596 0.15608479 0.70723192 0.70723192
42.28152069 5.65897257 3.00667108 0.05614676 0.13355570 0.55703802 0.55703802
25.71138625 1.59928963 1.14253095 0.01513568 0.07141770 0.14278466 0.14278466
42.32272749 5.66906824 3.01130684 0.05624875 0.13371023 0.55806819 0.55806819
33.23953163 3.44368525 1.98944731 0.03376784 0.09964824 0.33098829 0.33098829
83.83710069 25.34768037 13.94583011 0.28206074 0.05453971 1.58038408 0.32017374
77.36350604 25.63560798 14.23177742 0.25168459 0.05227615 1.74447889 0.52767551
76.57538469 28.89993631 14.12429485 0.24375368 0.05983959 1.36210388 0.42955988
73.41962663 27.05790856 13.68289655 0.27036487 0.05918738 1.69971848 0.35648744
100.74002845 23.50302217 19.82325516 0.30667238 0.05874152 0.66979477 0.31331834
99.04390308 24.53277633 19.99683112 0.31100758 0.05330440 0.64165600 0.31011416
91.53779712 24.52192713 18.51231313 0.32348121 0.05676483 0.71333009 0.33165476
92.10448141 25.20210291 18.28158006 0.30135682 0.05396922 1.04783395 0.31476975
75.34421599 26.29722199 13.94972849 0.26165450 0.05097347 1.73914886 0.45957718
77.21336746 27.63837898 13.34521834 0.25960714 0.05073814 1.76239387 0.26480762
98.39631149 22.70294684 18.82913723 0.30605926 0.06849303 0.57838375 0.20404979
84.84188851 25.69766396 13.99302983 0.28679729 0.07894967 1.49896230 0.26425861
37.34344948 4.44914512 2.45113807 0.04392504 0.11503794 0.43358624 0.43358624
91.52430205 25.33935835 18.19455418 0.29683238 0.06401976 1.08729426 0.31259036
69.15631501 32.96113732 13.90520143 0.15495525 0.05936667 1.93937949 0.91062481
72.45442402 28.27338808 13.88839042 0.23868969 0.05876715 1.44453180 0.22909692
73.12304549 32.92855329 14.31694050 0.17158750 0.05639906 1.97708223 1.00998055
56.11711035 9.04869204 4.56317491 0.09038985 0.18543916 0.90292776 0.90292776
79.33306175 24.45548024 17.19551446 0.29155513 0.05475087 0.62168976 0.68344529
88.54454037 23.59322529 17.61038711 0.29148949 0.05073273 1.03118194 0.32960625
21.00244694 0.44559950 0.61277528 0.00348106 0.05375918 0.02506117 0.02506117
95.68253714 24.67453109 19.67548139 0.29857032 0.05202092 0.52442990 0.41572352
53.97436535 8.52371951 4.32211610 0.08508655 0.17740387 0.84935913 0.84935913
52.42910774 8.14513140 4.14827462 0.08126204 0.17160915 0.81072769 0.81072769
89.59791957 23.60114820 19.11685217 0.33164025 0.06759038 0.44390545 0.32893690
81.83211912 22.62478438 18.21027260 0.30093293 0.06434303 0.71694495 0.34485942
34.89166577 3.84845811 2.17531240 0.03785687 0.10584375 0.37229164 0.37229164
55.98474049 9.01626142 4.54828331 0.09006223 0.18494278 0.89961851 0.89961851
22.03917874 0.69959879 0.72940761 0.00604697 0.05764692 0.05097947 0.05097947
73.23451954 28.41020221 13.69832687 0.24564843 0.05862586 1.54828546 0.23614549
81.44535743 22.28952060 17.97020568 0.32841219 0.05055675 0.57893772 0.43107494
81.81027927 25.02204738 14.15473281 0.28377150 0.05687822 1.54045665 0.32203797
39.31169147 4.93136441 2.67256529 0.04879644 0.12241884 0.48279229 0.48279229
61.62816956 29.43043143 13.76500431 0.24802194 0.06556740 1.39094381 0.14005339
92.29525542 22.84002439 18.16053808 0.32511893 0.06747251 0.41871915 0.28652171
96.05828461 23.70835201 18.81309380 0.30051531 0.05400807 0.55248830 0.46260769
96.62227550 22.86138964 19.70029936 0.30327472 0.05286594 0.29126015 0.28531824
78.84152614 21.84466882 18.33687629 0.30707911 0.06389642 0.75216268 0.26044272
76.89387750 22.98295360 17.83408378 0.31880973 0.05706863 0.66168052 0.37183990
84.22189740 25.17836172 18.05412587 0.28357214 0.06020480 0.72977063 0.79492965
95.16071778 24.33683969 19.70934084 0.31750929 0.05571278 0.73438925 0.47031342
101.31422174 16.35687339 18.34925871 0.21520675 0.05853497 1.77109936 0.19772132
70.30341517 28.91924599 13.92408098 0.23860919 0.05163704 1.55561183 0.34922192
100.37832351 23.79682243 18.90819628 0.30899696 0.06353977 0.32839240 0.28981592
85.77273021 24.26313994 17.79691227 0.29986413 0.05162482 1.09152748 0.27370757
79.04149283 25.32931793 17.90079883 0.28594641 0.06949068 0.65968371 0.70919899
73.45285713 30.46688548 14.01798127 0.23795003 0.05005312 1.48989007 0.34351373
61.02694857 30.97705218 13.73002499 0.17254490 0.05964590 1.75475429 1.00796742
98.93709684 24.44225733 20.31276330 0.32178058 0.05732122 0.68176909 0.27728199
66.18318145 30.71699565 16.02545772 0.16081450 0.05805401 1.71307341 1.11935062
77.20718992 25.00647164 17.85781139 0.28517899 0.05332064 0.73543324 0.71700817
30.56597049 2.78866277 1.68867168 0.02715078 0.08962239 0.26414926 0.26414926
80.36596952 29.21684017 14.24494144 0.24430080 0.06005516 1.47017310 0.34587013
89.26928473 24.08033366 18.33042831 0.29301633 0.05287423 1.08215141 0.30558408
51.10056181 7.81963764 3.99881320 0.07797389 0.16662711 0.77751405 0.77751405
99.36275407 23.74422423 18.22337661 0.32524459 0.05553387 0.67680472 0.35692207
96.71597498 23.33567832 18.75934942 0.31627794 0.06821362 0.63671344 0.29749441
80.05846332 25.34542680 14.02765479 0.25912427 0.06958191 1.65168388 0.12539316
74.69236912 28.15271873 13.30708891 0.25851745 0.05816847 1.68924565 0.41756578
78.39663225 24.97367596 17.99517004 0.29415387 0.06865600 0.72975090 0.82099499
67.44084854 31.77390753 13.74723648 0.14664980 0.06144354 1.85079592 0.85557070
32.19866509 3.18867295 1.87234982 0.03119170 0.09574499 0.30496663 0.30496663
102.86398339 24.25682728 19.61864514 0.31800890 0.05591807 0.71416425 0.31435754
100.36514851 23.42429511 19.80606216 0.30677309 0.06219423 0.69654925 0.39837414
53.55192098 8.42022064 4.27459111 0.08404100 0.17581970 0.83879802 0.83879802
90.34691812 23.98595902 19.39643294 0.32200175 0.05454501 0.39373062 0.43489005
26.34804295 1.75527052 1.21415483 0.01671141 0.07380516 0.15870107 0.15870107
89.46618593 24.81351751 18.00930195 0.30125277 0.06286318 1.10042386 0.37391984
69.01930671 29.28658549 14.28334432 0.23217707 0.05346687 1.57900142 0.44981595
74.64660672 29.72560146 14.36292325 0.24002971 0.05496447 1.43192420 0.45267264
73.31484428 29.43584782 13.58130947 0.24092970 0.06138820 1.55107841 0.37749933
22.39706670 0.78728134 0.76967000 0.00693274 0.05898900 0.05992667 0.05992667
72.74937569 29.49682658 14.25474475 0.23272824 0.05070269 1.39585075 0.49340672
85.54973773 24.36476872 17.72983486 0.28697454 0.05112247 1.01721132 0.30111872
71.30066483 29.59983278 14.22333203 0.24519920 0.05392920 1.58290237 0.33324520
36.63379545 4.27527989 2.37130199 0.04216864 0.11237673 0.41584489 0.41584489
31.31625192 2.97248172 1.77307834 0.02900772 0.09243594 0.28290630 0.28290630
101.42368374 23.93651351 19.63794635 0.30872322 0.05629925 0.76001572 0.36667388
70.04593115 27.88650516 13.90052665 0.23808539 0.05852296 1.55602140 0.38680430
85.21613187 22.36147470 18.16773972 0.30241395 0.06369496 0.56687420 0.47189532
84.22479637 22.64990235 18.04575941 0.30647549 0.06799695 0.68293778 0.44719968
75.22288585 25.62088303 14.15751539 0.25754663 0.06282102 1.74946524 0.37027241
32.01507515 3.14369341 1.85169595 0.03073731 0.09505653 0.30037688 0.30037688
94.36884776 23.48068093 19.01556856 0.28482886 0.06836663 0.67021701 0.41138093
82.65996338 25.14564276 14.10018231 0.28325109 0.06777410 1.53391456 0.27266021
28.07186981 2.17760810 1.40808535 0.02097788 0.08026951 0.20179675 0.20179675
98.90544995 25.10749316 19.42606212 0.29647888 0.05610829 0.70052167 0.40535823
96.84863014 22.98096882 19.40073688 0.30960846 0.05005145 0.81232881 0.44148762
39.98603045 5.09657746 2.74842843 0.05046543 0.12494761 0.49965076 0.49965076
96.65231930 22.32393551 20.29672699 0.32999165 0.05153972 0.77658236 0.35212151
79.08296615 27.57211040 13.58586393 0.26224647 0.06234295 1.65609516 0.33380568
106.21559359 15.97409273 18.44668299 0.21072337 0.05911532 1.87248674 0.34002884
60.91006600 33.38850221 13.95566587 0.16860836 0.05960114 1.94912729 1.14683987
74.22500303 28.36082783 13.45282146 0.27030760 0.06714696 1.67498143 0.28646614
79.37189832 25.83059403 14.56181205 0.25814730 0.05684334 1.68591626 0.25984711
76.98209201 29.04353055 12.93283424 0.25742333 0.05849968 1.61786974 0.42410186
88.42898748 24.94758654 18.17195732 0.29152291 0.07141130 1.02923185 0.26673560
77.31779385 28.27366299 13.34485843 0.25473486 0.05158281 1.68040396 0.39018864
81.73931220 25.23739747 14.73798107 0.26423066 0.05902235 1.74992327 0.24803458
