71.18091028 9.81372504 4.94977216 0.10882586 0.05893448 0.89843369 0.84116684
54.58832588 8.67413984 4.39118666 0.08660611 0.17970622 0.86470815 0.86470815
28.47887396 2.27732412 1.45387332 0.02198521 0.08179578 0.21197185 0.21197185
62.06311456 10.05443935 5.43113308 0.01357571 0.05015800 1.15139422 0.91847861
67.83342647 11.08886580 5.07264042 0.11829331 0.07236260 0.95891841 0.90510049
61.61958508 8.92243216 4.43365529 0.11113220 0.05053281 0.82678339 0.76190602
26.78874527 1.86324259 1.26373384 0.01780214 0.07545779 0.16971863 0.16971863
59.87351984 12.19381216 6.28329465 0.00400545 0.05914442 1.23355697 1.01095321
59.30889964 10.90234607 5.06300599 0.10736977 0.05392822 1.06015903 0.94662196
65.09820989 11.95093619 5.43411963 0.00855984 0.07857065 1.19263975 1.13855409
71.21661463 9.63494883 4.67163590 0.11656894 0.05162704 0.90854779 0.74077992
29.58756451 2.54895331 1.57860101 0.02472922 0.08595337 0.23968911 0.23968911
59.44418486 11.88595205 5.28207638 0.10776097 0.06473066 0.79953812 0.88084006
59.39435534 12.04946159 5.37425667 0.01650457 0.05250446 0.84640341 1.00476171
70.30409204 10.71058020 5.59161716 0.11382038 0.06517978 0.80493336 0.96512506
60.25284190 11.94775573 6.05078156 0.01967801 0.05671814 1.27067960 1.03764940
66.09628666 8.92956935 4.58625053 0.11607042 0.05311844 0.88183814 0.76802357
22.10295992 0.71522518 0.73658299 0.00620483 0.05788610 0.05257400 0.05257400
63.22090376 10.96517139 6.37905675 0.02293846 0.08132771 1.16039878 1.08654245
61.95107965 8.67467927 5.96014537 0.11353118 0.07133535 1.05068253 0.99240259
59.42843273 11.12843168 5.80910222 0.01871836 0.05786218 1.25241155 1.01915789
60.85255279 12.16934235 5.61929793 0.01576028 0.05300838 0.82642626 0.97777311
66.65821998 10.45441664 5.49528682 0.11703177 0.05486881 0.93613410 0.91202611
66.63179534 10.74487537 5.83590771 0.01699861 0.05665437 1.11558218 1.04989054
64.81982404 8.99598018 4.46721789 0.11874674 0.06391466 1.00864020 0.90038247
66.39913014 9.35439106 4.81794091 0.11942881 0.07074336 0.91967657 0.75088242
67.07843080 11.52289647 5.20388767 0.11276411 0.06546417 0.85365100 0.91136543
62.01167605 11.90758471 5.36934855 0.01657606 0.06751030 1.06195137 1.19859615
72.23821489 10.19286310 4.60742725 0.12614240 0.05060702 0.97009914 0.86140215
67.18458574 11.13299557 5.67051426 0.00468879 0.05819953 1.18834435 1.22690604
32.03620641 3.14887057 1.85407322 0.03078961 0.09513577 0.30090516 0.30090516
41.12800603 5.37636148 2.87690068 0.05329181 0.12923002 0.52820015 0.52820015
62.05390918 11.60622747 5.01690773 0.01685864 0.05448611 1.16980050 0.91739159
61.75276541 11.07159510 5.46490653 0.01919273 0.06240088 1.08619586 1.22013127
39.75591876 5.04020010 2.72254086 0.04989590 0.12408470 0.49389797 0.49389797
58.66363972 11.14377578 5.98428677 0.01529855 0.06319217 1.27080711 0.96313648
56.38092096 10.92977665 6.25088116 0.02414684 0.05194744 1.09434594 0.83234188
61.72223441 12.44440037 5.80016090 0.02056727 0.05673244 1.30711907 0.97388257
61.61447937 11.96765954 5.93439676 0.00556000 0.05319514 1.16325252 0.88619674
61.76793084 8.49755787 5.87993069 0.11231310 0.05466203 0.97537860 1.03518928
62.69184230 12.84569109 4.79056853 0.11141752 0.06288747 0.78995582 0.87065408
61.82068955 11.03459629 5.40453389 0.01928564 0.06159594 1.16543112 1.26617797
60.00629314 12.43476595 5.58143656 0.01332750 0.05403632 1.28348325 0.96737788
61.90028859 12.36332709 5.38170909 0.10204221 0.06964902 1.09050951 0.97608625
63.95622629 9.66939593 4.93865415 0.11859566 0.08039185 1.04417013 1.02983801
61.61342370 11.97081047 6.05133027 0.01588940 0.06359529 1.21445691 0.95694980
60.88523755 12.66834424 5.96623070 0.01455060 0.06077431 1.22650615 0.92549898
61.88147098 10.64677507 5.30734049 0.01436446 0.05751789 1.18822787 0.88088424
59.80878762 11.50756863 4.65475720 0.01632156 0.05904322 0.93466615 1.06899736
64.08687499 8.44929670 4.88235982 0.12275638 0.05741004 0.94660484 0.69971259
63.88068279 11.64927336 6.69438824 0.01798092 0.05794256 1.12543116 1.05866332
59.85181607 10.45169406 4.84981712 0.01637336 0.05162516 1.12376530 1.03939658
22.34077642 0.77349022 0.76333735 0.00679342 0.05877791 0.05851941 0.05851941
58.20479443 11.12207880 5.90594650 0.01282238 0.05151576 1.03907986 0.91384214
57.85830471 11.30707703 4.73842353 0.10082430 0.06987386 1.05086386 0.89836310
63.20726486 10.00054382 6.09599321 0.02088448 0.05322843 1.09740156 0.91379705
32.96480642 3.37637757 1.95854072 0.03308790 0.09861802 0.32412016 0.32412016
48.00687448 7.06168425 3.65077338 0.07031701 0.15502578 0.70017186 0.70017186
58.24457102 11.50828669 6.21534651 0.01113138 0.06329881 1.17166873 1.12425376
35.03269327 3.88300985 2.19117799 0.03820592 0.10637260 0.37581733 0.37581733
63.95647908 12.87339303 4.77508754 0.00941242 0.06914821 0.86610593 1.00280153
64.67426726 10.59031239 4.90578381 0.08237583 0.13073965 0.85388658 1.03401943
63.53660606 8.38364622 4.36737637 0.12165132 0.05269761 0.98451119 0.82124385
63.46496463 12.67055394 5.13041501 0.10798847 0.05817501 1.04030803 0.94508765
62.24393049 11.47195906 5.31354547 0.02727169 0.06944993 0.94644215 1.06780784
66.74132132 11.04431790 5.24044030 0.01145111 0.07307231 1.18215807 1.13735229
61.09282976 12.06525712 6.30189737 0.00860647 0.06256413 1.13076712 1.02247495
60.79805716 9.80904594 5.25562870 0.11026318 0.05972541 1.10074730 1.01898755
36.62720768 4.27366588 2.37056086 0.04215234 0.11235203 0.41568019 0.41568019
49.00697581 7.30670907 3.76328478 0.07279227 0.15877616 0.72517440 0.72517440
66.50428683 9.80837565 4.83344901 0.11491024 0.09877995 0.83996080 0.82110144
65.93630767 8.64168454 5.67500732 0.11200658 0.05743223 1.04377774 0.90565668
61.06425639 10.45089825 5.78371269 0.01247507 0.07215480 1.23191387 1.06669968
60.67197003 10.40717687 5.59817074 0.02320244 0.05266159 1.16393369 0.95057015
61.00313231 12.63488410 5.27793944 0.00935642 0.05461903 1.13092104 1.10264062
62.85199261 11.30034110 5.50802036 0.00954084 0.06167238 1.15715341 0.97001015
61.66999985 11.34304152 5.63895402 0.09752180 0.05609904 1.11628003 0.88890325
49.88042385 7.52070384 3.86154768 0.07495405 0.16205159 0.74701060 0.74701060
60.92300126 11.34790585 5.46081996 0.00458410 0.05099436 1.22234786 1.05345460
62.95551999 9.57714259 5.43192195 0.10859961 0.06018416 0.90812442 0.86296257
62.02001191 10.61074683 5.32757062 0.02186063 0.05711033 1.04166793 1.03949669
61.85934485 10.23045839 5.54121380 0.01196707 0.06177622 1.30892086 0.83899491
58.07149198 11.31361917 5.69509066 0.00505502 0.05563309 1.13420614 1.21672789
59.46744931 9.86952508 4.94008805 0.09868194 0.19800293 0.98668623 0.98668623
58.17980329 12.51213447 5.54387670 0.00340765 0.06909526 1.08255667 1.16628548
65.89417603 10.87965857 5.70520448 0.01458177 0.05148277 1.25845272 0.89780214
60.59374780 9.49785122 5.44149933 0.11536497 0.06406232 0.93237836 1.12623484
62.49122371 10.47927063 6.09702955 0.01190283 0.07382759 1.34592744 0.91645278
63.31264342 12.03081151 5.08610958 0.02741383 0.05683229 0.90891570 0.99549284
47.03779234 6.82425912 3.54175164 0.06791854 0.15139172 0.67594481 0.67594481
60.15229845 9.38311176 4.94502462 0.01481281 0.06069643 1.15545322 1.09802196
55.09187852 11.81548360 6.09050035 0.02296657 0.05436086 1.12932868 0.77187576
52.31582582 8.11737733 4.13553041 0.08098167 0.17118435 0.80789565 0.80789565
59.30215268 10.47547647 4.70270789 0.09901329 0.13314037 0.96599922 0.82848085
63.16992973 10.68152891 6.43803348 0.00761710 0.07595380 1.18164975 1.11405355
64.60442313 10.58689429 5.80537586 0.02025644 0.06239309 1.19705031 1.14718479
47.00201544 6.81549378 3.53772674 0.06782999 0.15125756 0.67505039 0.67505039
62.99991256 10.61404892 5.18123305 0.00594453 0.05509697 1.14129495 0.96731645
65.05430342 11.24134686 5.21795390 0.00299552 0.06009627 1.05759050 1.10644959
59.58569635 12.71778580 4.83049247 0.01676755 0.06114596 1.10741131 1.14654577
57.94589519 11.98024958 4.95439232 0.00177633 0.07622716 1.05533561 1.18636884
61.49821041 11.97837598 5.44043605 0.01975415 0.06492568 1.05951958 0.94621706
65.35688335 9.82600641 5.86077104 0.02563157 0.05291456 1.13632756 1.04646360
58.71811660 11.26489717 5.07924054 0.02559834 0.06100012 0.90320211 0.88330536
65.75782982 12.48981807 5.61158641 0.00999146 0.06347853 1.10889413 1.04331698
57.50175451 12.58707363 5.17471832 0.09978562 0.05562607 0.88633688 1.02003043
49.44300264 7.41353565 3.81233780 0.07387143 0.16041126 0.73607507 0.73607507
60.09619815 10.33568118 4.82907119 0.10383241 0.06855874 1.00433018 0.93262345
67.76986895 11.06114661 5.24803997 0.00108545 0.05844203 1.14835927 1.12018698
31.00885570 2.89716965 1.73849627 0.02824692 0.09128321 0.27522139 0.27522139
59.89819328 9.97505735 4.98854674 0.09974803 0.19961822 0.99745483 0.99745483
65.42407363 10.20411788 5.76036419 0.01267603 0.06880585 1.09458766 1.10426186
54.96903721 10.73655628 5.02013588 0.02475807 0.05099066 0.98022555 0.95366564
66.10905397 11.66104458 5.30287740 0.09881211 0.08085522 0.79156032 0.94092188
67.61332565 11.32167270 5.27228516 0.11063203 0.07228801 0.80762884 0.90226237
59.49298200 9.95531896 5.41904949 0.01267233 0.05623908 1.22029613 0.99747449
59.39331600 12.21931144 5.56627549 0.10495852 0.05670785 1.04438948 0.97883079
70.64177592 8.42420658 4.89778393 0.12419205 0.05668662 0.87172169 0.81847986
61.90961746 9.08795447 5.78784510 0.11768627 0.06980780 1.09188907 1.01818798
61.16121219 12.25517918 6.40107942 0.02461942 0.05879581 1.20521053 0.94321075
63.62560081 10.23974515 5.29754785 0.01941995 0.05524753 1.08936379 0.91585993
20.72086040 0.37661080 0.58109679 0.00278413 0.05270323 0.01802151 0.01802151
60.69847857 10.34529750 5.81767820 0.01756084 0.05316681 1.26115696 0.83943650
52.87562549 8.25452825 4.19850787 0.08236717 0.17328360 0.82189064 0.82189064
62.35078609 11.57457597 6.11970803 0.01753579 0.05246327 1.24478307 0.99437184
59.10681766 8.98050147 5.48052824 0.11183144 0.07459149 1.08220029 1.03884962
62.34694991 11.58447340 5.78740170 0.02067324 0.05169225 0.87105851 1.11626162
41.75242160 5.52934329 2.94714743 0.05483724 0.13157158 0.54381054 0.54381054
