57.33808955 2.36407057 1.69673470 0.06586127 0.14379868 0.14912360 0.70282574
55.55457798 9.89051527 4.60628816 0.07032695 0.08369330 0.56267450 0.16478357
56.39183474 0.68137279 4.80803628 0.06520159 0.14115634 0.49032324 0.99395241
32.87497456 1.51124521 2.39864758 0.01928193 0.06187207 0.80084105 0.51264576
53.32690388 9.17051658 4.64975165 0.09013882 0.05496326 0.39759288 0.23055026
58.97319815 5.54679817 3.37524146 0.03206338 0.07657001 0.58540853 0.49148616
32.40619225 3.30387953 1.92286626 0.07460341 0.11386644 0.05416629 0.38485858
55.15724038 9.95285455 4.32530743 0.05969316 0.05609205 0.46042437 0.65816399
51.28213654 8.68282822 4.80065356 0.08395898 0.06998863 0.78861913 0.19819371
59.11431500 9.74817766 4.37762798 0.08584089 0.06263653 0.92206854 0.23028371
56.26137280 8.64853589 4.35219260 0.07875694 0.06000922 0.45486597 0.10907449
52.00928877 9.19991833 4.41095171 0.09374340 0.05238361 0.44393509 0.15828213
52.67272935 9.20833277 4.07672933 0.05524820 0.06608125 0.54884561 0.08991849
20.43329344 7.43375787 2.04489001 0.07575234 0.12120732 0.85036380 0.22493864
49.98950191 9.66042729 3.97519468 0.05887823 0.07522469 0.37777370 0.39918875
43.60966929 2.89929030 1.16376684 0.03370206 0.18555021 0.19452371 0.77553536
46.18839406 0.90563122 1.49537098 0.00281003 0.16434328 0.95166588 0.12123170
49.06151510 1.45751098 1.46688079 0.08281266 0.15811393 0.94576830 0.34892779
20.66718944 2.99953674 3.19001557 0.00135495 0.18220174 0.41247780 0.56838878
51.47303648 9.47106641 4.06703280 0.05580340 0.06496776 0.39363283 0.34834979
29.57288506 4.48337351 3.33621979 0.09278863 0.05986400 0.61230856 0.72779620
55.05360417 8.50607809 1.32451014 0.07790259 0.06308115 0.22944578 0.44202902
31.90362535 5.93293938 1.19442646 0.09630182 0.18639872 0.67794954 0.89568355
26.60073953 7.53124720 1.95766104 0.03577620 0.11381880 0.62867033 0.16954979
52.81441306 9.62814701 4.63666635 0.08422676 0.06124750 0.76630196 0.33671807
56.16102266 9.07196933 4.06560517 0.07265915 0.06063354 0.74318196 0.15651215
57.97572805 9.29877673 4.23930688 0.07101026 0.05876837 0.75807375 0.58921975
52.05209155 9.82774248 4.50765751 0.07539695 0.05496133 0.85739230 0.30209743
37.87243164 7.31356235 1.16554855 0.03312518 0.14531491 0.77744675 0.95792694
54.64416239 9.70121377 4.17393041 0.09732485 0.06514913 0.80968968 0.73840696
52.92263774 9.13443236 4.51174959 0.07505280 0.05350062 0.92300487 0.19821863
55.19594155 9.60445920 3.06100416 0.06176911 0.06656006 0.94351169 0.07814554
45.52434606 8.08950994 0.66313752 0.06601435 0.11699943 0.36139835 0.21106549
32.31758763 2.94094696 3.63811582 0.03689184 0.13839394 0.93268995 0.12858620
55.49342681 8.08140000 4.26613099 0.09828184 0.06346410 0.77195782 0.16190535
51.80551713 9.62016300 4.16071293 0.07954241 0.05438211 0.91968819 0.22600811
26.88379705 4.83937387 2.95581974 0.00392846 0.18743375 0.63149586 0.80613577
40.16563409 1.17609031 3.91100468 0.07160206 0.09783192 0.08048731 0.37561947
59.65957051 6.47762689 4.46140492 0.01709309 0.07196325 0.59924769 0.23935708
59.65571817 3.69931963 1.67514565 0.08474594 0.12129796 0.36538945 0.68679718
47.27096348 0.29924758 3.35646044 0.02279058 0.16426479 0.67093451 0.31516606
50.57470422 9.47199778 4.66869448 0.08190625 0.05712849 0.72901601 0.30519904
29.01296702 6.01432262 1.28126429 0.09523486 0.12720855 0.47541801 0.34771323
50.31775474 9.74187802 4.37467771 0.08485060 0.08462673 0.41062485 0.00006081
49.09604123 9.05519747 4.72877947 0.09949341 0.05062299 0.51198364 0.10178069
53.66759647 4.01702967 4.60400474 0.08808828 0.14016604 0.13108154 0.03959992
49.33561583 8.07273354 4.40420122 0.08579130 0.06061395 0.51823581 0.04684706
30.68228195 3.61195987 3.95423972 0.08307696 0.08434811 0.87683226 0.73175010
58.85707443 9.70808008 3.92676145 0.09521928 0.07065422 0.94209444 0.04466141
56.65838248 9.10915721 4.70149811 0.08255423 0.05386835 0.71024457 0.58442402
46.75729530 4.54340688 4.37882964 0.01155772 0.14908222 0.11620104 0.19147276
38.65534209 1.81229986 2.71482687 0.05917008 0.07607619 0.65811258 0.27096517
54.51471675 8.67359261 3.95470037 0.06057775 0.05698468 0.94928345 0.15771373
53.43948798 3.88632074 3.09814791 0.07069174 0.06391461 0.95879116 0.61149558
57.25072487 8.94109906 3.96314067 0.09707281 0.05070223 0.54320442 0.10650341
56.72543282 9.20122891 4.06656998 0.04576625 0.06028174 0.61992788 0.41633076
42.81918701 2.92877875 4.55713283 0.09796466 0.12110854 0.07104958 0.83842266
59.39261934 7.12541083 3.79399211 0.03197549 0.19158446 0.45669568 0.92669713
53.66048213 8.64704623 4.05996045 0.07645869 0.05668081 0.64250823 0.23170694
52.11739903 9.96131959 4.60275333 0.08523028 0.05109687 0.89984048 0.28405485
54.50023879 9.67607349 4.49826475 0.08042935 0.07037815 0.44691984 0.26402763
55.96462739 9.01194837 3.98046032 0.09004512 0.05080175 0.51331384 0.58354486
56.96280018 9.05151350 2.20273959 0.09125801 0.09179527 0.96804500 0.00358823
53.71188578 4.32928713 4.11541021 0.09198228 0.10553452 0.11430010 0.61812968
28.75221780 0.97645219 2.43818552 0.04329627 0.18809004 0.72369504 0.41329727
51.04697073 9.51833810 3.64576733 0.05048551 0.05203734 0.53464870 0.27469589
55.26681628 9.03906948 3.97551042 0.08558154 0.06801517 0.71479693 0.72400127
57.82200217 7.96166912 4.37473129 0.06376894 0.06808976 0.82314086 0.43175959
49.29893447 5.99145014 3.63980414 0.03537497 0.18505329 0.29220232 0.01633017
49.27994415 9.18047515 4.98587281 0.06506299 0.08312888 0.60942542 0.61671074
39.32699550 1.57245075 3.26058877 0.09172360 0.19711767 0.82199946 0.19532300
57.18857628 9.73792076 3.89219121 0.06579343 0.06177395 0.30904953 0.40247561
39.92587260 7.42078823 2.92746188 0.06419079 0.05217863 0.20310006 0.70445040
56.81404565 9.84299003 4.28185913 0.09300304 0.07908369 0.39827978 0.20825541
53.15458214 9.82632366 4.55531826 0.07908694 0.05688197 0.43768314 0.12610104
26.29111024 6.20371223 1.57516546 0.07597708 0.07360484 0.40241264 0.84507331
47.01370147 8.37805210 4.53924290 0.08703350 0.05434888 0.90529007 0.05584142
54.43435937 8.73866783 2.60641206 0.04030182 0.10505286 0.32098409 0.76582719
58.07830841 9.06111356 3.59719807 0.06500375 0.05755404 0.92390425 0.00124861
20.62310974 1.13421480 3.13468263 0.05165817 0.07799862 0.24023202 0.13681454
57.18278622 9.20210201 4.12539109 0.06256681 0.07019415 0.67013468 0.43680671
45.66146780 8.29498224 3.28029257 0.09225575 0.07579009 0.77981472 0.56375519
58.97803516 9.17294730 3.38448611 0.08801110 0.06402038 0.52483663 0.09875815
55.25298055 8.92355734 4.40112885 0.07551203 0.05338866 0.56224490 0.60189604
37.86753327 8.20533554 1.73949382 0.04214927 0.09308016 0.80073035 0.58391464
23.84728675 8.61425755 2.06763053 0.07130828 0.07761982 0.50432731 0.93073358
36.58185758 3.20804498 1.83337884 0.03224597 0.06390665 0.74801014 0.82958504
59.98202438 8.68249757 4.02618328 0.07981487 0.07490482 0.36747812 0.19192963
54.91147418 9.10589215 3.87121932 0.08644058 0.05228405 0.92877375 0.07052571
29.59150687 3.67419143 4.62240966 0.02779281 0.07980708 0.97662348 0.32779256
50.29232268 9.80843253 4.80620323 0.09290645 0.05780449 0.54116811 0.09578701
38.84205654 1.49570459 0.81657238 0.02745237 0.19984428 0.87735399 0.61227002
52.13744348 9.98322669 4.56535536 0.08312867 0.05970339 0.77841532 0.19014235
53.22853093 9.37313364 3.91082129 0.06121614 0.07772917 0.29193310 0.39267423
21.46738489 1.65095368 3.50914856 0.07364971 0.15697441 0.24460491 0.00412822
57.56503912 9.52003461 3.77165993 0.09615453 0.05318621 0.60181134 0.09161979
54.02184641 6.53237381 4.18566633 0.06228490 0.07314547 0.25292926 0.76536828
51.56900057 9.10345811 4.25752016 0.09624672 0.05165110 0.32037689 0.10490301
56.26455224 8.80516413 4.33230752 0.06344135 0.07178868 0.46263779 0.58248355
42.77962087 5.98045809 3.88217299 0.05882926 0.08024424 0.79973775 0.35342051
55.60229118 8.73514441 4.36130527 0.07464130 0.07516535 0.74652963 0.58092079
49.31474417 0.89230727 0.71459553 0.07669616 0.05747584 0.04177866 0.74949470
21.34141272 9.54312001 2.32606559 0.08319620 0.12942376 0.96006870 0.78631688
53.04079664 8.81627903 2.40281210 0.06013716 0.10076179 0.89202477 0.40920049
54.72131526 8.27661387 4.24976802 0.09187698 0.05671876 0.89215333 0.21172070
57.28247295 9.43426689 4.20314517 0.08525896 0.06375263 0.97448870 0.12980184
58.50494051 9.47318318 4.44324463 0.08352839 0.06247256 0.78852520 0.11589094
51.45630061 9.27250772 4.72966721 0.05750856 0.06857993 0.56855557 0.54492779
31.65739698 2.69702301 3.76375101 0.09214899 0.12685267 0.12829674 0.36432115
54.65821652 9.81986820 4.33067616 0.08849042 0.06907995 0.35684917 0.13560447
55.29465695 6.16614704 4.08798970 0.06823683 0.17081651 0.45938009 0.21582053
41.64896355 9.42735373 1.67971731 0.03835987 0.16176998 0.85292531 0.84573957
52.89759324 9.14229621 4.12968495 0.09931750 0.06159695 0.49762704 0.03397382
53.67107002 9.62610907 4.04061178 0.06887887 0.07318887 0.36696772 0.38532011
51.24554395 1.40686157 2.62398215 0.05850963 0.09904815 0.25598528 0.52055232
54.43350013 8.24704299 4.74311520 0.08814459 0.06499187 0.81625772 0.47688047
58.25242500 9.32259536 3.93815446 0.08493736 0.05927951 0.83822747 0.14295304
54.91540837 9.78865351 3.65910274 0.09005850 0.06637546 0.76944711 0.76930896
21.48915337 8.85152032 3.38117269 0.09975300 0.09562171 0.10861979 0.07222116
24.93289562 5.89151967 2.04352317 0.04914918 0.12217012 0.88745175 0.82472904
51.17674195 5.67454957 3.15521369 0.07065497 0.10501350 0.99570623 0.64982997
33.11317681 2.23948093 1.72744652 0.08929372 0.09447323 0.55585022 0.83634634
24.57415370 6.65056954 2.22053199 0.05032396 0.14653066 0.72144361 0.43650752
45.54223041 9.79202790 0.97532493 0.06403787 0.08573664 0.81574121 0.74842445
56.64466526 8.13152418 3.97318892 0.06594277 0.06920825 0.71023009 0.47558532
50.81952572 9.15672503 3.83050142 0.06474837 0.05715807 0.87976597 0.17823265
53.77043756 9.77021156 4.63273207 0.06385894 0.06408375 0.67988626 0.50148398
55.68394193 8.88369731 4.32096089 0.07078147 0.05971720 0.75115771 0.54149010
