44.74472853 6.23391086 2.99441409 0.07803502 0.09125343 0.38447361 0.27974830
49.25487308 8.13858131 4.46696906 0.07991593 0.05958595 0.35654817 0.08128495
22.24077942 3.57392250 3.76468283 0.05984736 0.05004863 0.35463047 0.92902171
49.20561159 9.64256279 3.91328267 0.08693160 0.05403120 0.92720320 0.08258838
25.66123736 3.89326708 3.44710524 0.02437176 0.06113555 0.53482768 0.05947070
50.97558005 7.11095721 0.90503235 0.07656076 0.16675349 0.57569167 0.00621525
58.51846922 1.30792286 4.80649164 0.01300279 0.06982390 0.64317603 0.04203074
47.32828780 9.07223672 4.35660271 0.08807601 0.06009036 0.77788102 0.20814195
55.28534122 8.35314622 4.10744124 0.07646705 0.05466713 0.44871471 0.64249474
56.80152386 8.50932478 4.39803423 0.07621597 0.06140446 0.68068653 0.59272318
52.96197217 9.90518952 4.90487016 0.06465373 0.06504725 0.61654432 0.54923094
52.71511926 0.95644572 3.68491846 0.07892031 0.07825064 0.50298501 0.69642553
47.66754250 3.71565507 0.62973473 0.03157230 0.05095915 0.01883328 0.76714376
34.33536292 6.01867215 4.33774828 0.08476500 0.16160622 0.06202900 0.50904704
53.42869834 9.47084804 4.77838114 0.06611947 0.06650449 0.63581464 0.49768697
53.59879739 9.08084102 4.47669871 0.09275694 0.06772400 0.35062446 0.18463661
37.82491172 2.86286851 4.36850636 0.08635772 0.19073709 0.60715832 0.60863635
58.05276645 9.27548711 3.86538780 0.08260098 0.07260998 0.87055061 0.19370231
53.79438490 9.54227174 4.11538659 0.06000530 0.06647779 0.58001121 0.46101531
55.05491889 8.16976361 4.11871141 0.09531220 0.06393511 0.81587185 0.12426520
54.28566652 8.58502100 4.31759120 0.02243574 0.13825075 0.44916223 0.69468672
28.91304217 7.04450993 1.47247407 0.00948929 0.09784034 0.55020653 0.07620034
53.81333274 8.88131934 4.79859323 0.07708155 0.05412729 0.67819113 0.63949306
55.30027234 9.49495156 3.90913224 0.06474423 0.06209834 0.72784401 0.57422516
51.35315937 8.89666197 4.26009698 0.07992820 0.06198184 0.77610662 0.29711614
52.96914503 9.64418200 2.19581278 0.01158935 0.11351819 0.71732508 0.04255624
58.43236480 7.31218523 4.37059553 0.08504110 0.05486982 0.48867813 0.06308993
49.35192991 8.07401287 4.01928028 0.05497998 0.06212824 0.78267300 0.17279582
48.45389974 9.08704071 4.22455917 0.07377619 0.08191106 0.77125972 0.14313547
59.21339870 8.85155517 4.46386341 0.07793508 0.05678518 0.31339948 0.13235262
25.49364701 2.29978627 4.17691849 0.09359137 0.13233098 0.53807336 0.95512187
53.12740110 7.81461780 4.71715902 0.09896508 0.06901129 0.75259394 0.14033864
58.83313211 8.93671773 4.30562182 0.08147578 0.05613214 0.87020211 0.26596918
52.31650727 9.37120231 3.52768881 0.09647812 0.05141183 0.75187449 0.65396129
54.73366879 8.15545266 3.94204916 0.06914017 0.05849427 0.43466635 0.06406368
55.16306810 8.92403686 3.91622060 0.08389137 0.05383720 0.28142546 0.31531747
59.11710953 8.58094748 3.85745311 0.05480347 0.07084918 0.37441432 0.30489674
31.93005987 6.48721680 4.58856475 0.04952421 0.10757932 0.62703943 0.13652103
48.26487331 9.80484648 4.93632782 0.05339481 0.07510346 0.50638139 0.56487500
55.22091941 9.75165287 4.02607619 0.08029152 0.05249669 0.36833247 0.18132147
56.77673543 9.08754185 4.79708958 0.05568891 0.07152721 0.54683577 0.53716169
50.57391373 9.86726639 4.06293053 0.08883293 0.06803858 0.60665877 0.55015810
47.67864571 2.70239583 2.87541337 0.04576764 0.09106954 0.73743043 0.16923990
36.59823718 6.98803327 3.51389056 0.08506877 0.08923675 0.93739291 0.30314470
46.14121796 7.61875328 2.78383343 0.02069458 0.09674935 0.21316693 0.99361336
34.72365023 1.17573801 0.87939871 0.07929720 0.08234348 0.68224921 0.51618618
54.88555224 8.91055397 3.79768027 0.05909042 0.06854314 0.87329510 0.16220583
55.09048496 9.65118704 4.83562286 0.07000001 0.06279172 0.38628311 0.43820754
55.79484949 9.71344300 3.71459015 0.08468644 0.05789514 0.32934428 0.14584097
41.02190617 9.29337426 3.92940085 0.01030993 0.13558820 0.33451183 0.37147918
53.39580731 8.73382261 4.66958711 0.09208338 0.06092498 0.77332257 0.50001829
32.16121366 0.62412011 0.94801968 0.03162626 0.16358423 0.97611248 0.55113834
57.84459959 9.76316957 4.22571656 0.08535686 0.06207731 0.22961409 0.16493125
57.23354401 5.62000982 4.66844662 0.00517186 0.17592645 0.24034165 0.15537407
58.62586276 9.75294252 4.41030377 0.08141877 0.05420380 0.75959565 0.06121583
53.35315046 8.77468337 4.14554841 0.05746917 0.05894990 0.90492305 0.14555478
50.69898175 7.56932382 3.02324175 0.06247940 0.15474772 0.18967939 0.91163582
35.65117300 8.61367439 4.64941889 0.08731468 0.15987380 0.15719541 0.33148125
49.74165400 9.63606388 3.90032314 0.06473590 0.06593020 0.84918270 0.19826022
51.23102004 8.44114402 4.26274542 0.08096707 0.05552726 0.40187765 0.31455926
59.68500957 8.61359096 3.84498434 0.07746423 0.05324189 0.86057852 0.67059701
22.61232950 7.75753713 0.97054298 0.04242104 0.12828853 0.91002022 0.86249524
55.55114062 9.44452992 4.66625446 0.07973105 0.06949290 0.80532603 0.08279585
48.97600045 9.37380789 4.09423251 0.09328587 0.05184133 0.61937419 0.65986885
52.90763008 8.84468619 4.17820787 0.08083986 0.06794804 0.35418160 0.07393163
31.67254011 9.92322815 1.96723638 0.01139454 0.19967128 0.06233309 0.64299361
51.19829512 8.99826618 4.75463112 0.06985547 0.05146705 0.91861135 0.17287170
32.62211895 2.52708539 2.71487308 0.01005961 0.17051704 0.06584362 0.45083500
51.12435634 8.73659793 4.50959285 0.08300914 0.06183336 0.77222259 0.09574263
46.97096368 0.46023701 2.70130496 0.03481755 0.10361706 0.26820214 0.66874464
58.76431022 9.58861870 4.16694955 0.08258256 0.05932234 0.33617134 0.19737445
32.72819530 2.81248822 2.86704258 0.07587456 0.12384420 0.25027597 0.35317373
53.55918713 9.39376334 4.14111189 0.09782682 0.05055952 0.36146086 0.03326040
34.50792685 5.40588265 2.20135412 0.05713966 0.17902759 0.63273268 0.42126573
52.85731743 2.64736042 3.79729675 0.01008315 0.11538216 0.25618768 0.78149445
53.55244014 9.68143471 4.30116454 0.05722555 0.06096996 0.50728655 0.66560253
53.58017081 9.66074926 4.05749048 0.09504906 0.05657411 0.33739185 0.04071253
55.31319438 9.71150057 4.29536601 0.07448241 0.05535754 0.39155841 0.08144317
58.93754993 9.61834385 4.47723220 0.08850636 0.05923502 0.91943111 0.25841062
46.22817731 9.09160613 4.40489895 0.02310861 0.16250969 0.97334950 0.60359140
54.27269825 8.65847648 4.05554923 0.07187056 0.06080492 0.64677691 0.23696465
54.44713054 8.26062702 3.89466459 0.08454850 0.05179312 0.33839917 0.30448240
55.21382980 9.87651213 3.97380612 0.05937900 0.05651064 0.43751748 0.60270161
59.82189617 9.96125206 4.62763949 0.05970543 0.06796426 0.43859506 0.47145142
51.77459159 8.09858836 4.00105223 0.09596289 0.06116901 0.87998531 0.20846685
58.59136376 7.65653943 4.45534662 0.07750159 0.05652871 0.48239700 0.12912167
55.90039150 7.95369636 4.82934816 0.09574792 0.07745800 0.88110570 0.32955631
49.57771475 9.12506457 4.75690088 0.09543205 0.06196340 0.41132993 0.12446879
47.65306193 3.28372293 2.00714662 0.06277976 0.18836185 0.16815312 0.29495752
51.14816446 8.99792993 4.36915576 0.09958857 0.06023099 0.39601909 0.12843738
33.03073678 1.62100121 0.98607155 0.07975462 0.09113319 0.07876033 0.11409871
33.82140531 1.79188486 4.17084374 0.02151753 0.06790936 0.06828465 0.91836037
59.15120339 9.66245928 4.00232694 0.08165663 0.05564117 0.88654731 0.28718455
58.36969758 8.90297795 3.67739499 0.09690179 0.05243670 0.62296349 0.03603904
51.10785243 9.28204938 4.08406377 0.05957165 0.06125488 0.40896136 0.41975419
46.98914060 9.68882217 4.81014902 0.09743377 0.05093264 0.56050446 0.06246805
56.27408579 9.01839604 4.36381946 0.06574139 0.05019167 0.77050859 0.53158161
56.23427318 8.53902584 4.18213600 0.06289908 0.07062486 0.49671217 0.68696818
53.98450165 8.23710767 4.15852858 0.07948260 0.05867680 0.64114780 0.50371432
47.49615881 3.60538259 3.69821155 0.09372270 0.05562292 0.73278816 0.00851243
55.57107465 9.06339773 4.52936353 0.05455184 0.07868547 0.50832102 0.53999514
50.93059842 9.93136017 4.44306787 0.09577384 0.05740476 0.33166131 0.21043153
32.20441259 1.65365247 1.70645214 0.02072283 0.05056392 0.17756724 0.88503055
46.06531049 9.56850845 4.03185870 0.07769082 0.05555813 0.99192939 0.15176978
29.87747426 3.11020141 3.45517366 0.01518802 0.19575514 0.15241562 0.60119750
27.36166290 9.30857450 4.76069658 0.02134005 0.13911010 0.64046321 0.12162054
53.42182052 8.46144796 4.76504113 0.08436717 0.06330702 0.55019694 0.59179022
55.22886497 8.88503742 4.15213865 0.07327762 0.07084633 0.81013639 0.65484378
50.71231204 9.36050140 4.88536286 0.05461522 0.06130836 0.61303340 0.45177644
28.61302930 6.12516729 2.47265538 0.06818283 0.05706532 0.67546502 0.61702776
57.10497088 7.48436691 4.33573616 0.08264333 0.05050530 0.26387248 0.24713423
54.92346976 9.93778822 4.87211004 0.07213653 0.06009267 0.61348573 0.63588492
52.69369035 8.23080263 4.29479570 0.08329235 0.05180426 0.60325715 0.18051074
58.21749349 9.38328409 4.25303017 0.07381816 0.06067604 0.40676456 0.11235808
48.21353815 1.82257322 3.73563873 0.02752459 0.11192067 0.10950720 0.75207751
54.14266030 8.25906664 4.23391676 0.09837961 0.05597767 0.87984514 0.16691336
58.38685594 9.79082080 4.38935776 0.07986170 0.05402388 0.51043193 0.16814941
23.79927611 8.22953773 4.74728050 0.04937902 0.16840642 0.91186989 0.06326797
50.61662053 9.50968026 3.55978487 0.05031324 0.06846013 0.43979552 0.41066917
53.17407845 9.33291349 4.04266082 0.09520577 0.06832365 0.42608981 0.13874938
56.51601907 9.68905457 4.45506569 0.06241707 0.06236564 0.70699527 0.56517194
39.91082748 1.87506403 3.20312228 0.05533086 0.09668788 0.32788041 0.39447959
50.01621007 9.52485821 3.45102681 0.01824296 0.14162727 0.96412549 0.44911086
43.55433873 7.51632620 4.72008755 0.09595418 0.09958109 0.42259384 0.19515524
32.18326130 8.31810903 2.64474186 0.02295224 0.14801414 0.61811847 0.40552511
54.58830345 8.89545354 4.15831567 0.06762039 0.06395369 0.76186351 0.28985529
27.57455373 0.56517673 1.31451392 0.08024792 0.07839659 0.26275415 0.50141318
21.68002792 6.45256813 3.36857938 0.05826229 0.05167589 0.46724759 0.82614178
