52.36756484 9.37452885 4.05940199 0.05400469 0.05945023 0.80792637 0.28352056
49.46256040 8.36695713 4.40238940 0.07350971 0.06323120 0.58203507 0.07792923
51.98806411 8.70620948 3.56818234 0.07109386 0.06586349 0.66898938 0.17283633
24.20125003 7.57516936 1.35037968 0.09567271 0.09550325 0.16718376 0.88777538
27.31910629 3.56343876 2.56099369 0.00764328 0.10495479 0.97872732 0.10533326
30.78944001 7.19149520 2.60471753 0.01021953 0.10922547 0.95393152 0.30034115
26.51827124 0.31601702 1.17731591 0.05323909 0.15106457 0.60510427 0.90167759
52.86796971 8.69004448 3.51739533 0.08815999 0.08146632 0.27515815 0.32901578
22.16578411 8.22670447 3.39535799 0.01694565 0.11944398 0.33368700 0.21186812
53.35959813 8.90722525 4.01055601 0.07946997 0.05742916 0.52043192 0.33130393
51.68518804 9.57420693 4.13636193 0.08131051 0.07504845 0.57553439 0.13924503
27.37821511 3.43747452 1.92281342 0.03090697 0.05332939 0.02662227 0.38188935
57.83522544 8.79903169 4.73852893 0.06875745 0.05517385 0.67856257 0.29820442
55.39793173 8.57459677 4.84299797 0.06798352 0.05630707 0.85531285 0.14384125
45.64763678 9.53761118 3.66039947 0.07443993 0.05281552 0.44330801 0.30665269
49.77630970 8.54235481 4.09337746 0.03099686 0.08724920 0.67348265 0.20943678
53.90069461 9.71835880 3.46041821 0.07322873 0.06495893 0.60041023 0.25490490
59.08921684 8.47750005 4.60506150 0.06767869 0.06628625 0.35720706 0.05802304
48.85734197 9.01276230 4.02095271 0.02447179 0.05819705 0.64552032 0.07079119
39.61927324 6.48390377 3.01856994 0.02400232 0.12060098 0.06164038 0.95079064
55.12272190 8.71040847 4.45341856 0.06603003 0.07729169 0.87607815 0.33030301
31.22500744 8.74971054 3.03218403 0.04761905 0.15726379 0.02687220 0.42864446
48.68342076 7.59131233 4.11907692 0.06406865 0.06830657 0.62939267 0.25094401
49.14524092 7.01940015 1.95833482 0.00284223 0.18166787 0.34969134 0.88452202
54.33854379 9.77187714 4.05492156 0.08549153 0.07631412 0.14577713 0.29824879
59.85911370 9.23361258 4.60480779 0.07292125 0.05091307 0.63367654 0.18472942
57.58651620 9.35618477 3.96777917 0.06188812 0.05279243 0.69373724 0.21735130
20.74943077 2.76885205 1.87152652 0.05834345 0.07859582 0.21219786 0.51556864
55.37116946 9.51849301 3.35323366 0.07100606 0.06264228 0.58653207 0.08037110
45.33201094 2.27507990 0.65164319 0.08096683 0.05668763 0.47809636 0.05449758
47.58486200 2.39925665 1.50370297 0.08815307 0.05773601 0.95641364 0.12881168
56.85107555 9.24130367 4.80968746 0.07856534 0.05516783 0.66393672 0.31263654
57.18710606 9.83706126 4.87650080 0.06217620 0.05358900 0.76695225 0.35895398
45.05958848 6.79360519 2.45843089 0.06262270 0.16129937 0.38412179 0.54552628
51.63040569 9.26251005 3.81968507 0.07647886 0.06193536 0.56191990 0.09550349
56.06506396 8.76829103 3.86726617 0.09180555 0.07118199 0.55096273 0.23511305
57.78874863 8.16730995 4.83882991 0.05346694 0.05477382 0.85069632 0.42731720
54.06811206 8.33253039 4.30583188 0.06025075 0.06162494 0.55112481 0.34920698
50.79701863 9.39089152 3.85359444 0.07254108 0.06707890 0.54056905 0.19599388
48.98762955 9.01373784 4.28038224 0.06650518 0.07464550 0.74708794 0.32293328
50.84373828 8.35140011 3.72724843 0.08515737 0.06699427 0.40009564 0.21644737
50.17007944 8.58090997 4.35452339 0.06623204 0.05414751 0.51852662 0.13421138
23.11037499 0.94766254 4.93688374 0.01571352 0.15749428 0.27656760 0.81623458
42.43320508 4.72854803 3.05135218 0.05190546 0.18450296 0.13346641 0.62229774
53.80660713 9.49688950 4.14448134 0.06486242 0.05187684 0.66260486 0.10112838
59.00390193 7.38120049 4.80879677 0.09394517 0.06715544 0.62590032 0.12818020
53.78080789 9.30815923 3.95616746 0.01898594 0.07206043 0.75589602 0.08701400
50.64633511 8.40069440 4.81582578 0.09628461 0.05865911 0.52762328 0.79652693
28.75887489 8.24261416 3.45258587 0.07499451 0.16820665 0.17970650 0.08946294
53.74601732 3.90313067 0.98052046 0.06201412 0.19371078 0.01831714 0.95945060
53.04667133 9.37427587 0.79982611 0.03239066 0.08757755 0.15556567 0.09043432
56.36267523 9.18683978 4.57970482 0.08691857 0.06474945 0.68544216 0.17272770
54.21520941 9.17082525 3.91492429 0.06285238 0.06521087 0.16717877 0.75012122
54.83818501 9.02721714 4.58162876 0.05883187 0.05874276 0.67113379 0.44600429
31.31351224 9.35239520 3.91045022 0.00813155 0.10280114 0.08774052 0.03576545
51.87195844 6.48681886 3.59314787 0.04667350 0.14867243 0.76046064 0.09213201
54.81131478 8.25219689 4.32118849 0.07350397 0.06678965 0.61869363 0.42383586
55.71813938 4.33074690 2.17171931 0.03996805 0.15511254 0.66462934 0.61985859
48.13592020 9.47382935 4.15094216 0.07634214 0.05933323 0.36753923 0.31200735
59.84184172 9.44431429 3.57724320 0.09062928 0.07750136 0.20269238 0.28729896
56.59996659 8.37508731 4.07812573 0.08383293 0.07339200 0.18213621 0.31499377
44.97698565 3.52510229 4.08518673 0.06590995 0.09765742 0.34746715 0.18793711
57.07814950 8.10512340 3.94133440 0.08491119 0.05880100 0.43196246 0.26094888
50.70297490 8.77185088 4.06531675 0.05913192 0.06130033 0.60214299 0.25401490
51.56321151 8.60540466 4.38622251 0.06665302 0.06579083 0.54529691 0.16509380
57.57903697 9.21259420 4.37536576 0.08430931 0.07600886 0.15476144 0.24023173
58.78730479 1.64453536 2.49729874 0.03035909 0.10661372 0.67069360 0.43346160
56.69170144 9.99166417 3.93779176 0.05958720 0.05680315 0.75278263 0.04312562
30.25294518 6.30422442 4.48155770 0.07330769 0.09813160 0.87846952 0.96925323
56.95595177 8.17770767 3.87068624 0.07597888 0.05488875 0.54661279 0.29721946
38.48998517 0.81009643 4.81269490 0.09927465 0.10640143 0.23627800 0.59701469
50.25933405 8.53293122 4.89322820 0.08061045 0.06465780 0.59980646 0.52110762
50.59192951 3.43674655 4.54493128 0.02899216 0.13567146 0.20006278 0.87135367
50.18060933 8.56622365 4.37698607 0.06937621 0.05750704 0.65244542 0.36570687
38.58827406 8.40696468 2.90573156 0.05249613 0.17324413 0.16923776 0.24502475
54.77042874 8.98803568 4.18399402 0.06481630 0.06022955 0.64089280 0.38207109
45.16692500 7.47384032 4.69468376 0.05946795 0.11841795 0.39539223 0.80788654
52.35550646 7.45008674 4.50313809 0.06586768 0.06477801 0.30453966 0.18471363
20.48008464 7.37486267 3.74043798 0.03204515 0.17967090 0.64212894 0.99636594
35.79579892 2.22297697 3.78728863 0.09172262 0.11791522 0.24031290 0.64927689
56.73656091 8.45190464 4.14961416 0.07921993 0.06563799 0.33593917 0.26727496
53.98839497 8.66848061 3.95626249 0.07043644 0.05864589 0.46831844 0.28008873
51.50260766 9.36135476 4.23056361 0.06313108 0.05252516 0.74862338 0.12519754
57.03883619 9.41686619 4.20524127 0.07561243 0.05350077 0.56036441 0.33043734
49.26846163 9.10210167 4.79820410 0.06236952 0.06038288 0.87467943 0.37120660
59.07977505 7.95762976 4.52372954 0.06118875 0.05296770 0.62651536 0.40139640
56.80950776 7.97203346 3.59487582 0.08768407 0.05981763 0.53078488 0.10704277
54.88252157 9.89233768 4.22245926 0.02962430 0.06219376 0.74894285 0.01875242
53.04577774 7.70833614 4.87163440 0.07406121 0.05868502 0.73259632 0.26712889
52.91501099 0.27890856 3.10558782 0.05460890 0.17275189 0.06383915 0.33344011
58.36993650 8.60592186 1.63577092 0.00487738 0.12883888 0.53110247 0.15108608
58.90050342 5.84644371 0.60865544 0.01057298 0.17384431 0.44053799 0.17117783
57.35563881 8.73153594 4.50983295 0.05178174 0.07376971 0.70523717 0.39221191
23.73513529 4.67804767 3.11143855 0.00608841 0.17426070 0.55602666 0.10069871
51.74560975 9.25707559 3.61616439 0.06195941 0.05684739 0.87247435 0.17536842
52.68871246 9.24551200 4.67553901 0.05412071 0.06291138 0.61966134 0.39262451
26.10648775 7.01462956 4.77637299 0.02937100 0.17383574 0.85682813 0.56046546
49.55858409 6.34029548 0.56445696 0.02670601 0.09775925 0.92123954 0.40281347
41.85413193 4.49608662 2.20869940 0.07434519 0.07210536 0.70468600 0.14675947
31.58789960 4.19751796 0.83189459 0.06078322 0.09713836 0.57007604 0.02843958
44.33298547 5.41673811 1.62835166 0.02947488 0.09824945 0.60595576 0.83212607
53.21542035 9.75679897 4.06909625 0.07747295 0.05211111 0.54984817 0.25380188
48.83128695 8.72149823 3.93983553 0.06586988 0.05338079 0.85586504 0.11840659
45.17364626 9.39965491 3.73618906 0.03480783 0.06811685 0.70874464 0.25252508
55.44578079 8.62027453 3.75742998 0.08854457 0.06182045 0.41778979 0.91611051
52.85052450 7.77375115 4.50412507 0.06546440 0.06421842 0.94782895 0.02705276
24.88623256 4.44378656 2.19449593 0.03280938 0.15338437 0.81323703 0.80671554
58.96569988 8.62408093 3.24039212 0.07992699 0.06381416 0.55970708 0.14357722
21.98554662 7.17008209 1.05714281 0.08208861 0.13285705 0.60778157 0.20329656
55.67448259 9.63589710 4.41341689 0.08421805 0.06110804 0.68379614 0.24259323
56.78011383 9.26118373 4.54965561 0.06856063 0.07835704 0.44427678 0.13139157
54.55197847 9.28179603 4.65363733 0.07377678 0.06196424 0.80258464 0.20330185
47.96276273 9.05148866 4.10503766 0.07945251 0.06060134 0.44566772 0.25281372
58.84728957 6.37203788 1.77248151 0.00803478 0.07616627 0.32425987 0.84728014
55.39839446 7.62847225 4.36348901 0.06248018 0.05244130 0.56421253 0.54415956
34.57891881 3.39098705 3.65348051 0.09286649 0.08648302 0.64076594 0.13066299
52.31076214 8.22899842 0.85912728 0.04379357 0.11180243 0.72987527 0.81991539
34.04249166 8.68356835 1.04477541 0.01439510 0.12988262 0.63952795 0.78795891
21.18803095 2.92364741 0.86553827 0.08135337 0.19688921 0.19636359 0.44079987
52.38340480 7.91090258 4.38944476 0.07953230 0.05722199 0.61844139 0.19787098
57.38653291 8.56576004 1.41079122 0.09879776 0.11376153 0.81587938 0.42095596
51.70249141 9.09918604 4.65996219 0.07896662 0.06511220 0.61536343 0.04632947
47.19518386 5.99898803 4.33837768 0.09507683 0.09040280 0.05381909 0.51556260
52.68114463 9.17370469 3.99804243 0.08956271 0.07070751 0.19560431 0.37740922
52.90990707 9.80852263 4.67671289 0.07929737 0.06852986 0.47407824 0.12139888
58.28607816 9.56458953 3.78683685 0.07984161 0.05576223 0.36806751 0.29896112
55.20471729 8.29533476 4.34119888 0.07304816 0.06667277 0.29852176 0.07985059
35.69117853 9.95429699 2.05296992 0.02733718 0.13223608 0.99399625 0.70484797
