87.71033270 24.43975341 12.59382220 0.24401995 0.06535608 1.37090266 0.47088697
73.00981413 30.67711601 13.99132801 0.12983424 0.06232867 1.47040758 1.14219741
127.93376825 11.93293157 16.85682217 0.19145982 0.06806417 0.77517568 0.01858743
127.10193602 11.82666050 16.70303412 0.19454603 0.05891016 0.79175993 0.04867220
69.21833097 30.59857928 12.96235640 0.13650593 0.06984166 1.68249609 1.05384482
24.21374079 1.23236649 0.97404584 0.01142901 0.06580153 0.10534352 0.10534352
47.20308462 6.86475573 3.56034702 0.06832763 0.15201157 0.68007712 0.68007712
47.65910179 6.97647994 3.61164895 0.06945628 0.15372163 0.69147754 0.69147754
46.41221470 6.67099260 3.47137415 0.06637023 0.14904581 0.66030537 0.66030537
61.54880240 31.24640028 13.37279921 0.14729428 0.05168805 1.86816785 1.31259438
103.57847381 18.84500834 17.41963163 0.25219600 0.05481221 0.54448083 0.71548191
112.37698548 17.71723796 17.40829336 0.20016312 0.05592676 1.22642940 0.23825204
95.64496293 20.92464977 16.40572564 0.26138379 0.05773063 0.68236274 0.85914640
47.37520865 6.90692612 3.57971097 0.06875364 0.15265703 0.68438022 0.68438022
126.47994724 13.44116077 16.64354071 0.17792433 0.05563628 0.94887626 0.12941815
118.56378712 14.78560870 16.17752823 0.21455200 0.06561994 1.08093185 0.42221671
60.13106247 31.24708661 13.02157498 0.12859276 0.06026156 1.47727537 1.25298742
58.43377791 9.61627559 4.82380001 0.09612360 0.19412667 0.96084445 0.96084445
116.75012292 16.79155317 16.69953845 0.20369723 0.05706260 1.10399513 0.15985919
86.11868331 24.62384526 12.90727680 0.23446051 0.05695941 1.42058503 0.41866657
121.48260517 16.05692644 17.01012221 0.19734406 0.05706801 1.28936010 0.22606898
117.47913558 15.98890041 16.46612485 0.18990720 0.05909088 1.18921050 0.25512838
74.90558819 31.28695870 13.52686352 0.11977342 0.05767186 1.52978123 1.09480295
73.49558659 31.43517772 13.67992650 0.13700600 0.05821623 1.36099957 1.14228633
72.10333890 24.74909576 13.01854782 0.26399407 0.06170225 1.36349303 0.33207314
20.52064650 0.32755839 0.55857273 0.00228860 0.05195242 0.01301616 0.01301616
118.68185770 16.20903768 16.80791816 0.19168931 0.05887840 1.11623371 0.05730821
69.27349276 30.58216859 13.65629453 0.12629032 0.05874952 1.42284875 1.12110893
32.98627134 3.38163648 1.96095553 0.03314102 0.09869852 0.32465678 0.32465678
126.35127338 12.42987892 17.09251125 0.18983898 0.05922527 0.89567553 0.04193518
114.77052339 16.16870962 16.84295894 0.18337783 0.05709134 1.19117599 0.11607339
30.59625946 2.79608357 1.69207919 0.02722574 0.08973597 0.26490649 0.26490649
75.27587743 25.45805289 12.94436045 0.25485118 0.06027300 1.34102321 0.45218840
71.98295931 31.49645280 13.48087660 0.13274071 0.06368112 1.43443378 1.07118414
34.68114979 3.79688170 2.15162935 0.03733585 0.10505431 0.36702874 0.36702874
126.51466757 13.84847425 17.53545890 0.19848695 0.05500949 0.99323205 0.27280450
103.44835121 20.57637459 15.13472534 0.25827916 0.05090246 0.71555733 0.11351232
46.47360103 6.68603225 3.47828012 0.06652216 0.14927600 0.66184003 0.66184003
121.32913154 14.90900394 17.18294420 0.21294095 0.05139221 0.98246369 0.40835464
57.29416286 9.33706990 4.69559332 0.09330305 0.18985311 0.93235407 0.93235407
60.86958757 31.21813043 13.20934381 0.13558096 0.05796016 1.44165308 1.22282959
24.90906070 1.40271987 1.05226933 0.01314993 0.06840898 0.12272652 0.12272652
102.38340667 20.19610424 14.61304778 0.24257224 0.06414070 0.78080557 0.10580700
47.13028864 6.84692072 3.55215747 0.06814746 0.15173858 0.67825722 0.67825722
93.90236644 25.16111661 16.38926901 0.25933657 0.06467241 0.69975853 0.96922881
61.87951062 30.84192298 13.10737663 0.12465484 0.06397123 1.47228325 1.31527064
26.27499808 1.73737453 1.20593728 0.01653062 0.07353124 0.15687495 0.15687495
99.68471264 20.41289313 14.67677339 0.24010043 0.07019052 0.76847595 0.08980583
123.40985555 14.07600290 16.79796044 0.21014639 0.06263675 0.94376890 0.35288221
51.58397557 7.93807402 4.05319725 0.07917034 0.16843991 0.78959939 0.78959939
52.30229040 8.11406115 4.13400767 0.08094817 0.17113359 0.80755726 0.80755726
23.67500734 1.10037680 0.91343833 0.01009564 0.06378128 0.09187518 0.09187518
63.00078004 29.72126368 13.07461674 0.15157391 0.05183344 1.78342872 1.28879166
36.91372628 4.34386294 2.40279421 0.04286147 0.11342647 0.42284316 0.42284316
98.27402773 20.95424556 14.69714999 0.23746233 0.06432629 0.71265194 0.11300527
128.12799799 11.82666483 16.72945343 0.19084196 0.07569041 0.69265770 0.00415316
95.31255657 20.05511271 14.94369754 0.24952802 0.05012290 0.77895830 0.05785442
112.77559519 16.61459672 17.35597039 0.20730769 0.05042015 1.12243751 0.13163986
127.71197069 12.29608576 16.59773894 0.18508615 0.05880187 0.71965430 0.08209664
119.18262385 15.79213183 16.88688848 0.18462234 0.05472839 1.16702265 0.16810933
42.89785973 5.80997563 3.07600922 0.05767220 0.13586697 0.57244649 0.57244649
119.59960997 15.81452143 16.98155382 0.20662208 0.05574425 1.18706946 0.14026088
52.81673404 8.24009984 4.19188258 0.08222142 0.17306275 0.82041835 0.82041835
27.15920735 1.95400580 1.30541083 0.01871904 0.07684703 0.17898018 0.17898018
72.73050063 31.33510142 13.36791296 0.13072829 0.06497217 1.38682974 1.11148052
122.90749411 15.32830788 16.97496615 0.19856186 0.06002683 1.26656174 0.23915338
75.73221100 31.83858771 13.14791072 0.14509936 0.05094595 1.27342878 1.03632191
89.24685659 24.60508468 12.11542536 0.24297813 0.05148628 1.38286144 0.46035233
29.13162029 2.43724697 1.52730728 0.02360076 0.08424358 0.22829051 0.22829051
59.74257700 30.84093543 13.40037806 0.13488784 0.05855564 1.46877348 1.36158672
107.88920769 14.86826659 19.04328273 0.17517336 0.05688481 1.01601635 0.36262893
121.46408857 14.25746016 17.28161919 0.21084615 0.06071260 1.14771010 0.25092509
86.62258460 24.73847556 12.73433432 0.23914840 0.06770336 1.44972511 0.44872391
116.40663748 17.50392062 16.94605611 0.20116723 0.05108869 1.06225315 0.13519297
98.73291669 20.90738966 14.93176972 0.24325439 0.05119705 0.74357687 0.05858210
98.82817687 19.65246227 17.07070840 0.24967641 0.06623201 0.82737800 0.72840779
73.07021487 30.92124557 13.10632087 0.13273280 0.06073947 1.41103380 1.11322912
63.74273051 30.69443237 13.09850470 0.12596996 0.05542878 1.40866272 1.35441814
32.87896779 3.35534711 1.94888388 0.03287545 0.09829613 0.32197419 0.32197419
30.40535305 2.74931150 1.67060222 0.02675325 0.08902007 0.26013383 0.26013383
72.39630466 30.47907027 13.52898783 0.13737209 0.05640741 1.59241040 1.06519803
122.59924359 14.61980598 16.96584878 0.21410120 0.05869282 0.94327382 0.31840710
54.00165167 8.53040466 4.32518581 0.08515409 0.17750619 0.85004129 0.85004129
57.65800427 9.42621105 4.73652548 0.09420356 0.19121752 0.94145011 0.94145011
28.03201310 2.16784321 1.40360147 0.02087923 0.08012005 0.20080033 0.20080033
112.71667408 17.46971706 16.87268330 0.20245841 0.05877816 1.07867107 0.19699721
116.98648828 14.51079929 17.56019427 0.20250929 0.05956303 1.18451538 0.29251843
98.53932154 19.19487283 16.50353869 0.26419762 0.06009486 0.51224981 0.54824564
128.99096379 12.65209402 16.76167756 0.19000869 0.06628056 0.78451583 0.03334431
101.56780336 20.23575129 15.78183983 0.27036621 0.05304661 0.49362120 0.60332499
127.17391389 12.70480270 17.00262292 0.20531265 0.06033109 0.77672014 0.05276742
52.05351269 8.05311061 4.10602018 0.08033244 0.17020067 0.80133782 0.80133782
26.29631786 1.74259788 1.20833576 0.01658339 0.07361119 0.15740795 0.15740795
124.80341322 12.90769241 16.32746245 0.18549126 0.05419930 0.85372755 0.12753855
86.70641277 24.04722614 12.15247244 0.23968758 0.05744947 1.29327732 0.41764898
73.53656319 31.55779318 13.89803616 0.14684552 0.05213055 1.27454796 0.92394878
73.12096048 31.03526955 14.08819574 0.12721902 0.06376937 1.40372064 1.13686469
70.26583828 30.66352442 13.09566214 0.14047661 0.06063344 1.74239606 1.32556211
128.68643415 12.99423128 16.66355989 0.18727958 0.06687294 0.78821487 0.01882786
125.89779840 14.56204554 16.29594004 0.19972585 0.05268591 1.03140083 0.49328798
89.26476967 21.91983513 16.62116795 0.24852509 0.06597694 0.87105434 1.05726886
95.11578039 18.97989971 16.90260742 0.25240803 0.06025256 0.82836345 0.65682026
61.35585837 30.61701367 13.23738299 0.11854167 0.06550674 1.39481390 1.30648320
43.87763666 6.05002098 3.18623412 0.06009715 0.13954114 0.59694092 0.59694092
57.59870567 9.41168289 4.72985439 0.09405680 0.19099515 0.93996764 0.93996764
97.17138179 20.93624049 15.99284973 0.25540978 0.05039088 0.71919662 0.75421916
72.00182374 24.66021401 13.42273359 0.25446234 0.07148513 1.33484435 0.44147982
27.71795838 2.09089980 1.36827032 0.02010195 0.07894234 0.19294896 0.19294896
78.06779165 31.90505218 13.32789434 0.14389835 0.05830179 1.19278423 1.07024091
82.00326766 30.50588408 13.77336696 0.11977136 0.06108983 1.75365278 1.05293800
102.32115440 19.72524765 17.46938529 0.24718322 0.06198500 0.58225707 0.62453446
87.32887001 24.71766400 12.90353507 0.23650126 0.05711820 1.43856265 0.37192268
29.11001887 2.43195462 1.52487712 0.02354730 0.08416257 0.22775047 0.22775047
71.45452814 30.47430938 13.24975069 0.14329875 0.05210160 1.62892678 0.98892377
42.03018954 5.59739644 2.97839632 0.05552472 0.13261321 0.55075474 0.55075474
47.19609658 6.86304366 3.55956087 0.06831034 0.15198536 0.67990241 0.67990241
100.44039640 21.95554075 15.08357081 0.23560612 0.06156678 0.67252000 0.10435725
23.57931645 1.07693253 0.90267310 0.00985881 0.06342244 0.08948291 0.08948291
94.07790712 24.94535343 16.37413100 0.25710733 0.07585981 0.64353537 0.91187861
100.00540165 19.09269475 15.83409571 0.25801409 0.05458904 0.54943779 0.77506950
36.58011920 4.26212920 2.36526341 0.04203580 0.11217545 0.41450298 0.41450298
75.59037507 30.84573201 13.62470163 0.12603863 0.05637740 1.44123025 1.11420030
99.30716727 19.17265542 16.35023635 0.25633947 0.06118383 0.60446573 0.71526292
52.61126760 8.18976056 4.16876760 0.08171289 0.17229225 0.81528169 0.81528169
128.86847204 12.56795131 17.56235224 0.20529428 0.05608735 0.62247731 0.01976969
119.85432648 14.89927106 16.88334159 0.20323097 0.05420181 0.96504086 0.25173972
73.65948460 31.69234418 13.05441178 0.14121658 0.05984697 1.63242520 1.12650831
116.20656364 17.01795823 17.26300062 0.19263370 0.05336921 1.09164127 0.13433766
