52.91554823 9.35914649 2.73593067 0.07143742 0.06279989 0.09680925 0.53864720
46.61845952 9.17292199 4.05023696 0.03506606 0.06153858 0.31872252 0.55302280
32.84199962 3.31214418 0.53038680 0.07262519 0.16311695 0.22175256 0.01045686
49.64175241 9.60470522 3.78602695 0.06323395 0.06038108 0.25347566 0.75397070
41.44372145 9.83012616 4.30896177 0.04839725 0.19429027 0.61181796 0.10557126
45.44943349 9.72237096 4.17076703 0.05932555 0.06545285 0.12770364 0.73239993
48.04472815 9.86274955 3.63822633 0.04328791 0.05144602 0.12305908 0.37731716
35.90549823 7.10743779 0.66739643 0.07431568 0.12191496 0.86375418 0.08670366
43.04171089 3.51343870 1.88207480 0.03885191 0.19863051 0.92045400 0.87065515
46.47074069 9.45683727 3.84296632 0.04343877 0.08896427 0.11883799 0.38216974
37.03644516 1.42511470 4.09972611 0.07928641 0.15534223 0.63293858 0.89202162
53.26608062 9.17831713 3.20833178 0.06695066 0.05581536 0.58206556 0.43112591
52.43636532 9.96964881 3.83872062 0.03704025 0.05712310 0.09485635 0.97371430
36.20464284 2.45982794 2.52720306 0.04685043 0.08214502 0.07521045 0.29772717
58.21204749 9.44196837 3.41610415 0.04596861 0.05264835 0.17476233 0.68322550
58.95742685 8.39927075 3.64815874 0.04901441 0.06902715 0.08680405 0.82773521
51.20601528 9.19534039 4.53626451 0.04601090 0.05496136 0.12494755 0.78148572
45.90011812 9.31090906 3.93459320 0.04612109 0.06651976 0.09092870 0.66762797
46.04155900 9.30349137 3.69050982 0.03944611 0.06636097 0.06524297 0.38456897
54.70873463 9.91186205 3.56235289 0.04438149 0.05879321 0.16938479 0.36604693
52.35792896 2.22162699 2.22145474 0.07133981 0.13398848 0.38807795 0.52944982
45.24298258 9.66893741 4.34223914 0.05300527 0.05052128 0.95851873 0.66325796
48.14637362 9.51778485 3.10692959 0.05080394 0.05867834 0.62284016 0.20399467
21.89178903 4.05999886 1.69752843 0.00668461 0.10286822 0.47928244 0.23711690
39.39769869 5.70784909 1.20857844 0.04631081 0.13567353 0.82836652 0.01339903
57.25403608 8.68939600 3.34760384 0.03997978 0.06083612 0.56284973 0.46760824
31.47104402 6.32475351 1.51335197 0.06422518 0.14167141 0.18145136 0.77544459
53.92029988 7.07871154 3.15726510 0.06096971 0.06218548 0.41426887 0.30307347
49.20697918 8.70229649 3.13963343 0.07167253 0.05497743 0.17940451 0.51580768
59.52512350 9.65901506 3.44179811 0.04790167 0.05184287 0.26798587 0.86436497
30.30304329 9.31138402 1.72165023 0.04493805 0.16347986 0.63950901 0.69657323
56.81508589 9.99815153 2.98831888 0.03577335 0.05060205 0.29320320 0.61933920
49.35210331 8.33118860 3.14697319 0.05067048 0.05136117 0.24480310 0.42536051
39.88856835 5.60132753 4.47039020 0.07158294 0.09789710 0.88290565 0.91966051
57.15224089 6.50504062 3.95448574 0.09212773 0.18908014 0.50053155 0.70927877
53.88492865 8.68902964 4.45703030 0.04395370 0.05639974 0.16080876 0.86846269
56.79003673 9.05680339 3.85206620 0.04554089 0.05510284 0.14355522 0.74711123
38.75002799 4.26739445 3.02850681 0.00859237 0.12184855 0.68149915 0.27182892
54.89900201 8.32386506 3.40972752 0.06313647 0.05779216 0.21240511 0.87072086
44.68698142 0.79781482 4.63828810 0.02447233 0.10295221 0.28235424 0.33894832
26.64216515 3.10789579 2.11869941 0.05032767 0.14045742 0.57784560 0.72949062
54.41939736 8.73326831 3.58751775 0.05280681 0.07398081 0.13780780 0.85108002
58.61032986 7.97464179 3.88063733 0.03842210 0.06484949 0.14015780 0.67118672
21.40604483 5.01351829 2.47782808 0.02572483 0.18388031 0.95980968 0.47217977
59.49460324 8.83978000 2.06591386 0.03935318 0.08974299 0.54250374 0.38468546
34.79383435 7.39009818 4.98206269 0.01899129 0.09875757 0.91988725 0.26019507
51.32441712 8.18529370 3.90953358 0.06559361 0.05283847 0.18582473 0.78338549
48.12522066 8.86519392 3.83251154 0.05864692 0.06977062 0.05827350 0.33730070
47.67523908 9.48576872 3.81338449 0.04151964 0.06854854 0.06667359 0.35511004
41.41184112 3.78429021 0.78569821 0.09571029 0.14098341 0.55308190 0.84415901
54.34110871 8.45312919 3.46263106 0.05357169 0.06001673 0.47556873 0.19973894
48.41170078 8.25790907 1.34816727 0.08123064 0.11658814 0.08560080 0.57919943
49.63877356 9.72166992 3.36782795 0.05990513 0.06185732 0.30214384 0.78487487
54.36393567 9.22109697 3.09457417 0.04493551 0.05703930 0.58920106 0.37714299
48.92340665 9.07793656 3.55004487 0.05421882 0.05016080 0.30374695 0.46113963
47.91479929 8.92833023 3.98042612 0.02911937 0.06098192 0.39203206 0.58194525
28.44734999 6.42274789 4.48251082 0.05328792 0.06613420 0.38005625 0.39340184
44.44721421 3.42558400 2.60748976 0.08947120 0.08158188 0.39818472 0.50816296
33.82750239 6.90124448 4.61041284 0.06894376 0.07369185 0.50130724 0.32634781
56.75462204 8.80095859 3.09241915 0.05873742 0.05081546 0.43888257 0.46860405
58.40539010 8.66515953 3.45776707 0.05236928 0.07019400 0.15537877 0.89451912
25.72436486 4.14585748 3.63012975 0.04371824 0.05564831 0.57566645 0.33612277
21.60444343 4.05096977 2.50374282 0.06939823 0.12247032 0.57110807 0.92950964
47.63787409 5.53385760 2.20739702 0.08270102 0.10429106 0.53496755 0.52598234
52.53793532 8.97878555 2.89209134 0.05627977 0.05415417 0.60263147 0.36493003
51.37918887 9.08271577 4.22149103 0.05050623 0.06129937 0.32685287 0.19011771
47.47003330 9.82244853 3.71051646 0.06062846 0.05971501 0.26592845 0.80437679
48.44243324 9.65612605 3.64339871 0.07530491 0.05872019 0.41732168 0.44496012
49.52341741 8.85009687 2.77788988 0.07091710 0.05676183 0.36541726 0.80864903
30.95375259 6.11103232 4.54637545 0.00690375 0.17732288 0.83796776 0.03856458
58.62689389 8.68322941 2.90780676 0.04896703 0.05546029 0.17891375 0.68784907
59.87514696 8.51081664 2.04089501 0.02891182 0.14438456 0.30432794 0.86353083
55.13561950 9.44440175 3.49722495 0.05063527 0.06104307 0.71456248 0.37595487
42.36867560 9.79880672 3.46463374 0.05036011 0.05567303 0.12239504 0.46144775
54.16667472 4.32582528 2.31280073 0.01434108 0.10245313 0.85643804 0.35282159
57.78796962 7.89456399 3.70822775 0.05704351 0.06069267 0.19344510 0.78531905
55.46023876 8.58179117 3.88635283 0.05722507 0.05123900 0.19207521 0.91467748
54.15950038 9.21166035 3.24721690 0.05179239 0.06185228 0.53197831 0.41168868
32.22190810 8.55887348 4.94684164 0.03774024 0.10201666 0.95428405 0.43788040
35.15297417 5.03036425 3.26449822 0.03697405 0.13500813 0.35941098 0.60218469
51.04086344 8.63460597 3.63283675 0.05114855 0.06598238 0.34367456 0.11846893
55.98166893 8.49522299 3.51099354 0.05630626 0.06590237 0.51476224 0.51224219
46.70924805 9.69902081 3.95934438 0.07221208 0.08992488 0.04382080 0.38725147
46.84882226 6.13071872 2.07737584 0.08918750 0.15217902 0.98017559 0.64021096
30.34415523 2.76674953 1.00115329 0.03207747 0.16814490 0.08176464 0.24067329
48.64656873 9.12165880 4.97002166 0.08225170 0.15860952 0.46424283 0.39516962
56.25803579 8.77557398 3.95309193 0.04594513 0.05894552 0.07317049 0.41479001
53.32053406 9.26165283 3.48976610 0.04118198 0.06301981 0.09556932 0.97973947
51.51728597 7.97888672 3.15023553 0.05973514 0.06736696 0.15563717 0.93964836
51.73735491 8.71006285 3.64044187 0.05109402 0.06176458 0.48371533 0.42883982
49.54805547 7.01811179 3.08222461 0.01914834 0.08844308 0.46237083 0.61354254
50.23105677 9.94675043 3.88592743 0.04926049 0.07684474 0.08622218 0.46099513
54.17728139 8.22412707 3.01715816 0.06759782 0.06503193 0.54332117 0.73307273
24.36026532 0.56402077 2.28907422 0.08022478 0.18066792 0.57494381 0.69757309
58.91962057 9.61954538 3.15934693 0.06407132 0.05793521 0.54436279 0.48520222
49.76452967 8.36807645 3.19395887 0.06647044 0.05528152 0.45448245 0.72610896
24.75755267 4.95777180 4.97838615 0.05366406 0.15014535 0.44639344 0.00986145
53.17457914 9.87901378 3.75053450 0.05343544 0.05843141 0.34671881 0.46304014
50.26473020 9.66589916 3.90852360 0.05206511 0.07256790 0.42875037 0.11809656
25.10386158 7.09312757 1.30139792 0.04015198 0.19342804 0.12249273 0.69520428
41.17066591 1.10605500 4.91796768 0.01672947 0.18287824 0.10342653 0.55782790
38.07289174 3.23618966 2.01544766 0.00593129 0.08101890 0.27288920 0.01856143
54.62669182 8.96211198 3.10169160 0.06191407 0.05412872 0.38158761 0.65555406
50.06800072 9.61469803 3.81739176 0.05401423 0.05801330 0.53120112 0.41881695
58.42231349 8.87987629 2.70664641 0.05496708 0.05383573 0.44216821 0.66947075
50.52833211 9.13399430 2.97139796 0.05266389 0.05792563 0.61043687 0.40669791
55.42292704 8.83702989 3.17988846 0.05443753 0.05615907 0.64678951 0.44988040
51.07802567 9.20011864 4.13764488 0.04022465 0.05872874 0.03416405 0.74061059
57.79788105 7.13904602 2.64395934 0.02963529 0.09039009 0.33869134 0.15844246
59.37073174 9.42311639 3.13278037 0.05209330 0.06008278 0.20523355 0.71076395
21.19482917 2.17350750 4.82730480 0.07105283 0.11501563 0.10860839 0.35507608
46.41720191 9.45026531 4.20587665 0.06233772 0.06072905 0.28031689 0.24854316
36.67866096 3.53597762 1.62051693 0.00546188 0.08124554 0.06339613 0.25620224
26.43316444 3.64823760 3.23114056 0.01791499 0.06925923 0.82871493 0.64164238
58.26038120 9.09249702 3.19122919 0.05923531 0.05151203 0.55867724 0.41379482
50.35397880 8.61884885 3.04557007 0.06234457 0.05290026 0.52611037 0.13090028
58.75114290 7.74995308 3.83820362 0.04944046 0.05792020 0.26755164 0.79671220
53.69364143 8.31997689 3.27490453 0.05323086 0.07226769 0.58352988 0.20256746
53.38790928 8.33173637 3.85281526 0.05058461 0.05897505 0.05539775 0.81975836
35.18146906 2.01405359 0.99892765 0.06320832 0.17301729 0.41678706 0.68549353
20.80398252 2.00975604 2.33663370 0.00910520 0.11361383 0.84093703 0.35298862
51.05460234 1.26544952 2.09024551 0.02570857 0.17422617 0.48435259 0.71321793
51.47514393 9.45857750 3.31655525 0.06635536 0.07189759 0.19881625 0.79427389
46.15006080 9.48238141 3.68044320 0.03540132 0.06874466 0.31276986 0.57896551
26.70496249 9.58278162 2.67408134 0.05803986 0.11450201 0.60770204 0.34640400
44.19701625 1.93941834 3.99407239 0.07088913 0.12385098 0.52766573 0.27510944
51.91606968 9.22080222 2.55054979 0.07153050 0.05941403 0.28743319 0.73588747
49.09548085 9.35184766 4.48166094 0.03492038 0.05217481 0.35110706 0.53238351
