82.11769031 25.62786458 11.82968843 0.11472238 0.05482561 1.34152673 1.08201773
56.96625167 9.25673166 4.65870331 0.09249147 0.18862344 0.92415629 0.92415629
97.65550295 19.83690615 12.50960787 0.18656474 0.05274236 0.69964622 0.53015630
109.44239079 17.73626287 12.63581676 0.18488708 0.06801203 1.34054171 0.23760053
119.33829372 18.20529722 15.50354549 0.17273903 0.06401836 0.58694320 0.52245106
91.58879655 19.45575097 12.65581457 0.21079081 0.05513848 0.90493821 0.61175428
28.48011179 2.27762739 1.45401258 0.02198828 0.08180042 0.21200279 0.21200279
23.91412804 1.15896137 0.94033940 0.01068747 0.06467798 0.09785320 0.09785320
44.32020229 6.15844956 3.23602276 0.06119250 0.14120076 0.60800506 0.60800506
81.83984346 26.06685642 12.10645268 0.13415333 0.05482742 1.27363030 1.12055662
83.50691364 25.90961920 12.34290958 0.13244226 0.05046010 1.36501005 1.18777706
104.93237049 17.80267997 11.73863776 0.18498900 0.05966390 1.29379260 0.14487386
56.09065028 9.04220932 4.56019816 0.09032436 0.18533994 0.90226626 0.90226626
123.49627507 17.05967487 16.53307408 0.14666767 0.05730918 0.64604465 0.30260032
81.84389327 25.54350093 12.38182382 0.12130893 0.05650030 1.39306722 1.20200821
62.85998158 30.01552683 13.66378626 0.07135455 0.05486378 1.26127537 1.08234909
25.28924333 1.49586462 1.09503987 0.01409088 0.06983466 0.13223108 0.13223108
36.11324000 4.14774380 2.31273950 0.04088027 0.11042465 0.40283100 0.40283100
61.44583970 29.92831636 13.48322295 0.06626826 0.06191647 1.21894707 1.06903744
91.87442482 20.84222829 11.41684152 0.19621075 0.05664442 0.96063940 0.61136505
70.23533057 28.50644003 13.03028363 0.09793388 0.05847411 1.20111238 1.19822542
84.85147070 25.27762202 12.59029569 0.12107998 0.05160667 1.33550153 1.30192331
38.02089292 4.61511877 2.52735045 0.04560171 0.11757835 0.45052232 0.45052232
97.66851256 20.25176610 12.34967758 0.18474974 0.06563819 0.79459397 0.48410791
118.38264698 16.13530956 15.37075270 0.16522498 0.06297850 0.74250752 0.47202637
131.99234281 16.02236905 16.79298354 0.17417448 0.05446951 0.35110192 0.38373720
113.66458970 16.94931494 16.28464945 0.14962923 0.05751633 0.50367510 0.26674431
77.69447339 26.03875757 12.15683358 0.12681066 0.06170831 1.37452747 1.02298739
97.23651215 18.17817012 12.12875978 0.18768336 0.07902248 0.97738188 0.71947890
113.54801276 16.70294386 15.49200385 0.18046862 0.06141507 0.74609829 0.47332641
102.13416104 14.40359270 13.91787119 0.16516588 0.06788830 0.30845913 0.45938019
56.44082586 9.12800234 4.59959291 0.09119104 0.18665310 0.91102065 0.91102065
86.85974054 20.26026126 13.01338495 0.19401732 0.06482847 1.08751658 0.68573970
47.06369135 6.83060438 3.54466528 0.06798264 0.15148884 0.67659228 0.67659228
59.38198325 9.84858590 4.93047312 0.09847041 0.19768244 0.98454958 0.98454958
31.73862533 3.07596321 1.82059535 0.03005310 0.09401985 0.29346563 0.29346563
99.77056309 17.55797742 11.59753274 0.17350327 0.05680618 1.19610082 0.16154879
43.18569341 5.88049488 3.10839051 0.05838459 0.13694635 0.57964234 0.57964234
100.18075335 15.35015657 13.94966176 0.16036895 0.06430831 0.28409386 0.36173157
97.25673841 19.16533821 12.19151212 0.18188658 0.06504610 0.91614341 0.70461274
113.96311187 15.65812265 16.09108399 0.17769339 0.07562709 0.39991434 0.60448751
85.55922014 26.48020491 11.93891677 0.12775641 0.05446231 1.38209944 1.14068438
132.14638832 17.01303834 16.56294478 0.15871036 0.05417293 0.44333731 0.44566151
105.08594430 14.00275756 16.30816304 0.15560728 0.06957534 0.71239729 0.56179990
67.43251228 28.12753879 13.25113668 0.05936906 0.05624278 1.19548990 1.10504534
51.45582142 7.90667625 4.03877991 0.07885316 0.16795933 0.78639554 0.78639554
86.70102801 19.75240382 11.98297077 0.20627507 0.05644989 1.00199307 0.64207822
114.78732370 16.79045750 15.52282359 0.17440917 0.05770214 0.74041298 0.55112633
100.72010486 19.08652969 12.51977444 0.19152479 0.06375850 0.77897532 0.52685747
117.77788740 17.35973066 16.06141383 0.17754235 0.05536956 0.68030598 0.48581258
64.16827039 30.10196839 13.00488732 0.07761153 0.05841087 1.33604928 1.10697676
119.07064734 17.17585677 16.08644814 0.14636325 0.05340842 0.63607878 0.30170638
47.31078827 6.89114313 3.57246368 0.06859420 0.15241546 0.68276971 0.68276971
89.05833029 25.98881958 12.50238024 0.11874014 0.05197489 1.44473559 1.26378961
26.58554581 1.81345872 1.24087390 0.01729923 0.07469580 0.16463865 0.16463865
49.17839272 7.34870622 3.78256918 0.07321652 0.15941897 0.72945982 0.72945982
27.98234015 2.15567334 1.39801327 0.02075629 0.07993378 0.19955850 0.19955850
97.60321866 18.90967662 12.05427361 0.19558913 0.05659954 1.19384519 0.28740924
122.63611012 14.14912794 16.45024029 0.16905309 0.05519288 0.80144477 0.38607135
98.60236716 18.04809477 11.80921042 0.19061103 0.05654211 0.98125477 0.51381335
126.50226597 14.66094294 15.75183082 0.18346434 0.06243811 0.79162533 0.35604777
98.40969353 15.76794475 14.21343623 0.16090262 0.06058114 0.29985485 0.31338046
63.49142029 31.59436297 13.23675210 0.05928291 0.05794272 1.23097965 1.10771051
46.13953156 6.60418523 3.44069730 0.06569534 0.14802324 0.65348829 0.65348829
135.69166652 14.80216585 16.29249478 0.15345978 0.05935327 0.40849698 0.37428323
118.66860169 14.75536561 15.49861354 0.17854535 0.06077410 0.48192333 0.62509174
70.84446999 30.61697196 13.15225343 0.10121589 0.07069294 1.46230464 0.98850897
69.48609332 28.96207503 12.98415181 0.09221412 0.05701550 1.24451935 1.05895039
63.20786775 30.11401739 13.50311402 0.06709366 0.06715051 1.03140553 1.20899860
82.79510583 24.98556939 12.63953339 0.13172187 0.05133029 1.48799232 1.15707434
74.87855307 29.06792423 13.23420797 0.10242300 0.05775638 1.19259499 1.05188052
56.18996158 9.06654059 4.57137068 0.09057015 0.18571236 0.90474904 0.90474904
99.48635156 15.80686123 13.75346797 0.17091879 0.07685387 0.28191201 0.34214099
112.33580986 17.22660219 16.57388754 0.13690041 0.06020166 0.79976334 0.25366207
101.39650705 15.29127612 14.11142013 0.16543739 0.06823768 0.24112420 0.43332785
62.11246721 29.64365882 13.44148967 0.08824168 0.06101407 1.14334796 1.05500133
95.96003198 18.12145328 12.65632400 0.19065630 0.07053929 1.21256486 0.32175201
114.36785607 14.43518218 15.35283862 0.16234860 0.05659870 0.84442185 0.20468873
65.00291400 30.98083348 13.50719814 0.04727231 0.05517204 1.41542749 1.07233303
115.16737711 16.64739021 16.09685864 0.13352020 0.05497145 0.67350840 0.27499954
82.99510727 26.18796808 12.24752005 0.14032840 0.05423893 1.28357662 1.15904245
28.52325895 2.28819844 1.45886663 0.02209507 0.08196222 0.21308147 0.21308147
101.45755989 19.52919372 11.15589957 0.18566562 0.05658706 1.19827895 0.02742242
129.08877268 15.10154928 15.65714580 0.15525512 0.06027560 0.49701408 0.47156410
53.05041387 8.29735140 4.21817156 0.08279977 0.17393905 0.82626035 0.82626035
96.48119561 17.98215242 11.72948772 0.18801870 0.05136610 1.15224905 0.39948517
93.58338636 19.05649974 11.97454599 0.19682085 0.05194624 1.17818460 0.38856290
49.55968685 7.44212328 3.82546477 0.07416022 0.16084883 0.73899217 0.73899217
28.90754361 2.38234819 1.50209866 0.02304617 0.08340329 0.22268859 0.22268859
68.69066270 29.43022905 13.54259864 0.06380656 0.05948895 1.26544646 0.98515717
121.75714257 15.06092485 15.46227477 0.16478730 0.05569176 0.74117394 0.53443381
114.87334421 14.76789066 15.69179815 0.14713893 0.05109156 0.78444672 0.27945828
26.71190695 1.84441720 1.25508953 0.01761197 0.07516965 0.16779767 0.16779767
118.34275210 13.98783854 15.26774849 0.14826813 0.05284930 0.83297504 0.18421796
133.26476248 16.37170532 16.59524297 0.16371881 0.05508801 0.40248161 0.55149404
119.37069615 15.24119726 16.07590382 0.15362110 0.06053762 0.69757329 0.30371254
62.45751568 29.29455962 13.69559238 0.05544739 0.05739949 1.10893840 1.10603589
111.02523425 13.81198150 15.83355893 0.17100913 0.05663206 0.73251487 0.44124669
93.33448933 19.13744079 12.60461022 0.20785270 0.05011632 0.92048783 0.56962156
49.63034790 7.45943524 3.83341414 0.07433511 0.16111380 0.74075870 0.74075870
51.49830363 7.91708439 4.04355916 0.07895830 0.16811864 0.78745759 0.78745759
64.66134717 30.23276212 12.90966730 0.09071285 0.06330377 1.52147031 0.96371385
90.07727188 20.18746473 11.95861681 0.20539086 0.05150956 1.12511204 0.65789707
71.30730714 28.84603468 12.94392726 0.11154116 0.06743877 1.15041836 1.11601946
101.08510251 20.12645383 12.09133192 0.19116023 0.05961397 0.77071844 0.39451404
67.92453249 30.20603253 13.36258090 0.06906560 0.05473134 1.13676159 1.14054986
111.42549650 16.12412369 16.25778272 0.13739945 0.05535719 0.79066069 0.17581315
34.04229846 3.64036312 2.07975858 0.03575469 0.10265862 0.35105746 0.35105746
114.23252316 17.46592202 15.53680677 0.18354845 0.06004120 0.72135128 0.61175370
122.65902599 13.58276566 16.12930933 0.17265762 0.05243141 0.75963373 0.42738853
66.55566927 30.08029986 13.15036401 0.07257412 0.05775087 1.25846132 1.08392113
83.65001491 19.31669257 12.42630785 0.20760330 0.06004845 0.89849704 0.58862148
93.87711134 18.80653928 12.18703939 0.18314037 0.05061544 1.27135070 0.35730181
96.25953454 19.50956659 12.59909804 0.18733906 0.06051469 0.97312492 0.80097914
98.51354967 15.00450417 14.36163968 0.16805084 0.05256807 0.34941360 0.42893086
95.45013223 19.14236997 12.69485522 0.18720110 0.06281802 0.64844905 0.45985764
99.86076941 19.12525285 12.75650363 0.18579413 0.06022909 0.95887117 0.77542364
99.90964134 13.94162539 15.06714322 0.16233689 0.05849586 0.31798681 0.50945949
49.49464466 7.42618794 3.81814752 0.07399925 0.16060492 0.73736612 0.73736612
61.52524220 30.82451772 13.32960079 0.05945012 0.05212333 1.17864642 1.08812315
132.47738334 14.88154327 16.16492761 0.14433344 0.05491500 0.37372670 0.34235285
65.62112980 28.84885387 13.88694113 0.06546863 0.05300983 1.13168980 1.12459282
63.05810868 29.98254415 13.00352950 0.07007748 0.05069113 1.20391037 1.06691912
102.66423053 19.40382008 12.59212608 0.18203499 0.05566710 1.21641364 0.18593865
34.37833427 3.72269190 2.11756260 0.03658638 0.10391875 0.35945836 0.35945836
52.30226223 8.11405425 4.13400450 0.08094810 0.17113348 0.80755656 0.80755656
84.77910552 26.43163704 12.59308150 0.11952047 0.06016850 1.35916093 1.31302610
80.70100978 26.83650555 12.09678510 0.13324734 0.05314074 1.31706145 1.06636938
