21.85693977 0.65495024 0.70890572 0.00559593 0.05696352 0.04642349 0.04642349
103.18779381 15.91001185 18.51763957 0.22153090 0.06340576 1.82080077 0.24151919
87.21288234 23.54444243 17.65217371 0.31134410 0.06531050 0.71432800 0.38139199
93.43102393 23.22287433 18.78826279 0.30222124 0.05402576 0.60106813 0.40876028
64.94715763 29.87432003 15.82989968 0.16760962 0.05733012 1.65087849 1.00217017
41.78571252 5.53749957 2.95089266 0.05491964 0.13169642 0.54464281 0.54464281
24.86907051 1.39292227 1.04777043 0.01305095 0.06825901 0.12172676 0.12172676
110.42687068 15.27263937 18.26047184 0.23510576 0.07072689 1.61141206 0.22281067
49.19729455 7.35333716 3.78469564 0.07326330 0.15948985 0.72993236 0.72993236
79.04290542 23.66465282 17.47440636 0.29192807 0.05518968 0.60545410 0.59893550
82.45826284 28.73785551 13.05193437 0.24504789 0.05465815 1.44522601 0.22540576
70.85043498 24.22415199 18.45476078 0.30205088 0.06812236 0.78432929 0.56623488
54.09276007 8.55272622 4.33543551 0.08537958 0.17784785 0.85231900 0.85231900
96.73034111 23.81460269 19.09384317 0.30005961 0.05656495 0.69651133 0.46539122
86.66593541 21.66554918 17.82608229 0.29832932 0.06565422 0.56624379 0.33763545
89.64561856 23.55646729 18.33188289 0.31760402 0.05571713 0.59321904 0.27593404
104.02901153 16.86326784 17.98651792 0.22413514 0.05694633 1.62479404 0.24583210
20.86165910 0.41110648 0.59693665 0.00313261 0.05323122 0.02154148 0.02154148
81.69121929 27.05237828 17.72538022 0.29653161 0.06017029 0.57851934 0.57749173
63.55019426 30.01980693 16.20303134 0.16117101 0.05365628 1.60949278 0.91784249
77.70070780 26.22135161 13.85239437 0.25826836 0.06167552 1.63854107 0.47448648
82.00065019 26.39276799 18.11341292 0.28980721 0.05476060 0.48810689 0.65934186
43.57915716 5.97689351 3.15265518 0.05935841 0.13842184 0.58947893 0.58947893
87.78640257 23.50716171 18.78214973 0.30479960 0.06835758 0.59826715 0.42189352
33.48731034 3.50439103 2.01732241 0.03438109 0.10057741 0.33718276 0.33718276
73.33160038 26.39551886 14.18280466 0.26928679 0.05875560 1.57272706 0.35068223
61.11770402 30.53725171 14.29944404 0.14978172 0.05002247 1.90194091 0.82831824
32.94813238 3.37229243 1.95666489 0.03304663 0.09855550 0.32370331 0.32370331
69.14498691 27.92102416 14.19918753 0.23062873 0.06628440 1.60953553 0.44375271
79.17922772 26.21246589 13.90717019 0.26270946 0.05403529 1.68974402 0.39302389
51.88767405 8.01248014 4.08736333 0.07992199 0.16957878 0.79719185 0.79719185
103.02723744 18.60984986 17.84799651 0.19599524 0.05723787 1.50008578 0.14357369
96.81098231 21.11746917 18.30374879 0.17936840 0.06241613 1.49213201 0.14241577
92.81856646 22.88439252 18.37685152 0.30754235 0.06645649 0.55939866 0.43004195
85.59603275 23.15267885 18.25101420 0.30654637 0.05124400 0.63074982 0.39310641
38.87205271 4.82365291 2.62310593 0.04770833 0.12077020 0.47180132 0.47180132
91.10877454 19.96336142 18.70647676 0.19465004 0.06341126 1.29695569 0.07182444
31.49618749 3.01656594 1.79332109 0.02945306 0.09311070 0.28740469 0.28740469
44.62953294 6.23423557 3.27082246 0.06195809 0.14236075 0.61573832 0.61573832
65.05144491 30.49905108 15.09750278 0.15780096 0.06627544 1.91881578 0.93079043
81.49307454 25.83477750 17.70417818 0.28353080 0.06318200 0.65928506 0.67658153
90.03329443 24.36357709 18.33808647 0.31661797 0.05412186 0.63576422 0.32480207
82.11294034 26.46023329 18.33725158 0.28217141 0.05013200 0.66333863 0.57138747
100.86637841 23.39667832 18.31648864 0.29575998 0.06254403 0.70967854 0.39336721
95.41951168 23.26517077 19.01911909 0.30738044 0.05238783 0.52143509 0.38854833
90.22770236 24.06199944 17.82702740 0.29341343 0.05078911 0.87086477 0.35317277
25.45740727 1.53706478 1.11395832 0.01450708 0.07046528 0.13643518 0.13643518
57.93315779 9.49362366 4.76748025 0.09488457 0.19224934 0.94832894 0.94832894
23.23595363 0.99280864 0.86404478 0.00900899 0.06213483 0.08089884 0.08089884
105.57958966 15.75746871 18.32768395 0.23025231 0.05304938 1.66777586 0.17320013
78.06986832 28.28161792 13.88058321 0.25534738 0.05308549 1.66376848 0.38245314
89.31463960 21.86345795 18.54161097 0.31052872 0.05233031 0.44547427 0.25161531
105.37019271 16.99832385 18.31503724 0.23388177 0.06863763 1.61421374 0.21546178
77.26598156 24.40666459 17.62767997 0.28819208 0.05275186 0.60828084 0.59715381
34.54423818 3.76333835 2.13622680 0.03699699 0.10454089 0.36360595 0.36360595
71.62937900 28.34440437 14.13094972 0.24432692 0.05844046 1.53423996 0.33977638
89.86538859 20.71846085 18.48360502 0.31279316 0.05232658 0.57606019 0.28056679
44.51874592 6.20709275 3.25835892 0.06168390 0.14194530 0.61296865 0.61296865
69.93630848 27.70564642 13.53214063 0.24273035 0.05007624 1.43758411 0.23572724
80.67971458 29.53151818 13.43084033 0.25050252 0.05970578 1.55180196 0.31068705
36.19117228 4.16683721 2.32150688 0.04107315 0.11071690 0.40477931 0.40477931
103.95254839 15.47781493 18.13650863 0.22698922 0.05854184 1.77458205 0.16134224
90.73091645 22.25288202 18.14660602 0.30599840 0.06532055 0.63801960 0.28194946
34.91268440 3.85360768 2.17767700 0.03790889 0.10592257 0.37281711 0.37281711
39.69624418 5.02557982 2.71582747 0.04974820 0.12386092 0.49240610 0.49240610
85.82947239 22.90832666 17.61414968 0.30427301 0.05754479 0.91469110 0.54314172
85.56885041 25.75224624 18.04849708 0.28912256 0.05394112 0.62396939 0.38704115
32.44093343 3.24802869 1.89960501 0.03179131 0.09665350 0.31102334 0.31102334
55.14362443 8.81018799 4.45365775 0.08798047 0.18178859 0.87859061 0.87859061
105.17146718 15.33570505 18.10802229 0.22953779 0.06724766 1.82747196 0.23129904
24.27733109 1.24794612 0.98119975 0.01158639 0.06603999 0.10693328 0.10693328
83.98667418 23.44398819 18.47788539 0.29981966 0.06425621 0.69186952 0.36117544
38.90188835 4.83096264 2.62646244 0.04778217 0.12088208 0.47254721 0.47254721
87.95648512 21.37543939 17.98788076 0.30333859 0.06331495 0.47353479 0.22547263
85.23008788 25.03214343 17.55949842 0.28925821 0.06259544 0.91232069 0.41017268
57.05402608 9.27823639 4.66857793 0.09270871 0.18895260 0.92635065 0.92635065
88.52554146 22.23195684 18.81291187 0.30941335 0.05482829 0.72506774 0.29911099
26.52972652 1.79978300 1.23459423 0.01716107 0.07448647 0.16324316 0.16324316
67.43309757 30.22250922 15.85147867 0.15861626 0.06497737 1.69934179 1.01760424
106.65752895 16.60429320 18.75652759 0.23252258 0.06716424 1.65162724 0.18354742
72.53235168 24.22252174 18.42065532 0.29409538 0.05369316 0.68806120 0.57506452
91.62681774 23.46770064 19.28101241 0.26067173 0.05115461 0.55192171 0.26068801
81.24380529 25.98712333 18.36387735 0.28536244 0.05001325 0.53187039 0.39424499
85.77288296 24.02323789 17.96146376 0.28159597 0.05268061 0.87723749 0.41147042
88.83828304 23.01502680 18.27781135 0.31253038 0.05375734 0.78897984 0.32877078
74.41189313 24.34179870 17.91104983 0.30671800 0.06104212 0.71239076 0.48668037
87.92242594 22.12789594 17.97513342 0.30730308 0.05050378 0.66157685 0.33825927
68.45664037 29.49065854 16.02479210 0.15306312 0.06750273 1.78538261 0.95693861
104.30109986 16.70056336 18.35443335 0.22480619 0.05471008 1.59255081 0.25855811
82.95683871 23.29160645 17.70164485 0.29986689 0.05093322 0.91303317 0.42628654
100.40457262 23.81737933 18.29701109 0.30157369 0.05207327 0.58578176 0.33246290
55.76913158 8.96343724 4.52402730 0.08952860 0.18413424 0.89422829 0.89422829
33.57458631 3.52577365 2.02714096 0.03459710 0.10090470 0.33936466 0.33936466
79.10573302 24.23869576 17.82701303 0.27962364 0.05158314 0.55843487 0.54885450
84.23945513 24.39612675 17.88332388 0.28668357 0.05127738 0.90113531 0.43009887
84.90114469 27.08085031 17.54507231 0.27891505 0.06166606 0.49151834 0.39532165
47.92723158 7.04217174 3.64181355 0.07011990 0.15472712 0.69818079 0.69818079
57.37679095 9.35731378 4.70488898 0.09350756 0.19016297 0.93441977 0.93441977
52.30557624 8.11486618 4.13437733 0.08095630 0.17114591 0.80763941 0.80763941
97.96270596 18.58710776 18.46361084 0.22098745 0.06348756 2.00386625 0.36103428
77.02104900 28.41944374 13.93242674 0.26122152 0.05000640 1.69960037 0.36542887
107.97883832 16.80879959 18.24932099 0.23795317 0.06015954 1.66555586 0.15784459
77.52320670 23.86270356 17.69517427 0.29195847 0.06388092 0.60467533 0.62554511
90.96385773 23.69906469 18.79549031 0.31086613 0.06624790 0.65392322 0.44058660
88.92518217 22.12390470 17.76097510 0.30852814 0.06224486 0.55819160 0.20598223
59.49901629 9.87725899 4.94363933 0.09876007 0.19812131 0.98747541 0.98747541
55.79934075 8.97083848 4.52742583 0.08960337 0.18424753 0.89498352 0.89498352
45.24522377 6.38507982 3.34008767 0.06348193 0.14466959 0.63113059 0.63113059
56.45626348 9.13178455 4.60132964 0.09122925 0.18671099 0.91140659 0.91140659
96.45826299 23.70190704 19.75124710 0.30594289 0.06169449 0.65925619 0.40696979
70.87000477 28.34667947 14.50992688 0.23675736 0.05168681 1.46816835 0.29768151
89.73973321 23.96599247 18.39634187 0.32230935 0.06419699 0.72295396 0.28369801
62.44176818 30.90598958 14.73680714 0.16252420 0.06762178 1.79287088 0.95326837
87.80136800 26.75722292 17.67089241 0.28540904 0.06966672 0.63243529 0.38956645
88.27059362 21.30989889 17.98657961 0.30398551 0.05723014 0.45192216 0.25692059
39.10063669 4.87965599 2.64882163 0.04827408 0.12162739 0.47751592 0.47751592
57.87462857 9.47928400 4.76089571 0.09473971 0.19202986 0.94686571 0.94686571
76.73984918 25.22376349 18.42453558 0.27879826 0.05175783 0.69995681 0.48632838
27.13515386 1.94811270 1.30270481 0.01865951 0.07675683 0.17837885 0.17837885
65.87852616 29.34490621 15.23626846 0.16016801 0.05632701 1.79059624 0.99666559
20.72564337 0.37778263 0.58163488 0.00279597 0.05272116 0.01814108 0.01814108
61.96688761 33.41920675 14.23884837 0.17258281 0.07481015 1.79447342 1.22965316
88.44486416 21.21611330 18.19502059 0.30515223 0.05385536 0.54355814 0.28754332
54.28043015 8.59870539 4.35654839 0.08584406 0.17855161 0.85701075 0.85701075
40.04335908 5.11062297 2.75487790 0.05060731 0.12516260 0.50108398 0.50108398
107.39062104 15.64329430 17.78201419 0.22597391 0.06011322 1.72072762 0.17106491
86.33048210 23.74407102 17.34557001 0.30612040 0.06043836 0.83670494 0.38755133
61.69794522 31.50667675 14.50969637 0.16060772 0.06312415 1.81612185 0.89249109
