46.35600501 8.68049402 4.40000858 0.07676853 0.05645702 0.61065534 0.44136526
42.24927617 9.48472142 3.92746446 0.07377106 0.05820991 0.79464913 0.34344740
47.91303872 9.85978976 4.24486343 0.08008319 0.06931157 0.47545728 0.04430756
56.77926027 8.98896521 4.87789590 0.03105816 0.06983083 0.73243192 0.32999866
56.66985457 9.92869494 4.44671094 0.07822484 0.06062465 0.45372568 0.14228311
55.22229559 8.70137635 3.96766155 0.05757635 0.05697872 0.59869325 0.39707791
49.66282592 0.47959389 2.04414681 0.00205956 0.19159687 0.80884122 0.85649246
57.39135310 8.52040143 4.56282212 0.04976904 0.06386076 0.75004305 0.15286145
54.04127406 9.99050553 3.93862925 0.06671887 0.05124240 0.70577096 0.06971914
55.34387885 9.99975962 4.80338967 0.05848517 0.05786796 0.87995354 0.04004379
58.95898442 8.53689961 4.00726979 0.06403431 0.05396072 0.56751190 0.24813974
56.81359847 9.00569835 4.02087373 0.06301127 0.05771554 0.44071436 0.52920414
52.98469937 9.68633805 3.93245187 0.07689750 0.06851860 0.45197159 0.18550895
50.92664365 3.56848672 4.34378289 0.00696687 0.12084630 0.77327553 0.53093483
30.13218932 2.27779670 2.77534738 0.04301375 0.12459357 0.44975450 0.02832629
53.14718848 9.28826624 3.55645567 0.03401399 0.06060828 0.61283543 0.39339213
55.50497409 7.81391934 4.73780216 0.06016588 0.06357513 0.59387553 0.43739620
50.32436651 9.35410372 4.47863377 0.07120114 0.05715597 0.51753996 0.25568857
53.71554139 9.54676942 4.36807780 0.07431462 0.05091781 0.56339529 0.30508013
55.28677404 9.73715928 3.17855102 0.07436321 0.05619177 0.20193018 0.89450161
47.75081927 1.44043123 1.33544136 0.08249486 0.08301957 0.72513225 0.97848600
54.05982131 8.78854365 3.85680057 0.04237989 0.05507007 0.45245555 0.25304725
45.14088746 8.98100024 4.04033334 0.07572868 0.06428346 0.64511318 0.34789519
51.18502857 6.59572899 4.21963887 0.09442310 0.17968788 0.15355659 0.83145702
51.34882469 6.33663253 0.84742732 0.01437508 0.09963231 0.67048909 0.92994060
59.83435906 8.68803972 4.04115350 0.06503704 0.05104847 0.52541739 0.23621038
58.63430946 2.96735216 0.60307720 0.04152161 0.16071133 0.19500901 0.03805397
52.95322629 7.34374694 1.35065732 0.00287004 0.17008443 0.42891567 0.69138175
53.53855077 9.25971103 3.73406933 0.07675190 0.05728582 0.48635820 0.49182577
40.09985936 6.87794743 4.17553414 0.07561666 0.06927486 0.82944118 0.97460000
21.20508415 7.51235848 2.92166209 0.06277772 0.19821284 0.77368280 0.11994435
32.51125460 6.54195058 3.81631436 0.08664242 0.15679280 0.71041718 0.08177011
34.35473805 2.61151199 0.59396190 0.04812708 0.09922774 0.46675590 0.26287199
57.01285306 8.92385589 3.70642768 0.07531481 0.05530116 0.44698577 0.43721335
58.93408742 9.52404160 4.46316950 0.02533320 0.06277365 0.70335999 0.24515804
59.61223817 1.58971557 1.35352675 0.03027231 0.10785241 0.38831408 0.40435198
27.71554023 3.19744985 1.02308667 0.07578644 0.17256208 0.72408526 0.49065559
54.76051572 7.49373195 3.60871276 0.09473466 0.06426552 0.68821579 0.55529245
44.68503465 4.90939644 2.78842681 0.05476491 0.18011271 0.32591505 0.12006371
29.73718127 1.07675937 2.28345301 0.09194436 0.12687408 0.53695504 0.32816994
31.08898685 8.55290589 3.59068045 0.06723648 0.15296891 0.51250070 0.29048154
54.98133600 0.95602837 4.09518916 0.09276122 0.09822275 0.50834277 0.89312035
53.27917558 9.34150026 3.94812771 0.07891162 0.05527224 0.24288125 0.86248186
41.05155616 8.56400137 2.91996320 0.00384756 0.05076089 0.26896123 0.75057092
59.14665889 9.76543928 4.57079342 0.05317947 0.06457011 0.67386591 0.19549174
37.90558768 5.03123166 4.83423228 0.03675111 0.12476475 0.12923648 0.81792992
54.79020183 9.15028675 4.28292477 0.08076293 0.06907771 0.65455903 0.14124258
59.04694215 4.50826648 0.56809941 0.04905424 0.13301829 0.93696671 0.34688223
51.41644581 9.31759157 4.33008000 0.07780797 0.05643451 0.53955660 0.21781213
48.55365163 4.08224886 3.60553973 0.05240645 0.14107637 0.56185661 0.71102016
32.12822507 5.39810811 0.81816964 0.01587203 0.08145668 0.51333662 0.53608297
35.53905507 5.88813191 4.78988197 0.07760948 0.05873257 0.05349100 0.55975998
47.04542461 8.45859996 4.31456948 0.07384330 0.07143469 0.53006945 0.21154314
46.39769765 8.58624422 4.02748737 0.06746669 0.07779860 0.52528966 0.34439578
35.16092966 7.17512299 2.13108061 0.09649188 0.05276716 0.32819554 0.93876816
32.60951523 9.68701621 3.66659909 0.04070722 0.18353841 0.09783819 0.75901021
33.95019116 5.83308953 3.39880598 0.09103161 0.07512846 0.28515161 0.03688678
49.67728055 9.14577138 4.41351642 0.07477728 0.06019603 0.53313134 0.28034959
43.62294029 6.62016536 3.56408208 0.00355613 0.13060394 0.14908742 0.51030909
59.93225051 7.30455394 4.30033894 0.07363803 0.05007245 0.65895690 0.07716834
42.92458389 1.27019967 0.91496936 0.06575103 0.10964430 0.96630587 0.62295318
35.41443269 9.97975386 3.78739635 0.07797664 0.05645231 0.23210771 0.39081552
55.24401871 9.17339478 4.26352810 0.07816504 0.05478245 0.63117495 0.23288425
58.88993907 9.28480654 4.68162111 0.05715409 0.07244532 0.89924870 0.24944654
57.50274469 8.19332757 4.27520025 0.05755376 0.06449671 0.19371518 0.85274400
59.92214684 0.36819069 3.62989680 0.05432729 0.06063488 0.17587751 0.24657867
54.38553858 8.36887626 4.96154700 0.08636857 0.06040914 0.36626330 0.26188405
31.35958200 6.00165079 1.74676712 0.07307288 0.12486677 0.69903319 0.14136150
54.98016686 9.72872886 4.45777788 0.06884334 0.05268873 0.71468042 0.20781590
31.31207607 2.85365545 3.20295039 0.07165647 0.09891892 0.68439585 0.33034855
56.27488266 7.46711487 4.25084499 0.04103146 0.06293866 0.77293209 0.10911781
25.24786396 0.45785511 2.53322927 0.05017220 0.09250480 0.73086495 0.53886477
53.88887430 9.54799657 4.31877833 0.07295745 0.05785748 0.55662086 0.24907296
55.11782567 8.61099529 4.20978402 0.06258770 0.06220072 0.52714342 0.05477267
49.99150386 0.29966081 3.73917160 0.06397078 0.17101244 0.85549643 0.89628446
58.90682233 8.42467485 4.37919916 0.05744958 0.05201066 0.72948604 0.09820872
45.61895754 4.60918153 1.76341905 0.08695244 0.13150087 0.92887891 0.28518499
57.24379920 8.36544742 4.16518889 0.04295126 0.06880610 0.68946675 0.34864350
50.01668901 9.98785074 1.17213789 0.01728289 0.09750469 0.28257638 0.32042977
57.07024937 8.78210256 3.40831249 0.06225152 0.05302059 0.54644872 0.15617246
31.31477323 4.01501596 3.41017945 0.08376099 0.18247179 0.18686384 0.27689064
31.82799236 9.37586599 2.05058071 0.04674562 0.16661589 0.97476788 0.62957127
43.24819101 1.38377074 2.54979221 0.03789134 0.11052184 0.95655792 0.99780138
44.72479990 9.79314207 3.53321020 0.07633193 0.06140450 0.71541565 0.34343789
56.53657088 9.86112489 3.74750987 0.08649003 0.06287763 0.41345159 0.16378881
41.17574021 0.42123814 0.81199220 0.02383007 0.12741858 0.54905337 0.67412654
57.32293833 9.48615709 3.72668480 0.05933154 0.06238685 0.27530259 0.87506703
49.12549484 7.94716104 2.01717901 0.05834706 0.14175142 0.62222184 0.86599180
56.01434276 8.76846957 4.12493105 0.06663856 0.05115462 0.65730800 0.32188755
50.92031157 9.68685296 4.39165766 0.05214916 0.05870114 0.24016516 0.59243283
52.41736055 9.30059259 4.10835594 0.08424651 0.06027063 0.22578702 0.86446536
50.98253905 8.16494049 4.58652625 0.06906920 0.05717187 0.64613924 0.36225106
55.83900406 9.52867310 4.60624422 0.05925365 0.05002603 0.50996180 0.29845886
55.15059796 7.42534647 4.52473472 0.07008718 0.05214550 0.61338897 0.43519930
53.39837781 9.55658696 4.39905022 0.03131975 0.07197021 0.77211511 0.26788137
53.73381001 4.99781835 1.38499712 0.02857082 0.11523386 0.87383641 0.27991953
56.34223363 8.79905206 4.42731441 0.05900545 0.05177800 0.59433147 0.39763202
36.10299476 4.17328165 2.73094513 0.07840645 0.16066483 0.89868546 0.56692617
48.94063860 9.71693445 3.71959220 0.06104985 0.06274471 0.78188900 0.32864884
55.38613171 8.08867234 4.41548670 0.06047296 0.05690880 0.59564947 0.33912913
32.52255485 7.06838664 1.06524093 0.01174009 0.16823785 0.81159216 0.15517452
29.90038047 9.50897414 1.30460558 0.09151759 0.14431051 0.12694835 0.38487188
55.32446826 9.46856415 4.32008701 0.04418789 0.05688025 0.75060882 0.12660529
25.74498324 0.53595880 3.83342183 0.05967579 0.17743100 0.49634488 0.64945008
55.15650747 9.46855148 4.40689603 0.07985066 0.05463644 0.58790593 0.24762562
54.69840429 6.05146405 4.02460472 0.03967743 0.17258668 0.72858710 0.39488348
38.37676294 6.89358418 0.87196111 0.09137018 0.06610960 0.12386200 0.61077463
49.47791020 9.45041112 4.15550303 0.08508107 0.06045861 0.22544389 0.84885314
55.99789928 9.57558224 4.46695134 0.07465276 0.05665023 0.67297990 0.25195123
58.71408028 5.78135020 4.76677702 0.08411585 0.08249554 0.45756337 0.02806649
59.35304145 9.64954796 4.89587788 0.06303919 0.05428474 0.62935450 0.46635792
27.32780453 1.00394945 0.66085013 0.08139329 0.16591683 0.52917918 0.14989413
34.43356061 3.10765745 0.91121659 0.04765582 0.12314432 0.47984493 0.65566360
21.49985538 0.31342641 3.01527467 0.05823957 0.15453369 0.72736310 0.87452602
59.41651442 2.80793465 1.78407822 0.00185659 0.09245448 0.93867871 0.21970987
59.91731693 8.15491274 3.88550251 0.06955970 0.06784202 0.53224238 0.12215229
23.62390002 2.58099983 1.22097579 0.01407761 0.10550442 0.86350906 0.51342755
56.28536911 8.30697502 4.42701052 0.08409502 0.05869715 0.60312429 0.24220390
48.89165115 4.36782070 2.13803276 0.00511470 0.19845739 0.84426212 0.23316186
57.50115391 0.36492003 4.86322630 0.08757306 0.10384971 0.96138339 0.70837189
50.19772922 8.98595398 4.21941808 0.06011654 0.05143802 0.91546260 0.14236684
58.43109663 9.54234564 4.68829242 0.03192219 0.06992097 0.77835821 0.42455769
57.35849098 8.64999220 3.94073322 0.06750799 0.05770389 0.54966647 0.50228669
55.00385159 8.66591325 4.52040500 0.04035335 0.06858639 0.70245830 0.35535037
27.08040483 7.21678144 3.46788057 0.04404364 0.11739655 0.95137042 0.68048656
55.35469272 9.25679916 4.65482374 0.09215543 0.06429415 0.48707040 0.21879579
58.81188547 8.83253491 4.40243580 0.06155258 0.05764448 0.76101331 0.27231056
46.90393267 8.68228793 1.61681243 0.08292893 0.12446243 0.05748322 0.29349915
