74.59819656 31.12556907 14.22765763 0.23447377 0.07188043 1.50486897 0.34743135
99.40105669 22.37463107 19.87833241 0.31399985 0.05430060 0.88911768 0.17390127
32.80998248 3.33844571 1.94112303 0.03270471 0.09803743 0.32024956 0.32024956
28.39856025 2.25764726 1.44483803 0.02178644 0.08149460 0.20996401 0.20996401
82.93906808 24.71718288 17.35859238 0.29909408 0.05976454 0.95251879 0.30726946
99.41369890 22.15296151 19.30892898 0.28436886 0.05626167 0.52964632 0.35309112
87.32842445 23.61715734 17.93947580 0.31688188 0.05031682 0.38661400 0.31269017
20.69603030 0.37052742 0.57830341 0.00272267 0.05261011 0.01740076 0.01740076
51.04648380 7.80638853 3.99272943 0.07784005 0.16642431 0.77616210 0.77616210
88.61700970 21.72490741 18.08953786 0.30127316 0.06771141 1.12036110 0.24395731
85.74316137 23.66440713 17.31585866 0.29955704 0.05846014 1.03424587 0.36863807
74.83460487 30.17531153 14.16334474 0.23702063 0.06069524 1.41313100 0.54083827
90.48668136 22.96841493 19.92027610 0.32211842 0.06231822 0.37316576 0.40549111
76.00387564 30.43408447 14.41391466 0.24260386 0.06619654 1.62247573 0.43161884
29.50543385 2.52883129 1.56936131 0.02452595 0.08564538 0.23763585 0.23763585
81.46343657 26.30565709 13.52992215 0.26822391 0.05322253 1.67980398 0.33346990
75.58689920 29.82519446 14.35173407 0.24174476 0.05704572 1.62746601 0.35056583
96.09288830 23.43772226 19.73954699 0.30995981 0.06680948 0.77527082 0.41193265
76.00233077 30.41335194 14.46631633 0.24528610 0.05520084 1.33487286 0.46658683
89.31680572 23.49166051 17.83435306 0.32029900 0.07137995 0.44017850 0.28677388
90.38985757 22.30853094 17.93246893 0.30612791 0.05316046 1.12366603 0.28587136
46.54292398 6.70301638 3.48607895 0.06669374 0.14953596 0.66357310 0.66357310
70.22201916 27.76162761 18.44515643 0.27692618 0.06449001 0.82481431 0.93020180
29.90772011 2.62739143 1.61461851 0.02552161 0.08715395 0.24769300 0.24769300
83.36675953 24.12054350 17.34041329 0.29305955 0.06027849 0.95587097 0.41031580
95.11331656 22.66538395 19.43937417 0.29638376 0.05914822 0.53881640 0.38879816
85.89269380 23.41555244 17.64192966 0.29050653 0.05945133 0.96879066 0.35412699
73.36469151 30.44275274 15.08338801 0.23138257 0.05022039 1.62324363 0.42443570
75.44015538 29.70979153 14.96599791 0.24699960 0.06569370 1.31049820 0.51037570
70.13440570 30.56252993 14.48591095 0.23981218 0.05171914 1.59119340 0.45333922
89.74136247 22.89941151 17.95348080 0.31440305 0.06451112 0.44311605 0.32570473
85.58733684 23.01990326 17.17830712 0.28375173 0.05769871 0.96482208 0.33341706
87.47118621 22.86884681 17.83167256 0.30509497 0.05585467 0.78859411 0.30236564
91.62801946 21.10625436 19.32690961 0.29329908 0.05743967 0.24750197 0.22585488
96.87932684 23.33774229 19.63971888 0.31953723 0.06074939 0.67007209 0.31331169
97.16748063 22.24498754 17.61699888 0.30453322 0.06053005 1.09951664 0.27134061
54.10765649 8.55637584 4.33711135 0.08541645 0.17790371 0.85269141 0.85269141
40.18252973 5.14471978 2.77053459 0.05095176 0.12568449 0.50456324 0.50456324
74.73262440 30.40831109 14.65584574 0.25396620 0.07559838 1.55129747 0.24816305
99.66154710 21.15263692 19.15266565 0.29549517 0.05061444 0.55410723 0.38902264
51.51253023 7.92056991 4.04515965 0.07899351 0.16817199 0.78781326 0.78781326
37.09239652 4.38763715 2.42289461 0.04330368 0.11409649 0.42730991 0.42730991
88.42917965 23.33496207 17.54863620 0.28734498 0.05512389 0.94912562 0.45416283
92.37119407 25.03557651 20.01337724 0.30702205 0.05912731 0.79288598 0.22055481
36.57395115 4.26061803 2.36456950 0.04202053 0.11215232 0.41434878 0.41434878
29.48428132 2.52364892 1.56698165 0.02447360 0.08556605 0.23710703 0.23710703
87.35916992 23.38629417 19.35832054 0.31964962 0.06131165 0.57667041 0.46997729
102.69969334 21.71489421 19.51652840 0.28881157 0.06168195 0.47471738 0.33395872
93.99599213 22.87134555 18.88455742 0.28726698 0.06268455 0.47134089 0.36852358
93.17825780 23.15383405 18.42294166 0.31599102 0.06040919 0.82218338 0.37951720
54.82123380 8.73120228 4.41738880 0.08718255 0.18057963 0.87053084 0.87053084
83.43403523 23.71039825 17.66563492 0.29907621 0.06479881 1.07765590 0.40158115
41.21450804 5.39755447 2.88663215 0.05350591 0.12955441 0.53036270 0.53036270
92.59924056 23.57499933 18.99458837 0.29585633 0.05679759 0.47781473 0.33411804
90.77107032 22.95722484 18.68716008 0.29564019 0.05466935 0.50380797 0.40690279
89.77693104 22.76853367 18.18025299 0.29659439 0.05144421 0.60119189 0.17441977
75.89169112 29.19495910 14.42290715 0.22761932 0.07040547 1.54988343 0.36300573
96.67805036 22.67974292 18.53187580 0.31264308 0.06209877 0.44429261 0.27439039
52.37681762 8.13232032 4.14239198 0.08113262 0.17141307 0.80942044 0.80942044
74.93957326 29.00173741 14.61691147 0.23973446 0.05220923 1.52851184 0.39693050
91.04120156 22.48416249 18.02434512 0.29813746 0.06828848 1.11909644 0.38713072
87.86514117 22.93031723 19.65934300 0.31965821 0.06375033 0.63497393 0.49322350
42.44413054 5.69881198 3.02496469 0.05654922 0.13416549 0.56110326 0.56110326
98.02201177 24.81479780 19.93184734 0.30281008 0.05721046 0.83194704 0.23281797
48.66192639 7.22217197 3.72446672 0.07193827 0.15748222 0.71654816 0.71654816
100.32624645 21.80195660 19.07932724 0.28945664 0.05719840 0.51037154 0.33312991
23.00668203 0.93663710 0.83825173 0.00844154 0.06127506 0.07516705 0.07516705
72.68993337 28.48384336 14.22137413 0.26474899 0.05541262 1.75046865 0.40184625
74.97410226 27.93879464 14.22807338 0.27846913 0.07640777 1.65233530 0.45548157
58.70094577 9.68173171 4.85385640 0.09678484 0.19512855 0.96752364 0.96752364
31.55286046 3.03045081 1.79969680 0.02959333 0.09332323 0.28882151 0.28882151
64.58022586 30.35430096 15.78088589 0.16200922 0.07230988 1.65479951 1.11868102
100.43181588 23.44296565 20.09026595 0.30472085 0.06139912 0.63703498 0.35235037
74.66799722 29.89560515 15.17101279 0.23021557 0.05225101 1.32750942 0.51124859
26.58466796 1.81324365 1.24077515 0.01729705 0.07469250 0.16461670 0.16461670
78.67640339 25.05477397 17.84506202 0.28937494 0.06233317 0.77827494 0.63322099
54.98000724 8.77010177 4.43525081 0.08757552 0.18117503 0.87450018 0.87450018
23.71191745 1.10941978 0.91759071 0.01018700 0.06391969 0.09279794 0.09279794
71.97937059 26.11630698 18.02608271 0.29192571 0.05004163 0.79599585 0.55410465
62.29180693 30.39194584 16.07327957 0.15579705 0.05671403 1.80677060 1.14136654
80.12679567 21.57189272 18.27062183 0.27488345 0.06768819 0.97490655 0.50219406
92.51685158 22.44953511 20.54369238 0.32899911 0.05059812 0.40428379 0.33522845
31.84589852 3.10224514 1.83266358 0.03031860 0.09442212 0.29614746 0.29614746
80.14893356 22.84018977 17.38731974 0.30228161 0.05472772 1.07121532 0.39318701
74.06262291 28.77459397 14.16904597 0.27216027 0.07474833 1.72559834 0.43458408
74.18788644 29.18435108 15.37433961 0.23265941 0.06004064 1.47279106 0.52229327
86.18053185 22.91199272 19.48316950 0.33045367 0.07308735 0.70199898 0.49353055
63.73659815 29.64853638 15.81332087 0.15965783 0.06333250 1.73061334 1.11732482
75.16134147 26.94553062 18.64206022 0.29115681 0.05732258 0.86532611 0.66807177
58.68597177 9.67806308 4.85217182 0.09674778 0.19507239 0.96714929 0.96714929
40.63497976 5.25557004 2.82143522 0.05207157 0.12738117 0.51587449 0.51587449
84.48853789 22.80095695 17.81696232 0.31026241 0.05552059 1.25087233 0.25430668
30.75760229 2.83561256 1.71023026 0.02762507 0.09034101 0.26894006 0.26894006
82.63028334 23.08300696 17.86608427 0.32642165 0.07180840 0.48594300 0.46233122
91.06935829 21.82111240 17.89303965 0.30830798 0.06197594 1.06677446 0.33506900
73.39446663 27.58132347 17.90488182 0.29407235 0.05493375 0.79964102 0.71818705
97.20000726 24.55647464 18.38965790 0.31488001 0.06162869 0.53668289 0.30314539
80.85086206 24.23419627 17.74905260 0.30201423 0.05410703 1.00980465 0.29297890
99.42905461 21.80902532 19.21328993 0.29385843 0.05556669 0.47177903 0.42705069
86.36042471 22.01734732 18.57413160 0.32849258 0.05956419 0.43366452 0.46850969
50.97714065 7.78939946 3.98492832 0.07766842 0.16616428 0.77442852 0.77442852
47.54058853 6.94744419 3.59831621 0.06916296 0.15327721 0.68851471 0.68851471
38.65882510 4.77141215 2.59911782 0.04718059 0.11997059 0.46647063 0.46647063
68.67292851 30.78427973 14.62105671 0.22725750 0.05927842 1.49804344 0.33244233
88.41446232 24.15807491 17.36237813 0.29982890 0.05645191 1.12293571 0.22582228
78.07284644 30.00851335 14.76340153 0.25626035 0.05523534 1.42483566 0.36820287
78.65694264 25.30003519 17.82756321 0.26095139 0.05830495 0.67255000 0.73786304
76.50349251 29.88911124 14.76228907 0.25150216 0.08034969 1.37097845 0.47264261
87.98213075 24.00450496 17.51607457 0.30151178 0.05805357 1.05258249 0.42358456
98.18787048 22.91330711 19.68650905 0.31921117 0.05311183 0.77820018 0.35302464
31.53826813 3.02687569 1.79805516 0.02955721 0.09326851 0.28845670 0.28845670
25.82358831 1.62677914 1.15515369 0.01541338 0.07183846 0.14558971 0.14558971
60.69404889 31.31787178 15.22087618 0.17371684 0.05625362 1.70099544 0.88824401
98.71176819 23.73298247 20.00241142 0.31391350 0.05424566 0.72321798 0.29299674
54.39684899 8.62722800 4.36964551 0.08613220 0.17898818 0.85992122 0.85992122
45.49081816 6.44525045 3.36771704 0.06408977 0.14559057 0.63727045 0.63727045
75.38903673 30.93254441 14.63604619 0.23516184 0.05259975 1.41922066 0.55392177
86.21645600 22.70792832 19.32015540 0.32949415 0.05179068 0.62061219 0.50466735
59.21412290 9.80746011 4.91158883 0.09805495 0.19705296 0.98035307 0.98035307
94.38549490 22.95451328 17.46418172 0.30887031 0.05458721 1.10127680 0.27795347
56.49666450 9.14168280 4.60587476 0.09132924 0.18686249 0.91241661 0.91241661
86.27534620 22.94731666 17.96672153 0.30948518 0.05349624 1.07717024 0.34844685
77.59293367 30.14961522 14.83154737 0.25208450 0.05893391 1.31945707 0.54618083
87.95379725 23.59606131 19.63642710 0.32474584 0.06383494 0.54522410 0.43860321
58.79816655 9.70555080 4.86479374 0.09702546 0.19549312 0.96995416 0.96995416
58.54027941 31.19909089 15.50982074 0.18178059 0.06173337 1.71578841 0.97914592
78.24705353 29.18127603 14.50916494 0.23520304 0.06526705 1.56693377 0.38371555
98.01532175 24.30070602 19.77980927 0.31432278 0.05689416 0.78207503 0.36042860
