86.29099098 22.27998473 18.32135656 0.30947900 0.05289789 0.62131019 0.32320118
99.66932332 24.40230500 19.64871667 0.29843586 0.08012617 0.72994918 0.40381093
52.33878064 8.12300126 4.13811282 0.08103848 0.17127043 0.80846952 0.80846952
70.29336525 27.54546713 14.70103922 0.23534316 0.05432277 1.40605343 0.33925949
79.69624724 23.50593200 17.46195484 0.28458775 0.05611577 0.53853101 0.63223328
84.32197382 23.56219134 18.68401492 0.30939716 0.05590927 0.63942439 0.39322106
50.72361195 7.72728493 3.95640634 0.07704094 0.16521354 0.76809030 0.76809030
86.47859822 24.45780469 18.12285268 0.28079836 0.06135713 0.53842599 0.44493103
85.78789974 25.33013217 17.93263808 0.27072002 0.05873496 0.60997021 0.32639335
73.66537946 28.55263459 14.30249514 0.23884318 0.08109960 1.56040844 0.45196889
72.56247046 28.44379598 14.13851281 0.23611926 0.05825229 1.41995367 0.25415087
20.49903747 0.32226418 0.55614172 0.00223512 0.05187139 0.01247594 0.01247594
87.76712156 21.35472961 18.13014162 0.30649631 0.06069484 0.51871181 0.20689207
93.87674583 23.63317323 19.70835657 0.30982153 0.06489280 0.69639488 0.40356340
92.37574610 21.88872448 18.80638700 0.30332781 0.05310371 0.51373511 0.33779714
97.25398539 23.31251034 19.17874540 0.30041279 0.05446870 0.61121151 0.44407283
90.10423737 23.80514461 19.32341478 0.26628502 0.07505455 0.63476437 0.31558681
96.52852624 23.18913834 19.09295580 0.31258040 0.06487881 0.76341455 0.41537885
80.16226986 29.24796396 13.29515859 0.24468572 0.06733959 1.52133045 0.33775219
90.48016871 24.51833146 18.33495435 0.31409302 0.06072332 0.61554603 0.38986079
27.79724960 2.11032615 1.37719058 0.02029819 0.07923969 0.19493124 0.19493124
88.52813586 24.61400476 18.13983122 0.32034958 0.05859948 0.64410884 0.30912616
55.87949547 8.99047639 4.53644324 0.08980175 0.18454811 0.89698739 0.89698739
57.05467277 9.27839483 4.66865069 0.09271032 0.18895502 0.92636682 0.92636682
90.11366637 23.99987651 17.98802437 0.26862164 0.05264774 0.60844320 0.40065970
92.47350056 21.44317508 18.46101526 0.31516926 0.05912954 0.59283856 0.22148038
28.45828970 2.27228098 1.45155759 0.02193427 0.08171859 0.21145724 0.21145724
30.93514047 2.87910941 1.73020330 0.02806447 0.09100678 0.27337851 0.27337851
33.26030125 3.44877381 1.99178389 0.03381925 0.09972613 0.33150753 0.33150753
81.67734919 23.52815557 18.02348794 0.27595238 0.05788014 0.61486761 0.42578159
55.39008835 8.87057164 4.48138494 0.08859047 0.18271283 0.88475221 0.88475221
78.06158977 23.51647229 17.02107469 0.27956893 0.05445201 0.63464436 0.52298448
87.91271405 24.77184730 17.68662835 0.29425148 0.06643441 0.81743893 0.40574868
87.79400194 23.83690147 17.88943824 0.27721577 0.05169749 0.77928092 0.37537715
46.03709413 6.57908806 3.42917309 0.06544181 0.14763910 0.65092735 0.65092735
105.97126607 15.77751387 18.16758728 0.22367570 0.06160123 1.78353170 0.09995811
66.62237361 28.76052499 14.95521925 0.16119533 0.07229119 1.78529558 0.94542903
96.44462098 23.56527224 19.51704878 0.30908031 0.06259980 0.81266409 0.37601683
37.60059996 4.51214699 2.48006750 0.04456148 0.11600225 0.44001500 0.44001500
83.90313289 23.80004660 17.76379343 0.30547028 0.06640681 0.91698324 0.46973944
80.03755571 26.02709266 13.79889555 0.26607617 0.05533001 1.61931390 0.41328363
42.02463131 5.59603467 2.97777102 0.05551096 0.13259237 0.55061578 0.55061578
93.30647164 19.62577190 18.40055282 0.31402217 0.06214097 0.58565927 0.32984652
42.75972431 5.77613246 3.06046899 0.05733032 0.13534897 0.56899311 0.56899311
31.66972750 3.05908324 1.81284434 0.02988258 0.09376148 0.29174319 0.29174319
91.60859550 21.75574887 17.91349594 0.30868010 0.05386024 0.55164694 0.19531384
98.62010027 22.77021785 20.12475808 0.31180934 0.05872646 0.64302619 0.47254793
91.63529598 23.51742057 19.22884345 0.26350554 0.05203065 0.58006574 0.27140928
66.87424316 32.63887287 14.27212298 0.16505727 0.05436121 1.91308315 1.01529534
88.09972908 23.15581375 17.69896425 0.28175641 0.06199709 0.90696976 0.46923249
107.42631829 16.76217595 17.91439499 0.22483750 0.06538199 1.74039091 0.22463989
70.39837768 27.30880063 13.49589945 0.25486526 0.05851565 1.36941243 0.30765201
32.79479920 3.33472580 1.93941491 0.03266713 0.09798050 0.31986998 0.31986998
87.71799906 22.49068142 17.38163618 0.31972066 0.05448508 1.03932729 0.37838268
103.44860266 16.04609025 18.14997718 0.21343972 0.06078712 1.80162499 0.24493205
66.93739824 30.78200533 16.21988820 0.18417777 0.05558015 1.66376771 0.97089034
74.14145134 23.84340541 17.62577737 0.28643714 0.07207332 0.40075662 0.25960927
91.65273084 22.51874283 18.27928668 0.30837477 0.05826603 0.44025110 0.31726998
82.17900328 24.00713227 17.58403397 0.28147639 0.05671008 0.59227909 0.63465616
69.68422720 32.33818799 14.02737277 0.15234092 0.06706072 1.96017596 1.00339898
22.84211623 0.89631848 0.81973808 0.00803424 0.06065794 0.07105291 0.07105291
44.75734337 6.26554913 3.28520113 0.06227442 0.14284004 0.61893358 0.61893358
72.91011934 25.12626542 13.96270258 0.26490295 0.05567329 1.53875835 0.33586267
34.62868563 3.78402798 2.14572713 0.03720600 0.10485757 0.36571714 0.36571714
98.05238069 22.99452743 19.57453274 0.30158408 0.07089372 0.60918966 0.34669749
85.37287428 20.45591986 18.36827975 0.30622333 0.06011545 0.59971604 0.26805220
106.98502374 16.73042864 18.07756450 0.22232071 0.07071277 1.77587239 0.17892893
94.30383807 23.09432439 18.44702653 0.30130097 0.06222340 0.58903855 0.41503309
77.87406467 24.07407750 18.04711134 0.28443161 0.07458790 0.46908720 0.21898865
80.09110997 25.96502681 18.23898460 0.27403118 0.05696388 0.64612354 0.72044552
20.18548599 0.24544407 0.52086717 0.00145908 0.05069557 0.00463715 0.00463715
47.66907365 6.97892304 3.61277079 0.06948096 0.15375903 0.69172684 0.69172684
90.65305912 23.90385257 17.60356179 0.29431939 0.05860258 0.90100083 0.40722779
30.47749129 2.76698537 1.67871777 0.02693179 0.08929059 0.26193728 0.26193728
66.47791920 29.15255633 14.20752607 0.23961869 0.05209964 1.55748960 0.23880616
38.60150604 4.75736898 2.59266943 0.04703873 0.11975565 0.46503765 0.46503765
43.69237452 6.00463176 3.16539213 0.05963863 0.13884640 0.59230936 0.59230936
106.32151453 16.59708336 18.84018421 0.23726482 0.06298051 1.70292954 0.16941898
45.11897780 6.35414956 3.32588500 0.06316947 0.14419617 0.62797445 0.62797445
66.72076699 31.89087642 14.45860648 0.15417571 0.06628069 1.89250767 1.01671906
83.37855276 25.01510571 14.22296802 0.25877586 0.05836181 1.65874244 0.20339484
88.69128393 21.11579318 18.59563612 0.30594429 0.05523572 0.56962459 0.19523485
34.99706983 3.87428211 2.18717036 0.03811775 0.10623901 0.37492675 0.37492675
87.09616838 24.90346026 17.94348347 0.28890946 0.05014223 0.92201580 0.38491777
50.61903739 7.70166416 3.94464171 0.07678212 0.16482139 0.76547593 0.76547593
75.93165940 23.92989626 17.44023098 0.29336031 0.06635704 0.56895676 0.53813891
79.68582524 24.41362800 17.38713865 0.27573334 0.05043103 0.56665645 0.34226837
89.29118527 22.30348412 18.44975235 0.30366737 0.06762264 0.64096720 0.34280944
76.07515085 24.23210646 17.65682002 0.29492770 0.05517631 0.31602688 0.25718062
47.35355636 6.90162131 3.57727509 0.06870005 0.15257584 0.68383891 0.68383891
72.00311810 29.18033723 14.70610740 0.22599960 0.06300714 1.42180781 0.20942818
76.21846756 25.78658706 14.02277436 0.26267933 0.05562678 1.68393895 0.37434955
65.43953355 32.51112935 13.85645519 0.15456645 0.06280749 1.86623120 0.97945271
95.23558475 24.32233062 18.98202501 0.30729720 0.05148014 0.48921834 0.41088595
95.42407905 23.17756438 18.82834991 0.30059971 0.05529402 0.66872797 0.35131182
34.89736169 3.84985361 2.17595319 0.03787097 0.10586511 0.37243404 0.37243404
82.95911221 21.90989423 18.36481071 0.30463033 0.05857103 0.76475252 0.33586765
102.54765718 15.73984121 17.93639728 0.22674158 0.05144480 1.58556968 0.08277008
94.03367427 23.87138965 19.32601807 0.30568094 0.05706289 0.60864108 0.50886269
98.60151996 24.81111757 18.48249199 0.30465672 0.05198395 0.57148061 0.29980051
94.09773697 23.80740493 19.62456892 0.27704941 0.06570300 0.52993795 0.24253973
30.13116864 2.68213632 1.63975647 0.02607464 0.08799188 0.25327922 0.25327922
82.73430854 25.74011484 18.27156917 0.28533101 0.05624565 0.53744733 0.51151881
93.19308954 23.43848516 18.70401418 0.30738801 0.06034111 0.58827175 0.34220591
88.32654946 22.15822356 18.94713110 0.29437091 0.05165698 0.86102189 0.58240130
102.15295250 23.66841259 18.50448117 0.29349326 0.05235262 0.57805845 0.34721949
99.19341106 24.11559112 19.66321588 0.31676532 0.05402753 0.61101592 0.34646972
91.44154349 26.76481692 18.34079349 0.28823687 0.06068959 0.51406738 0.51107872
87.91480843 23.32669825 17.55081831 0.31032046 0.05902409 1.00399146 0.43975372
94.81709707 22.28039689 19.78044858 0.26940356 0.06038609 0.56939532 0.32031161
93.89161625 22.93461676 19.14039739 0.29792250 0.06868024 0.72388793 0.44511590
90.54462621 24.28596604 17.64441974 0.29665586 0.05131487 0.75882044 0.40430421
76.82844517 24.33325227 17.83588021 0.27685558 0.06152731 0.50502007 0.47689637
48.19849265 7.10863070 3.67233042 0.07079127 0.15574435 0.70496232 0.70496232
75.76347440 24.41733952 17.74830147 0.28953054 0.05493523 0.40702080 0.35440880
77.70165478 23.79284278 17.87845863 0.28362314 0.05631685 0.59675695 0.55017215
100.20716602 23.12045000 19.56871090 0.30428319 0.05743946 0.62817386 0.35093386
59.08288209 9.77530611 4.89682424 0.09773013 0.19656081 0.97707205 0.97707205
62.73051151 29.51902312 14.89094654 0.15828109 0.06771772 1.83120258 0.94650403
49.54001066 7.43730261 3.82325120 0.07411153 0.16077504 0.73850027 0.73850027
51.09447164 7.81814555 3.99812806 0.07795882 0.16660427 0.77736179 0.77736179
35.42728846 3.97968567 2.23556995 0.03918254 0.10785233 0.38568221 0.38568221
43.56761302 5.97406519 3.15135647 0.05932984 0.13837855 0.58919033 0.58919033
96.03093752 23.33550123 19.10358768 0.30921342 0.06793420 0.49587119 0.41719914
75.38964013 23.64209937 17.58971962 0.29103847 0.05922993 0.61533764 0.67951461
71.61799868 28.95450170 14.45401695 0.23826971 0.05169822 1.47002087 0.30531965
78.46367507 25.48155375 14.00170450 0.26784935 0.05523177 1.72913612 0.34105286
91.50574870 24.06565968 18.26637510 0.31172739 0.05041699 0.67704053 0.27873503
